0	625
0	625
0	625
0	625
0	625
1	625
1	625
1	625
1	625
1	625
2	625
2	625
2	625
2	625
2	625
3	625
3	625
3	625
3	625
3	625
4	625
4	625
4	625
4	625
4	625
5	625
5	625
5	625
5	625
5	625
6	625
6	625
6	625
6	625
6	625
7	625
7	625
7	625
7	625
7	625
8	625
8	625
8	625
8	625
8	625
9	625
9	625
9	625
9	625
9	625
10	625
10	625
10	625
10	625
10	625
11	625
11	625
11	625
11	625
11	625
12	625
12	625
12	625
12	625
12	625
13	625
13	625
13	625
13	625
13	625
14	625
14	625
14	625
14	625
14	625
15	625
15	625
15	625
15	625
15	625
16	625
16	625
16	625
16	625
16	625
17	625
17	625
17	625
17	625
17	625
18	625
18	625
18	625
18	625
18	625
19	625
19	625
19	625
19	625
19	625
20	625
20	625
20	625
20	625
20	625
21	625
21	625
21	625
21	625
21	625
22	625
22	625
22	625
22	625
22	625
23	625
23	625
23	625
23	625
23	625
24	625
24	625
24	625
24	625
24	625
25	625
25	625
25	625
25	625
25	625
26	625
26	625
26	625
26	625
26	625
27	625
27	625
27	625
27	625
27	625
28	625
28	625
28	625
28	625
28	625
29	625
29	625
29	625
29	625
29	625
30	625
30	625
30	625
30	625
30	625
31	625
31	625
31	625
31	625
31	625
32	625
32	625
32	625
32	625
32	625
33	625
33	625
33	625
33	625
33	625
34	625
34	625
34	625
34	625
34	625
35	625
35	625
35	625
35	625
35	625
36	625
36	625
36	625
36	625
36	625
37	625
37	625
37	625
37	625
37	625
38	625
38	625
38	625
38	625
38	625
39	625
39	625
39	625
39	625
39	625
40	625
40	625
40	625
40	625
40	625
41	625
41	625
41	625
41	625
41	625
42	625
42	625
42	625
42	625
42	625
43	625
43	625
43	625
43	625
43	625
44	625
44	625
44	625
44	625
44	625
45	625
45	625
45	625
45	625
45	625
46	625
46	625
46	625
46	625
46	625
47	625
47	625
47	625
47	625
47	625
48	625
48	625
48	625
48	625
48	625
49	625
49	625
49	625
49	625
49	625
50	625
50	625
50	625
50	625
50	625
51	625
51	625
51	625
51	625
51	625
52	625
52	625
52	625
52	625
52	625
53	625
53	625
53	625
53	625
53	625
54	625
54	625
54	625
54	625
54	625
55	625
55	625
55	625
55	625
55	625
56	625
56	625
56	625
56	625
56	625
57	625
57	625
57	625
57	625
57	625
58	625
58	625
58	625
58	625
58	625
59	625
59	625
59	625
59	625
59	625
60	625
60	625
60	625
60	625
60	625
61	625
61	625
61	625
61	625
61	625
62	625
62	625
62	625
62	625
62	625
63	625
63	625
63	625
63	625
63	625
64	625
64	625
64	625
64	625
64	625
65	625
65	625
65	625
65	625
65	625
66	625
66	625
66	625
66	625
66	625
67	625
67	625
67	625
67	625
67	625
68	625
68	625
68	625
68	625
68	625
69	625
69	625
69	625
69	625
69	625
70	625
70	625
70	625
70	625
70	625
71	625
71	625
71	625
71	625
71	625
72	625
72	625
72	625
72	625
72	625
73	625
73	625
73	625
73	625
73	625
74	625
74	625
74	625
74	625
74	625
75	625
75	625
75	625
75	625
75	625
76	625
76	625
76	625
76	625
76	625
77	625
77	625
77	625
77	625
77	625
78	625
78	625
78	625
78	625
78	625
79	625
79	625
79	625
79	625
79	625
80	625
80	625
80	625
80	625
80	625
81	625
81	625
81	625
81	625
81	625
82	625
82	625
82	625
82	625
82	625
83	625
83	625
83	625
83	625
83	625
84	625
84	625
84	625
84	625
84	625
85	625
85	625
85	625
85	625
85	625
86	625
86	625
86	625
86	625
86	625
87	625
87	625
87	625
87	625
87	625
88	625
88	625
88	625
88	625
88	625
89	625
89	625
89	625
89	625
89	625
90	625
90	625
90	625
90	625
90	625
91	625
91	625
91	625
91	625
91	625
92	625
92	625
92	625
92	625
92	625
93	625
93	625
93	625
93	625
93	625
94	625
94	625
94	625
94	625
94	625
95	625
95	625
95	625
95	625
95	625
96	625
96	625
96	625
96	625
96	625
97	625
97	625
97	625
97	625
97	625
98	625
98	625
98	625
98	625
98	625
99	625
99	625
99	625
99	625
99	625
100	625
100	625
100	625
100	625
100	625
101	625
101	625
101	625
101	625
101	625
102	625
102	625
102	625
102	625
102	625
103	625
103	625
103	625
103	625
103	625
104	625
104	625
104	625
104	625
104	625
105	625
105	625
105	625
105	625
105	625
106	625
106	625
106	625
106	625
106	625
107	625
107	625
107	625
107	625
107	625
108	625
108	625
108	625
108	625
108	625
109	625
109	625
109	625
109	625
109	625
110	625
110	625
110	625
110	625
110	625
111	625
111	625
111	625
111	625
111	625
112	625
112	625
112	625
112	625
112	625
113	625
113	625
113	625
113	625
113	625
114	625
114	625
114	625
114	625
114	625
115	625
115	625
115	625
115	625
115	625
116	625
116	625
116	625
116	625
116	625
117	625
117	625
117	625
117	625
117	625
118	625
118	625
118	625
118	625
118	625
119	625
119	625
119	625
119	625
119	625
120	625
120	625
120	625
120	625
120	625
121	625
121	625
121	625
121	625
121	625
122	625
122	625
122	625
122	625
122	625
123	625
123	625
123	625
123	625
123	625
124	625
124	625
124	625
124	625
124	625
125	625
125	625
125	625
125	625
125	625
126	625
126	625
126	625
126	625
126	625
127	625
127	625
127	625
127	625
127	625
128	625
128	625
128	625
128	625
128	625
129	625
129	625
129	625
129	625
129	625
130	625
130	625
130	625
130	625
130	625
131	625
131	625
131	625
131	625
131	625
132	625
132	625
132	625
132	625
132	625
133	625
133	625
133	625
133	625
133	625
134	625
134	625
134	625
134	625
134	625
135	625
135	625
135	625
135	625
135	625
136	625
136	625
136	625
136	625
136	625
137	625
137	625
137	625
137	625
137	625
138	625
138	625
138	625
138	625
138	625
139	625
139	625
139	625
139	625
139	625
140	625
140	625
140	625
140	625
140	625
141	625
141	625
141	625
141	625
141	625
142	625
142	625
142	625
142	625
142	625
143	625
143	625
143	625
143	625
143	625
144	625
144	625
144	625
144	625
144	625
145	625
145	625
145	625
145	625
145	625
146	625
146	625
146	625
146	625
146	625
147	625
147	625
147	625
147	625
147	625
148	625
148	625
148	625
148	625
148	625
149	625
149	625
149	625
149	625
149	625
150	625
150	625
150	625
150	625
150	625
151	625
151	625
151	625
151	625
151	625
152	625
152	625
152	625
152	625
152	625
153	625
153	625
153	625
153	625
153	625
154	625
154	625
154	625
154	625
154	625
155	625
155	625
155	625
155	625
155	625
156	625
156	625
156	625
156	625
156	625
157	625
157	625
157	625
157	625
157	625
158	625
158	625
158	625
158	625
158	625
159	625
159	625
159	625
159	625
159	625
160	625
160	625
160	625
160	625
160	625
161	625
161	625
161	625
161	625
161	625
162	625
162	625
162	625
162	625
162	625
163	625
163	625
163	625
163	625
163	625
164	625
164	625
164	625
164	625
164	625
165	625
165	625
165	625
165	625
165	625
166	625
166	625
166	625
166	625
166	625
167	625
167	625
167	625
167	625
167	625
168	625
168	625
168	625
168	625
168	625
169	625
169	625
169	625
169	625
169	625
170	625
170	625
170	625
170	625
170	625
171	625
171	625
171	625
171	625
171	625
172	625
172	625
172	625
172	625
172	625
173	625
173	625
173	625
173	625
173	625
174	625
174	625
174	625
174	625
174	625
175	625
175	625
175	625
175	625
175	625
176	625
176	625
176	625
176	625
176	625
177	625
177	625
177	625
177	625
177	625
178	625
178	625
178	625
178	625
178	625
179	625
179	625
179	625
179	625
179	625
180	625
180	625
180	625
180	625
180	625
181	625
181	625
181	625
181	625
181	625
182	625
182	625
182	625
182	625
182	625
183	625
183	625
183	625
183	625
183	625
184	625
184	625
184	625
184	625
184	625
185	625
185	625
185	625
185	625
185	625
186	625
186	625
186	625
186	625
186	625
187	625
187	625
187	625
187	625
187	625
188	625
188	625
188	625
188	625
188	625
189	625
189	625
189	625
189	625
189	625
190	625
190	625
190	625
190	625
190	625
191	625
191	625
191	625
191	625
191	625
192	625
192	625
192	625
192	625
192	625
193	625
193	625
193	625
193	625
193	625
194	625
194	625
194	625
194	625
194	625
195	625
195	625
195	625
195	625
195	625
196	625
196	625
196	625
196	625
196	625
197	625
197	625
197	625
197	625
197	625
198	625
198	625
198	625
198	625
198	625
199	625
199	625
199	625
199	625
199	625
200	625
200	625
200	625
200	625
200	625
201	625
201	625
201	625
201	625
201	625
202	625
202	625
202	625
202	625
202	625
203	625
203	625
203	625
203	625
203	625
204	625
204	625
204	625
204	625
204	625
205	625
205	625
205	625
205	625
205	625
206	625
206	625
206	625
206	625
206	625
207	625
207	625
207	625
207	625
207	625
208	625
208	625
208	625
208	625
208	625
209	625
209	625
209	625
209	625
209	625
210	625
210	625
210	625
210	625
210	625
211	625
211	625
211	625
211	625
211	625
212	625
212	625
212	625
212	625
212	625
213	625
213	625
213	625
213	625
213	625
214	625
214	625
214	625
214	625
214	625
215	625
215	625
215	625
215	625
215	625
216	625
216	625
216	625
216	625
216	625
217	625
217	625
217	625
217	625
217	625
218	625
218	625
218	625
218	625
218	625
219	625
219	625
219	625
219	625
219	625
220	625
220	625
220	625
220	625
220	625
221	625
221	625
221	625
221	625
221	625
222	625
222	625
222	625
222	625
222	625
223	625
223	625
223	625
223	625
223	625
224	625
224	625
224	625
224	625
224	625
225	625
225	625
225	625
225	625
225	625
226	625
226	625
226	625
226	625
226	625
227	625
227	625
227	625
227	625
227	625
228	625
228	625
228	625
228	625
228	625
229	625
229	625
229	625
229	625
229	625
230	625
230	625
230	625
230	625
230	625
231	625
231	625
231	625
231	625
231	625
232	625
232	625
232	625
232	625
232	625
233	625
233	625
233	625
233	625
233	625
234	625
234	625
234	625
234	625
234	625
235	625
235	625
235	625
235	625
235	625
236	625
236	625
236	625
236	625
236	625
237	625
237	625
237	625
237	625
237	625
238	625
238	625
238	625
238	625
238	625
239	625
239	625
239	625
239	625
239	625
240	625
240	625
240	625
240	625
240	625
241	625
241	625
241	625
241	625
241	625
242	625
242	625
242	625
242	625
242	625
243	625
243	625
243	625
243	625
243	625
244	625
244	625
244	625
244	625
244	625
245	625
245	625
245	625
245	625
245	625
246	625
246	625
246	625
246	625
246	625
247	625
247	625
247	625
247	625
247	625
248	625
248	625
248	625
248	625
248	625
249	625
249	625
249	625
249	625
249	625
250	625
250	625
250	625
250	625
250	625
251	625
251	625
251	625
251	625
251	625
252	625
252	625
252	625
252	625
252	625
253	625
253	625
253	625
253	625
253	625
254	625
254	625
254	625
254	625
254	625
255	625
255	625
255	625
255	625
255	625
256	625
256	625
256	625
256	625
256	625
257	625
257	625
257	625
257	625
257	625
258	625
258	625
258	625
258	625
258	625
259	625
259	625
259	625
259	625
259	625
260	625
260	625
260	625
260	625
260	625
261	625
261	625
261	625
261	625
261	625
262	625
262	625
262	625
262	625
262	625
263	625
263	625
263	625
263	625
263	625
264	625
264	625
264	625
264	625
264	625
265	625
265	625
265	625
265	625
265	625
266	625
266	625
266	625
266	625
266	625
267	625
267	625
267	625
267	625
267	625
268	625
268	625
268	625
268	625
268	625
269	625
269	625
269	625
269	625
269	625
270	625
270	625
270	625
270	625
270	625
271	625
271	625
271	625
271	625
271	625
272	625
272	625
272	625
272	625
272	625
273	625
273	625
273	625
273	625
273	625
274	625
274	625
274	625
274	625
274	625
275	625
275	625
275	625
275	625
275	625
276	625
276	625
276	625
276	625
276	625
277	625
277	625
277	625
277	625
277	625
278	625
278	625
278	625
278	625
278	625
279	625
279	625
279	625
279	625
279	625
280	625
280	625
280	625
280	625
280	625
281	625
281	625
281	625
281	625
281	625
282	625
282	625
282	625
282	625
282	625
283	625
283	625
283	625
283	625
283	625
284	625
284	625
284	625
284	625
284	625
285	625
285	625
285	625
285	625
285	625
286	625
286	625
286	625
286	625
286	625
287	625
287	625
287	625
287	625
287	625
288	625
288	625
288	625
288	625
288	625
289	625
289	625
289	625
289	625
289	625
290	625
290	625
290	625
290	625
290	625
291	625
291	625
291	625
291	625
291	625
292	625
292	625
292	625
292	625
292	625
293	625
293	625
293	625
293	625
293	625
294	625
294	625
294	625
294	625
294	625
295	625
295	625
295	625
295	625
295	625
296	625
296	625
296	625
296	625
296	625
297	625
297	625
297	625
297	625
297	625
298	625
298	625
298	625
298	625
298	625
299	625
299	625
299	625
299	625
299	625
300	625
300	625
300	625
300	625
300	625
301	625
301	625
301	625
301	625
301	625
302	625
302	625
302	625
302	625
302	625
303	625
303	625
303	625
303	625
303	625
304	625
304	625
304	625
304	625
304	625
305	625
305	625
305	625
305	625
305	625
306	625
306	625
306	625
306	625
306	625
307	625
307	625
307	625
307	625
307	625
308	625
308	625
308	625
308	625
308	625
309	625
309	625
309	625
309	625
309	625
310	625
310	625
310	625
310	625
310	625
311	625
311	625
311	625
311	625
311	625
312	625
312	625
312	625
312	625
312	625
313	625
313	625
313	625
313	625
313	625
314	625
314	625
314	625
314	625
314	625
315	625
315	625
315	625
315	625
315	625
316	625
316	625
316	625
316	625
316	625
317	625
317	625
317	625
317	625
317	625
318	625
318	625
318	625
318	625
318	625
319	625
319	625
319	625
319	625
319	625
320	625
320	625
320	625
320	625
320	625
321	625
321	625
321	625
321	625
321	625
322	625
322	625
322	625
322	625
322	625
323	625
323	625
323	625
323	625
323	625
324	625
324	625
324	625
324	625
324	625
325	625
325	625
325	625
325	625
325	625
326	625
326	625
326	625
326	625
326	625
327	625
327	625
327	625
327	625
327	625
328	625
328	625
328	625
328	625
328	625
329	625
329	625
329	625
329	625
329	625
330	625
330	625
330	625
330	625
330	625
331	625
331	625
331	625
331	625
331	625
332	625
332	625
332	625
332	625
332	625
333	625
333	625
333	625
333	625
333	625
334	625
334	625
334	625
334	625
334	625
335	625
335	625
335	625
335	625
335	625
336	625
336	625
336	625
336	625
336	625
337	625
337	625
337	625
337	625
337	625
338	625
338	625
338	625
338	625
338	625
339	625
339	625
339	625
339	625
339	625
340	625
340	625
340	625
340	625
340	625
341	625
341	625
341	625
341	625
341	625
342	625
342	625
342	625
342	625
342	625
343	625
343	625
343	625
343	625
343	625
344	625
344	625
344	625
344	625
344	625
345	625
345	625
345	625
345	625
345	625
346	625
346	625
346	625
346	625
346	625
347	625
347	625
347	625
347	625
347	625
348	625
348	625
348	625
348	625
348	625
349	625
349	625
349	625
349	625
349	625
350	625
350	625
350	625
350	625
350	625
351	625
351	625
351	625
351	625
351	625
352	625
352	625
352	625
352	625
352	625
353	625
353	625
353	625
353	625
353	625
354	625
354	625
354	625
354	625
354	625
355	625
355	625
355	625
355	625
355	625
356	625
356	625
356	625
356	625
356	625
357	625
357	625
357	625
357	625
357	625
358	625
358	625
358	625
358	625
358	625
359	625
359	625
359	625
359	625
359	625
360	625
360	625
360	625
360	625
360	625
361	625
361	625
361	625
361	625
361	625
362	625
362	625
362	625
362	625
362	625
363	625
363	625
363	625
363	625
363	625
364	625
364	625
364	625
364	625
364	625
365	625
365	625
365	625
365	625
365	625
366	625
366	625
366	625
366	625
366	625
367	625
367	625
367	625
367	625
367	625
368	625
368	625
368	625
368	625
368	625
369	625
369	625
369	625
369	625
369	625
370	625
370	625
370	625
370	625
370	625
371	625
371	625
371	625
371	625
371	625
372	625
372	625
372	625
372	625
372	625
373	625
373	625
373	625
373	625
373	625
374	625
374	625
374	625
374	625
374	625
375	625
375	625
375	625
375	625
375	625
376	625
376	625
376	625
376	625
376	625
377	625
377	625
377	625
377	625
377	625
378	625
378	625
378	625
378	625
378	625
379	625
379	625
379	625
379	625
379	625
380	625
380	625
380	625
380	625
380	625
381	625
381	625
381	625
381	625
381	625
382	625
382	625
382	625
382	625
382	625
383	625
383	625
383	625
383	625
383	625
384	625
384	625
384	625
384	625
384	625
385	625
385	625
385	625
385	625
385	625
386	625
386	625
386	625
386	625
386	625
387	625
387	625
387	625
387	625
387	625
388	625
388	625
388	625
388	625
388	625
389	625
389	625
389	625
389	625
389	625
390	625
390	625
390	625
390	625
390	625
391	625
391	625
391	625
391	625
391	625
392	625
392	625
392	625
392	625
392	625
393	625
393	625
393	625
393	625
393	625
394	625
394	625
394	625
394	625
394	625
395	625
395	625
395	625
395	625
395	625
396	625
396	625
396	625
396	625
396	625
397	625
397	625
397	625
397	625
397	625
398	625
398	625
398	625
398	625
398	625
399	625
399	625
399	625
399	625
399	625
400	625
400	625
400	625
400	625
400	625
401	625
401	625
401	625
401	625
401	625
402	625
402	625
402	625
402	625
402	625
403	625
403	625
403	625
403	625
403	625
404	625
404	625
404	625
404	625
404	625
405	625
405	625
405	625
405	625
405	625
406	625
406	625
406	625
406	625
406	625
407	625
407	625
407	625
407	625
407	625
408	625
408	625
408	625
408	625
408	625
409	625
409	625
409	625
409	625
409	625
410	625
410	625
410	625
410	625
410	625
411	625
411	625
411	625
411	625
411	625
412	625
412	625
412	625
412	625
412	625
413	625
413	625
413	625
413	625
413	625
414	625
414	625
414	625
414	625
414	625
415	625
415	625
415	625
415	625
415	625
416	625
416	625
416	625
416	625
416	625
417	625
417	625
417	625
417	625
417	625
418	625
418	625
418	625
418	625
418	625
419	625
419	625
419	625
419	625
419	625
420	625
420	625
420	625
420	625
420	625
421	625
421	625
421	625
421	625
421	625
422	625
422	625
422	625
422	625
422	625
423	625
423	625
423	625
423	625
423	625
424	625
424	625
424	625
424	625
424	625
425	625
425	625
425	625
425	625
425	625
426	625
426	625
426	625
426	625
426	625
427	625
427	625
427	625
427	625
427	625
428	625
428	625
428	625
428	625
428	625
429	625
429	625
429	625
429	625
429	625
430	625
430	625
430	625
430	625
430	625
431	625
431	625
431	625
431	625
431	625
432	625
432	625
432	625
432	625
432	625
433	625
433	625
433	625
433	625
433	625
434	625
434	625
434	625
434	625
434	625
435	625
435	625
435	625
435	625
435	625
436	625
436	625
436	625
436	625
436	625
437	625
437	625
437	625
437	625
437	625
438	625
438	625
438	625
438	625
438	625
439	625
439	625
439	625
439	625
439	625
440	625
440	625
440	625
440	625
440	625
441	625
441	625
441	625
441	625
441	625
442	625
442	625
442	625
442	625
442	625
443	625
443	625
443	625
443	625
443	625
444	625
444	625
444	625
444	625
444	625
445	625
445	625
445	625
445	625
445	625
446	625
446	625
446	625
446	625
446	625
447	625
447	625
447	625
447	625
447	625
448	625
448	625
448	625
448	625
448	625
449	625
449	625
449	625
449	625
449	625
450	625
450	625
450	625
450	625
450	625
451	625
451	625
451	625
451	625
451	625
452	625
452	625
452	625
452	625
452	625
453	625
453	625
453	625
453	625
453	625
454	625
454	625
454	625
454	625
454	625
455	625
455	625
455	625
455	625
455	625
456	625
456	625
456	625
456	625
456	625
457	625
457	625
457	625
457	625
457	625
458	625
458	625
458	625
458	625
458	625
459	625
459	625
459	625
459	625
459	625
460	625
460	625
460	625
460	625
460	625
461	625
461	625
461	625
461	625
461	625
462	625
462	625
462	625
462	625
462	625
463	625
463	625
463	625
463	625
463	625
464	625
464	625
464	625
464	625
464	625
465	625
465	625
465	625
465	625
465	625
466	625
466	625
466	625
466	625
466	625
467	625
467	625
467	625
467	625
467	625
468	625
468	625
468	625
468	625
468	625
469	625
469	625
469	625
469	625
469	625
470	625
470	625
470	625
470	625
470	625
471	625
471	625
471	625
471	625
471	625
472	625
472	625
472	625
472	625
472	625
473	625
473	625
473	625
473	625
473	625
474	625
474	625
474	625
474	625
474	625
475	625
475	625
475	625
475	625
475	625
476	625
476	625
476	625
476	625
476	625
477	625
477	625
477	625
477	625
477	625
478	625
478	625
478	625
478	625
478	625
479	625
479	625
479	625
479	625
479	625
480	625
480	625
480	625
480	625
480	625
481	625
481	625
481	625
481	625
481	625
482	625
482	625
482	625
482	625
482	625
483	625
483	625
483	625
483	625
483	625
484	625
484	625
484	625
484	625
484	625
485	625
485	625
485	625
485	625
485	625
486	625
486	625
486	625
486	625
486	625
487	625
487	625
487	625
487	625
487	625
488	625
488	625
488	625
488	625
488	625
489	625
489	625
489	625
489	625
489	625
490	625
490	625
490	625
490	625
490	625
491	625
491	625
491	625
491	625
491	625
492	625
492	625
492	625
492	625
492	625
493	625
493	625
493	625
493	625
493	625
494	625
494	625
494	625
494	625
494	625
495	625
495	625
495	625
495	625
495	625
496	625
496	625
496	625
496	625
496	625
497	625
497	625
497	625
497	625
497	625
498	625
498	625
498	625
498	625
498	625
499	625
499	625
499	625
499	625
499	625
500	625
500	625
500	625
500	625
500	625
501	625
501	625
501	625
501	625
501	625
502	625
502	625
502	625
502	625
502	625
503	625
503	625
503	625
503	625
503	625
504	625
504	625
504	625
504	625
504	625
505	625
505	625
505	625
505	625
505	625
506	625
506	625
506	625
506	625
506	625
507	625
507	625
507	625
507	625
507	625
508	625
508	625
508	625
508	625
508	625
509	625
509	625
509	625
509	625
509	625
510	625
510	625
510	625
510	625
510	625
511	625
511	625
511	625
511	625
511	625
512	625
512	625
512	625
512	625
512	625
513	625
513	625
513	625
513	625
513	625
514	625
514	625
514	625
514	625
514	625
515	625
515	625
515	625
515	625
515	625
516	625
516	625
516	625
516	625
516	625
517	625
517	625
517	625
517	625
517	625
518	625
518	625
518	625
518	625
518	625
519	625
519	625
519	625
519	625
519	625
520	625
520	625
520	625
520	625
520	625
521	625
521	625
521	625
521	625
521	625
522	625
522	625
522	625
522	625
522	625
523	625
523	625
523	625
523	625
523	625
524	625
524	625
524	625
524	625
524	625
525	625
525	625
525	625
525	625
525	625
526	625
526	625
526	625
526	625
526	625
527	625
527	625
527	625
527	625
527	625
528	625
528	625
528	625
528	625
528	625
529	625
529	625
529	625
529	625
529	625
530	625
530	625
530	625
530	625
530	625
531	625
531	625
531	625
531	625
531	625
532	625
532	625
532	625
532	625
532	625
533	625
533	625
533	625
533	625
533	625
534	625
534	625
534	625
534	625
534	625
535	625
535	625
535	625
535	625
535	625
536	625
536	625
536	625
536	625
536	625
537	625
537	625
537	625
537	625
537	625
538	625
538	625
538	625
538	625
538	625
539	625
539	625
539	625
539	625
539	625
540	625
540	625
540	625
540	625
540	625
541	625
541	625
541	625
541	625
541	625
542	625
542	625
542	625
542	625
542	625
543	625
543	625
543	625
543	625
543	625
544	625
544	625
544	625
544	625
544	625
545	625
545	625
545	625
545	625
545	625
546	625
546	625
546	625
546	625
546	625
547	625
547	625
547	625
547	625
547	625
548	625
548	625
548	625
548	625
548	625
549	625
549	625
549	625
549	625
549	625
550	625
550	625
550	625
550	625
550	625
551	625
551	625
551	625
551	625
551	625
552	625
552	625
552	625
552	625
552	625
553	625
553	625
553	625
553	625
553	625
554	625
554	625
554	625
554	625
554	625
555	625
555	625
555	625
555	625
555	625
556	625
556	625
556	625
556	625
556	625
557	625
557	625
557	625
557	625
557	625
558	625
558	625
558	625
558	625
558	625
559	625
559	625
559	625
559	625
559	625
560	625
560	625
560	625
560	625
560	625
561	625
561	625
561	625
561	625
561	625
562	625
562	625
562	625
562	625
562	625
563	625
563	625
563	625
563	625
563	625
564	625
564	625
564	625
564	625
564	625
565	625
565	625
565	625
565	625
565	625
566	625
566	625
566	625
566	625
566	625
567	625
567	625
567	625
567	625
567	625
568	625
568	625
568	625
568	625
568	625
569	625
569	625
569	625
569	625
569	625
570	625
570	625
570	625
570	625
570	625
571	625
571	625
571	625
571	625
571	625
572	625
572	625
572	625
572	625
572	625
573	625
573	625
573	625
573	625
573	625
574	625
574	625
574	625
574	625
574	625
575	625
575	625
575	625
575	625
575	625
576	625
576	625
576	625
576	625
576	625
577	625
577	625
577	625
577	625
577	625
578	625
578	625
578	625
578	625
578	625
579	625
579	625
579	625
579	625
579	625
580	625
580	625
580	625
580	625
580	625
581	625
581	625
581	625
581	625
581	625
582	625
582	625
582	625
582	625
582	625
583	625
583	625
583	625
583	625
583	625
584	625
584	625
584	625
584	625
584	625
585	625
585	625
585	625
585	625
585	625
586	625
586	625
586	625
586	625
586	625
587	625
587	625
587	625
587	625
587	625
588	625
588	625
588	625
588	625
588	625
589	625
589	625
589	625
589	625
589	625
590	625
590	625
590	625
590	625
590	625
591	625
591	625
591	625
591	625
591	625
592	625
592	625
592	625
592	625
592	625
593	625
593	625
593	625
593	625
593	625
594	625
594	625
594	625
594	625
594	625
595	625
595	625
595	625
595	625
595	625
596	625
596	625
596	625
596	625
596	625
597	625
597	625
597	625
597	625
597	625
598	625
598	625
598	625
598	625
598	625
599	625
599	625
599	625
599	625
599	625
600	625
600	625
600	625
600	625
600	625
601	625
601	625
601	625
601	625
601	625
602	625
602	625
602	625
602	625
602	625
603	625
603	625
603	625
603	625
603	625
604	625
604	625
604	625
604	625
604	625
605	625
605	625
605	625
605	625
605	625
606	625
606	625
606	625
606	625
606	625
607	625
607	625
607	625
607	625
607	625
608	625
608	625
608	625
608	625
608	625
609	625
609	625
609	625
609	625
609	625
610	625
610	625
610	625
610	625
610	625
611	625
611	625
611	625
611	625
611	625
612	625
612	625
612	625
612	625
612	625
613	625
613	625
613	625
613	625
613	625
614	625
614	625
614	625
614	625
614	625
615	625
615	625
615	625
615	625
615	625
616	625
616	625
616	625
616	625
616	625
617	625
617	625
617	625
617	625
617	625
618	625
618	625
618	625
618	625
618	625
619	625
619	625
619	625
619	625
619	625
620	625
620	625
620	625
620	625
620	625
621	625
621	625
621	625
621	625
621	625
622	625
622	625
622	625
622	625
622	625
623	625
623	625
623	625
623	625
623	625
624	625
624	625
624	625
624	625
624	625
625	625
625	625
625	625
625	625
625	625
626	625
626	625
626	625
626	625
626	625
627	625
627	625
627	625
627	625
627	625
628	625
628	625
628	625
628	625
628	625
629	625
629	625
629	625
629	625
629	625
630	625
630	625
630	625
630	625
630	625
631	625
631	625
631	625
631	625
631	625
632	625
632	625
632	625
632	625
632	625
633	625
633	625
633	625
633	625
633	625
634	625
634	625
634	625
634	625
634	625
635	625
635	625
635	625
635	625
635	625
636	625
636	625
636	625
636	625
636	625
637	625
637	625
637	625
637	625
637	625
638	625
638	625
638	625
638	625
638	625
639	625
639	625
639	625
639	625
639	625
640	625
640	625
640	625
640	625
640	625
641	625
641	625
641	625
641	625
641	625
642	625
642	625
642	625
642	625
642	625
643	625
643	625
643	625
643	625
643	625
644	625
644	625
644	625
644	625
644	625
645	625
645	625
645	625
645	625
645	625
646	625
646	625
646	625
646	625
646	625
647	625
647	625
647	625
647	625
647	625
648	625
648	625
648	625
648	625
648	625
649	625
649	625
649	625
649	625
649	625
650	625
650	625
650	625
650	625
650	625
651	625
651	625
651	625
651	625
651	625
652	625
652	625
652	625
652	625
652	625
653	625
653	625
653	625
653	625
653	625
654	625
654	625
654	625
654	625
654	625
655	625
655	625
655	625
655	625
655	625
656	625
656	625
656	625
656	625
656	625
657	625
657	625
657	625
657	625
657	625
658	625
658	625
658	625
658	625
658	625
659	625
659	625
659	625
659	625
659	625
660	625
660	625
660	625
660	625
660	625
661	625
661	625
661	625
661	625
661	625
662	625
662	625
662	625
662	625
662	625
663	625
663	625
663	625
663	625
663	625
664	625
664	625
664	625
664	625
664	625
665	625
665	625
665	625
665	625
665	625
666	625
666	625
666	625
666	625
666	625
667	625
667	625
667	625
667	625
667	625
668	625
668	625
668	625
668	625
668	625
669	625
669	625
669	625
669	625
669	625
670	625
670	625
670	625
670	625
670	625
671	625
671	625
671	625
671	625
671	625
672	625
672	625
672	625
672	625
672	625
673	625
673	625
673	625
673	625
673	625
674	625
674	625
674	625
674	625
674	625
675	625
675	625
675	625
675	625
675	625
676	625
676	625
676	625
676	625
676	625
677	625
677	625
677	625
677	625
677	625
678	625
678	625
678	625
678	625
678	625
679	625
679	625
679	625
679	625
679	625
680	625
680	625
680	625
680	625
680	625
681	625
681	625
681	625
681	625
681	625
682	625
682	625
682	625
682	625
682	625
683	625
683	625
683	625
683	625
683	625
684	625
684	625
684	625
684	625
684	625
685	625
685	625
685	625
685	625
685	625
686	625
686	625
686	625
686	625
686	625
687	625
687	625
687	625
687	625
687	625
688	625
688	625
688	625
688	625
688	625
689	625
689	625
689	625
689	625
689	625
690	625
690	625
690	625
690	625
690	625
691	625
691	625
691	625
691	625
691	625
692	625
692	625
692	625
692	625
692	625
693	625
693	625
693	625
693	625
693	625
694	625
694	625
694	625
694	625
694	625
695	625
695	625
695	625
695	625
695	625
696	625
696	625
696	625
696	625
696	625
697	625
697	625
697	625
697	625
697	625
698	625
698	625
698	625
698	625
698	625
699	625
699	625
699	625
699	625
699	625
700	625
700	625
700	625
700	625
700	625
701	625
701	625
701	625
701	625
701	625
702	625
702	625
702	625
702	625
702	625
703	625
703	625
703	625
703	625
703	625
704	625
704	625
704	625
704	625
704	625
705	625
705	625
705	625
705	625
705	625
706	625
706	625
706	625
706	625
706	625
707	625
707	625
707	625
707	625
707	625
708	625
708	625
708	625
708	625
708	625
709	625
709	625
709	625
709	625
709	625
710	625
710	625
710	625
710	625
710	625
711	625
711	625
711	625
711	625
711	625
712	625
712	625
712	625
712	625
712	625
713	625
713	625
713	625
713	625
713	625
714	625
714	625
714	625
714	625
714	625
715	625
715	625
715	625
715	625
715	625
716	625
716	625
716	625
716	625
716	625
717	625
717	625
717	625
717	625
717	625
718	625
718	625
718	625
718	625
718	625
719	625
719	625
719	625
719	625
719	625
720	625
720	625
720	625
720	625
720	625
721	625
721	625
721	625
721	625
721	625
722	625
722	625
722	625
722	625
722	625
723	625
723	625
723	625
723	625
723	625
724	625
724	625
724	625
724	625
724	625
725	625
725	625
725	625
725	625
725	625
726	625
726	625
726	625
726	625
726	625
727	625
727	625
727	625
727	625
727	625
728	625
728	625
728	625
728	625
728	625
729	625
729	625
729	625
729	625
729	625
730	625
730	625
730	625
730	625
730	625
731	625
731	625
731	625
731	625
731	625
732	625
732	625
732	625
732	625
732	625
733	625
733	625
733	625
733	625
733	625
734	625
734	625
734	625
734	625
734	625
735	625
735	625
735	625
735	625
735	625
736	625
736	625
736	625
736	625
736	625
737	625
737	625
737	625
737	625
737	625
738	625
738	625
738	625
738	625
738	625
739	625
739	625
739	625
739	625
739	625
740	625
740	625
740	625
740	625
740	625
741	625
741	625
741	625
741	625
741	625
742	625
742	625
742	625
742	625
742	625
743	625
743	625
743	625
743	625
743	625
744	625
744	625
744	625
744	625
744	625
745	625
745	625
745	625
745	625
745	625
746	625
746	625
746	625
746	625
746	625
747	625
747	625
747	625
747	625
747	625
748	625
748	625
748	625
748	625
748	625
749	625
749	625
749	625
749	625
749	625
750	625
750	625
750	625
750	625
750	625
751	625
751	625
751	625
751	625
751	625
752	625
752	625
752	625
752	625
752	625
753	625
753	625
753	625
753	625
753	625
754	625
754	625
754	625
754	625
754	625
755	625
755	625
755	625
755	625
755	625
756	625
756	625
756	625
756	625
756	625
757	625
757	625
757	625
757	625
757	625
758	625
758	625
758	625
758	625
758	625
759	625
759	625
759	625
759	625
759	625
760	625
760	625
760	625
760	625
760	625
761	625
761	625
761	625
761	625
761	625
762	625
762	625
762	625
762	625
762	625
763	625
763	625
763	625
763	625
763	625
764	625
764	625
764	625
764	625
764	625
765	625
765	625
765	625
765	625
765	625
766	625
766	625
766	625
766	625
766	625
767	625
767	625
767	625
767	625
767	625
768	625
768	625
768	625
768	625
768	625
769	625
769	625
769	625
769	625
769	625
770	625
770	625
770	625
770	625
770	625
771	625
771	625
771	625
771	625
771	625
772	625
772	625
772	625
772	625
772	625
773	625
773	625
773	625
773	625
773	625
774	625
774	625
774	625
774	625
774	625
775	625
775	625
775	625
775	625
775	625
776	625
776	625
776	625
776	625
776	625
777	625
777	625
777	625
777	625
777	625
778	625
778	625
778	625
778	625
778	625
779	625
779	625
779	625
779	625
779	625
780	625
780	625
780	625
780	625
780	625
781	625
781	625
781	625
781	625
781	625
782	625
782	625
782	625
782	625
782	625
783	625
783	625
783	625
783	625
783	625
784	625
784	625
784	625
784	625
784	625
785	625
785	625
785	625
785	625
785	625
786	625
786	625
786	625
786	625
786	625
787	625
787	625
787	625
787	625
787	625
788	625
788	625
788	625
788	625
788	625
789	625
789	625
789	625
789	625
789	625
790	625
790	625
790	625
790	625
790	625
791	625
791	625
791	625
791	625
791	625
792	625
792	625
792	625
792	625
792	625
793	625
793	625
793	625
793	625
793	625
794	625
794	625
794	625
794	625
794	625
795	625
795	625
795	625
795	625
795	625
796	625
796	625
796	625
796	625
796	625
797	625
797	625
797	625
797	625
797	625
798	625
798	625
798	625
798	625
798	625
799	625
799	625
799	625
799	625
799	625
800	625
800	625
800	625
800	625
800	625
801	625
801	625
801	625
801	625
801	625
802	625
802	625
802	625
802	625
802	625
803	625
803	625
803	625
803	625
803	625
804	625
804	625
804	625
804	625
804	625
805	625
805	625
805	625
805	625
805	625
806	625
806	625
806	625
806	625
806	625
807	625
807	625
807	625
807	625
807	625
808	625
808	625
808	625
808	625
808	625
809	625
809	625
809	625
809	625
809	625
810	625
810	625
810	625
810	625
810	625
811	625
811	625
811	625
811	625
811	625
812	625
812	625
812	625
812	625
812	625
813	625
813	625
813	625
813	625
813	625
814	625
814	625
814	625
814	625
814	625
815	625
815	625
815	625
815	625
815	625
816	625
816	625
816	625
816	625
816	625
817	625
817	625
817	625
817	625
817	625
818	625
818	625
818	625
818	625
818	625
819	625
819	625
819	625
819	625
819	625
820	625
820	625
820	625
820	625
820	625
821	625
821	625
821	625
821	625
821	625
822	625
822	625
822	625
822	625
822	625
823	625
823	625
823	625
823	625
823	625
824	625
824	625
824	625
824	625
824	625
825	625
825	625
825	625
825	625
825	625
826	625
826	625
826	625
826	625
826	625
827	625
827	625
827	625
827	625
827	625
828	625
828	625
828	625
828	625
828	625
829	625
829	625
829	625
829	625
829	625
830	625
830	625
830	625
830	625
830	625
831	625
831	625
831	625
831	625
831	625
832	625
832	625
832	625
832	625
832	625
833	625
833	625
833	625
833	625
833	625
834	625
834	625
834	625
834	625
834	625
835	625
835	625
835	625
835	625
835	625
836	625
836	625
836	625
836	625
836	625
837	625
837	625
837	625
837	625
837	625
838	625
838	625
838	625
838	625
838	625
839	625
839	625
839	625
839	625
839	625
840	625
840	625
840	625
840	625
840	625
841	625
841	625
841	625
841	625
841	625
842	625
842	625
842	625
842	625
842	625
843	625
843	625
843	625
843	625
843	625
844	625
844	625
844	625
844	625
844	625
845	625
845	625
845	625
845	625
845	625
846	625
846	625
846	625
846	625
846	625
847	625
847	625
847	625
847	625
847	625
848	625
848	625
848	625
848	625
848	625
849	625
849	625
849	625
849	625
849	625
850	625
850	625
850	625
850	625
850	625
851	625
851	625
851	625
851	625
851	625
852	625
852	625
852	625
852	625
852	625
853	625
853	625
853	625
853	625
853	625
854	625
854	625
854	625
854	625
854	625
855	625
855	625
855	625
855	625
855	625
856	625
856	625
856	625
856	625
856	625
857	625
857	625
857	625
857	625
857	625
858	625
858	625
858	625
858	625
858	625
859	625
859	625
859	625
859	625
859	625
860	625
860	625
860	625
860	625
860	625
861	625
861	625
861	625
861	625
861	625
862	625
862	625
862	625
862	625
862	625
863	625
863	625
863	625
863	625
863	625
864	625
864	625
864	625
864	625
864	625
865	625
865	625
865	625
865	625
865	625
866	625
866	625
866	625
866	625
866	625
867	625
867	625
867	625
867	625
867	625
868	625
868	625
868	625
868	625
868	625
869	625
869	625
869	625
869	625
869	625
870	625
870	625
870	625
870	625
870	625
871	625
871	625
871	625
871	625
871	625
872	625
872	625
872	625
872	625
872	625
873	625
873	625
873	625
873	625
873	625
874	625
874	625
874	625
874	625
874	625
875	625
875	625
875	625
875	625
875	625
876	625
876	625
876	625
876	625
876	625
877	625
877	625
877	625
877	625
877	625
878	625
878	625
878	625
878	625
878	625
879	625
879	625
879	625
879	625
879	625
880	625
880	625
880	625
880	625
880	625
881	625
881	625
881	625
881	625
881	625
882	625
882	625
882	625
882	625
882	625
883	625
883	625
883	625
883	625
883	625
884	625
884	625
884	625
884	625
884	625
885	625
885	625
885	625
885	625
885	625
886	625
886	625
886	625
886	625
886	625
887	625
887	625
887	625
887	625
887	625
888	625
888	625
888	625
888	625
888	625
889	625
889	625
889	625
889	625
889	625
890	625
890	625
890	625
890	625
890	625
891	625
891	625
891	625
891	625
891	625
892	625
892	625
892	625
892	625
892	625
893	625
893	625
893	625
893	625
893	625
894	625
894	625
894	625
894	625
894	625
895	625
895	625
895	625
895	625
895	625
896	625
896	625
896	625
896	625
896	625
897	625
897	625
897	625
897	625
897	625
898	625
898	625
898	625
898	625
898	625
899	625
899	625
899	625
899	625
899	625
900	625
900	625
900	625
900	625
900	625
901	625
901	625
901	625
901	625
901	625
902	625
902	625
902	625
902	625
902	625
903	625
903	625
903	625
903	625
903	625
904	625
904	625
904	625
904	625
904	625
905	625
905	625
905	625
905	625
905	625
906	625
906	625
906	625
906	625
906	625
907	625
907	625
907	625
907	625
907	625
908	625
908	625
908	625
908	625
908	625
909	625
909	625
909	625
909	625
909	625
910	625
910	625
910	625
910	625
910	625
911	625
911	625
911	625
911	625
911	625
912	625
912	625
912	625
912	625
912	625
913	625
913	625
913	625
913	625
913	625
914	625
914	625
914	625
914	625
914	625
915	625
915	625
915	625
915	625
915	625
916	625
916	625
916	625
916	625
916	625
917	625
917	625
917	625
917	625
917	625
918	625
918	625
918	625
918	625
918	625
919	625
919	625
919	625
919	625
919	625
920	625
920	625
920	625
920	625
920	625
921	625
921	625
921	625
921	625
921	625
922	625
922	625
922	625
922	625
922	625
923	625
923	625
923	625
923	625
923	625
924	625
924	625
924	625
924	625
924	625
925	625
925	625
925	625
925	625
925	625
926	625
926	625
926	625
926	625
926	625
927	625
927	625
927	625
927	625
927	625
928	625
928	625
928	625
928	625
928	625
929	625
929	625
929	625
929	625
929	625
930	625
930	625
930	625
930	625
930	625
931	625
931	625
931	625
931	625
931	625
932	625
932	625
932	625
932	625
932	625
933	625
933	625
933	625
933	625
933	625
934	625
934	625
934	625
934	625
934	625
935	625
935	625
935	625
935	625
935	625
936	625
936	625
936	625
936	625
936	625
937	625
937	625
937	625
937	625
937	625
938	625
938	625
938	625
938	625
938	625
939	625
939	625
939	625
939	625
939	625
940	625
940	625
940	625
940	625
940	625
941	625
941	625
941	625
941	625
941	625
942	625
942	625
942	625
942	625
942	625
943	625
943	625
943	625
943	625
943	625
944	625
944	625
944	625
944	625
944	625
945	625
945	625
945	625
945	625
945	625
946	625
946	625
946	625
946	625
946	625
947	625
947	625
947	625
947	625
947	625
948	625
948	625
948	625
948	625
948	625
949	625
949	625
949	625
949	625
949	625
950	625
950	625
950	625
950	625
950	625
951	625
951	625
951	625
951	625
951	625
952	625
952	625
952	625
952	625
952	625
953	625
953	625
953	625
953	625
953	625
954	625
954	625
954	625
954	625
954	625
955	625
955	625
955	625
955	625
955	625
956	625
956	625
956	625
956	625
956	625
957	625
957	625
957	625
957	625
957	625
958	625
958	625
958	625
958	625
958	625
959	625
959	625
959	625
959	625
959	625
960	625
960	625
960	625
960	625
960	625
961	625
961	625
961	625
961	625
961	625
962	625
962	625
962	625
962	625
962	625
963	625
963	625
963	625
963	625
963	625
964	625
964	625
964	625
964	625
964	625
965	625
965	625
965	625
965	625
965	625
966	625
966	625
966	625
966	625
966	625
967	625
967	625
967	625
967	625
967	625
968	625
968	625
968	625
968	625
968	625
969	625
969	625
969	625
969	625
969	625
970	625
970	625
970	625
970	625
970	625
971	625
971	625
971	625
971	625
971	625
972	625
972	625
972	625
972	625
972	625
973	625
973	625
973	625
973	625
973	625
974	625
974	625
974	625
974	625
974	625
975	625
975	625
975	625
975	625
975	625
976	625
976	625
976	625
976	625
976	625
977	625
977	625
977	625
977	625
977	625
978	625
978	625
978	625
978	625
978	625
979	625
979	625
979	625
979	625
979	625
980	625
980	625
980	625
980	625
980	625
981	625
981	625
981	625
981	625
981	625
982	625
982	625
982	625
982	625
982	625
983	625
983	625
983	625
983	625
983	625
984	625
984	625
984	625
984	625
984	625
985	625
985	625
985	625
985	625
985	625
986	625
986	625
986	625
986	625
986	625
987	625
987	625
987	625
987	625
987	625
988	625
988	625
988	625
988	625
988	625
989	625
989	625
989	625
989	625
989	625
990	625
990	625
990	625
990	625
990	625
991	625
991	625
991	625
991	625
991	625
992	625
992	625
992	625
992	625
992	625
993	625
993	625
993	625
993	625
993	625
994	625
994	625
994	625
994	625
994	625
995	625
995	625
995	625
995	625
995	625
996	625
996	625
996	625
996	625
996	625
997	625
997	625
997	625
997	625
997	625
998	625
998	625
998	625
998	625
998	625
999	625
999	625
999	625
999	625
999	625
1000	625
1000	625
1000	625
1000	625
1000	625
1001	625
1001	625
1001	625
1001	625
1001	625
1002	625
1002	625
1002	625
1002	625
1002	625
1003	625
1003	625
1003	625
1003	625
1003	625
1004	625
1004	625
1004	625
1004	625
1004	625
1005	625
1005	625
1005	625
1005	625
1005	625
1006	625
1006	625
1006	625
1006	625
1006	625
1007	625
1007	625
1007	625
1007	625
1007	625
1008	625
1008	625
1008	625
1008	625
1008	625
1009	625
1009	625
1009	625
1009	625
1009	625
1010	625
1010	625
1010	625
1010	625
1010	625
1011	625
1011	625
1011	625
1011	625
1011	625
1012	625
1012	625
1012	625
1012	625
1012	625
1013	625
1013	625
1013	625
1013	625
1013	625
1014	625
1014	625
1014	625
1014	625
1014	625
1015	625
1015	625
1015	625
1015	625
1015	625
1016	625
1016	625
1016	625
1016	625
1016	625
1017	625
1017	625
1017	625
1017	625
1017	625
1018	625
1018	625
1018	625
1018	625
1018	625
1019	625
1019	625
1019	625
1019	625
1019	625
1020	625
1020	625
1020	625
1020	625
1020	625
1021	625
1021	625
1021	625
1021	625
1021	625
1022	625
1022	625
1022	625
1022	625
1022	625
1023	625
1023	625
1023	625
1023	625
1023	625
1024	625
1024	625
1024	625
1024	625
1024	625
1025	625
1025	625
1025	625
1025	625
1025	625
1026	625
1026	625
1026	625
1026	625
1026	625
1027	625
1027	625
1027	625
1027	625
1027	625
1028	625
1028	625
1028	625
1028	625
1028	625
1029	625
1029	625
1029	625
1029	625
1029	625
1030	625
1030	625
1030	625
1030	625
1030	625
1031	625
1031	625
1031	625
1031	625
1031	625
1032	625
1032	625
1032	625
1032	625
1032	625
1033	625
1033	625
1033	625
1033	625
1033	625
1034	625
1034	625
1034	625
1034	625
1034	625
1035	625
1035	625
1035	625
1035	625
1035	625
1036	625
1036	625
1036	625
1036	625
1036	625
1037	625
1037	625
1037	625
1037	625
1037	625
1038	625
1038	625
1038	625
1038	625
1038	625
1039	625
1039	625
1039	625
1039	625
1039	625
1040	625
1040	625
1040	625
1040	625
1040	625
1041	625
1041	625
1041	625
1041	625
1041	625
1042	625
1042	625
1042	625
1042	625
1042	625
1043	625
1043	625
1043	625
1043	625
1043	625
1044	625
1044	625
1044	625
1044	625
1044	625
1045	625
1045	625
1045	625
1045	625
1045	625
1046	625
1046	625
1046	625
1046	625
1046	625
1047	625
1047	625
1047	625
1047	625
1047	625
1048	625
1048	625
1048	625
1048	625
1048	625
1049	625
1049	625
1049	625
1049	625
1049	625
1050	625
1050	625
1050	625
1050	625
1050	625
1051	625
1051	625
1051	625
1051	625
1051	625
1052	625
1052	625
1052	625
1052	625
1052	625
1053	625
1053	625
1053	625
1053	625
1053	625
1054	625
1054	625
1054	625
1054	625
1054	625
1055	625
1055	625
1055	625
1055	625
1055	625
1056	625
1056	625
1056	625
1056	625
1056	625
1057	625
1057	625
1057	625
1057	625
1057	625
1058	625
1058	625
1058	625
1058	625
1058	625
1059	625
1059	625
1059	625
1059	625
1059	625
1060	625
1060	625
1060	625
1060	625
1060	625
1061	625
1061	625
1061	625
1061	625
1061	625
1062	625
1062	625
1062	625
1062	625
1062	625
1063	625
1063	625
1063	625
1063	625
1063	625
1064	625
1064	625
1064	625
1064	625
1064	625
1065	625
1065	625
1065	625
1065	625
1065	625
1066	625
1066	625
1066	625
1066	625
1066	625
1067	625
1067	625
1067	625
1067	625
1067	625
1068	625
1068	625
1068	625
1068	625
1068	625
1069	625
1069	625
1069	625
1069	625
1069	625
1070	625
1070	625
1070	625
1070	625
1070	625
1071	625
1071	625
1071	625
1071	625
1071	625
1072	625
1072	625
1072	625
1072	625
1072	625
1073	625
1073	625
1073	625
1073	625
1073	625
1074	625
1074	625
1074	625
1074	625
1074	625
1075	625
1075	625
1075	625
1075	625
1075	625
1076	625
1076	625
1076	625
1076	625
1076	625
1077	625
1077	625
1077	625
1077	625
1077	625
1078	625
1078	625
1078	625
1078	625
1078	625
1079	625
1079	625
1079	625
1079	625
1079	625
1080	625
1080	625
1080	625
1080	625
1080	625
1081	625
1081	625
1081	625
1081	625
1081	625
1082	625
1082	625
1082	625
1082	625
1082	625
1083	625
1083	625
1083	625
1083	625
1083	625
1084	625
1084	625
1084	625
1084	625
1084	625
1085	625
1085	625
1085	625
1085	625
1085	625
1086	625
1086	625
1086	625
1086	625
1086	625
1087	625
1087	625
1087	625
1087	625
1087	625
1088	625
1088	625
1088	625
1088	625
1088	625
1089	625
1089	625
1089	625
1089	625
1089	625
1090	625
1090	625
1090	625
1090	625
1090	625
1091	625
1091	625
1091	625
1091	625
1091	625
1092	625
1092	625
1092	625
1092	625
1092	625
1093	625
1093	625
1093	625
1093	625
1093	625
1094	625
1094	625
1094	625
1094	625
1094	625
1095	625
1095	625
1095	625
1095	625
1095	625
1096	625
1096	625
1096	625
1096	625
1096	625
1097	625
1097	625
1097	625
1097	625
1097	625
1098	625
1098	625
1098	625
1098	625
1098	625
1099	625
1099	625
1099	625
1099	625
1099	625
1100	625
1100	625
1100	625
1100	625
1100	625
1101	625
1101	625
1101	625
1101	625
1101	625
1102	625
1102	625
1102	625
1102	625
1102	625
1103	625
1103	625
1103	625
1103	625
1103	625
1104	625
1104	625
1104	625
1104	625
1104	625
1105	625
1105	625
1105	625
1105	625
1105	625
1106	625
1106	625
1106	625
1106	625
1106	625
1107	625
1107	625
1107	625
1107	625
1107	625
1108	625
1108	625
1108	625
1108	625
1108	625
1109	625
1109	625
1109	625
1109	625
1109	625
1110	625
1110	625
1110	625
1110	625
1110	625
1111	625
1111	625
1111	625
1111	625
1111	625
1112	625
1112	625
1112	625
1112	625
1112	625
1113	625
1113	625
1113	625
1113	625
1113	625
1114	625
1114	625
1114	625
1114	625
1114	625
1115	625
1115	625
1115	625
1115	625
1115	625
1116	625
1116	625
1116	625
1116	625
1116	625
1117	625
1117	625
1117	625
1117	625
1117	625
1118	625
1118	625
1118	625
1118	625
1118	625
1119	625
1119	625
1119	625
1119	625
1119	625
1120	625
1120	625
1120	625
1120	625
1120	625
1121	625
1121	625
1121	625
1121	625
1121	625
1122	625
1122	625
1122	625
1122	625
1122	625
1123	625
1123	625
1123	625
1123	625
1123	625
1124	625
1124	625
1124	625
1124	625
1124	625
1125	625
1125	625
1125	625
1125	625
1125	625
1126	625
1126	625
1126	625
1126	625
1126	625
1127	625
1127	625
1127	625
1127	625
1127	625
1128	625
1128	625
1128	625
1128	625
1128	625
1129	625
1129	625
1129	625
1129	625
1129	625
1130	625
1130	625
1130	625
1130	625
1130	625
1131	625
1131	625
1131	625
1131	625
1131	625
1132	625
1132	625
1132	625
1132	625
1132	625
1133	625
1133	625
1133	625
1133	625
1133	625
1134	625
1134	625
1134	625
1134	625
1134	625
1135	625
1135	625
1135	625
1135	625
1135	625
1136	625
1136	625
1136	625
1136	625
1136	625
1137	625
1137	625
1137	625
1137	625
1137	625
1138	625
1138	625
1138	625
1138	625
1138	625
1139	625
1139	625
1139	625
1139	625
1139	625
1140	625
1140	625
1140	625
1140	625
1140	625
1141	625
1141	625
1141	625
1141	625
1141	625
1142	625
1142	625
1142	625
1142	625
1142	625
1143	625
1143	625
1143	625
1143	625
1143	625
1144	625
1144	625
1144	625
1144	625
1144	625
1145	625
1145	625
1145	625
1145	625
1145	625
1146	625
1146	625
1146	625
1146	625
1146	625
1147	625
1147	625
1147	625
1147	625
1147	625
1148	625
1148	625
1148	625
1148	625
1148	625
1149	625
1149	625
1149	625
1149	625
1149	625
1150	625
1150	625
1150	625
1150	625
1150	625
1151	625
1151	625
1151	625
1151	625
1151	625
1152	625
1152	625
1152	625
1152	625
1152	625
1153	625
1153	625
1153	625
1153	625
1153	625
1154	625
1154	625
1154	625
1154	625
1154	625
1155	625
1155	625
1155	625
1155	625
1155	625
1156	625
1156	625
1156	625
1156	625
1156	625
1157	625
1157	625
1157	625
1157	625
1157	625
1158	625
1158	625
1158	625
1158	625
1158	625
1159	625
1159	625
1159	625
1159	625
1159	625
1160	625
1160	625
1160	625
1160	625
1160	625
1161	625
1161	625
1161	625
1161	625
1161	625
1162	625
1162	625
1162	625
1162	625
1162	625
1163	625
1163	625
1163	625
1163	625
1163	625
1164	625
1164	625
1164	625
1164	625
1164	625
1165	625
1165	625
1165	625
1165	625
1165	625
1166	625
1166	625
1166	625
1166	625
1166	625
1167	625
1167	625
1167	625
1167	625
1167	625
1168	625
1168	625
1168	625
1168	625
1168	625
1169	625
1169	625
1169	625
1169	625
1169	625
1170	625
1170	625
1170	625
1170	625
1170	625
1171	625
1171	625
1171	625
1171	625
1171	625
1172	625
1172	625
1172	625
1172	625
1172	625
1173	625
1173	625
1173	625
1173	625
1173	625
1174	625
1174	625
1174	625
1174	625
1174	625
1175	625
1175	625
1175	625
1175	625
1175	625
1176	625
1176	625
1176	625
1176	625
1176	625
1177	625
1177	625
1177	625
1177	625
1177	625
1178	625
1178	625
1178	625
1178	625
1178	625
1179	625
1179	625
1179	625
1179	625
1179	625
1180	625
1180	625
1180	625
1180	625
1180	625
1181	625
1181	625
1181	625
1181	625
1181	625
1182	625
1182	625
1182	625
1182	625
1182	625
1183	625
1183	625
1183	625
1183	625
1183	625
1184	625
1184	625
1184	625
1184	625
1184	625
1185	625
1185	625
1185	625
1185	625
1185	625
1186	625
1186	625
1186	625
1186	625
1186	625
1187	625
1187	625
1187	625
1187	625
1187	625
1188	625
1188	625
1188	625
1188	625
1188	625
1189	625
1189	625
1189	625
1189	625
1189	625
1190	625
1190	625
1190	625
1190	625
1190	625
1191	625
1191	625
1191	625
1191	625
1191	625
1192	625
1192	625
1192	625
1192	625
1192	625
1193	625
1193	625
1193	625
1193	625
1193	625
1194	625
1194	625
1194	625
1194	625
1194	625
1195	625
1195	625
1195	625
1195	625
1195	625
1196	625
1196	625
1196	625
1196	625
1196	625
1197	625
1197	625
1197	625
1197	625
1197	625
1198	625
1198	625
1198	625
1198	625
1198	625
1199	625
1199	625
1199	625
1199	625
1199	625
1200	625
1200	625
1200	625
1200	625
1200	625
1201	625
1201	625
1201	625
1201	625
1201	625
1202	625
1202	625
1202	625
1202	625
1202	625
1203	625
1203	625
1203	625
1203	625
1203	625
1204	625
1204	625
1204	625
1204	625
1204	625
1205	625
1205	625
1205	625
1205	625
1205	625
1206	625
1206	625
1206	625
1206	625
1206	625
1207	625
1207	625
1207	625
1207	625
1207	625
1208	625
1208	625
1208	625
1208	625
1208	625
1209	625
1209	625
1209	625
1209	625
1209	625
1210	625
1210	625
1210	625
1210	625
1210	625
1211	625
1211	625
1211	625
1211	625
1211	625
1212	625
1212	625
1212	625
1212	625
1212	625
1213	625
1213	625
1213	625
1213	625
1213	625
1214	625
1214	625
1214	625
1214	625
1214	625
1215	625
1215	625
1215	625
1215	625
1215	625
1216	625
1216	625
1216	625
1216	625
1216	625
1217	625
1217	625
1217	625
1217	625
1217	625
1218	625
1218	625
1218	625
1218	625
1218	625
1219	625
1219	625
1219	625
1219	625
1219	625
1220	625
1220	625
1220	625
1220	625
1220	625
1221	625
1221	625
1221	625
1221	625
1221	625
1222	625
1222	625
1222	625
1222	625
1222	625
1223	625
1223	625
1223	625
1223	625
1223	625
1224	625
1224	625
1224	625
1224	625
1224	625
1225	625
1225	625
1225	625
1225	625
1225	625
1226	625
1226	625
1226	625
1226	625
1226	625
1227	625
1227	625
1227	625
1227	625
1227	625
1228	625
1228	625
1228	625
1228	625
1228	625
1229	625
1229	625
1229	625
1229	625
1229	625
1230	625
1230	625
1230	625
1230	625
1230	625
1231	625
1231	625
1231	625
1231	625
1231	625
1232	625
1232	625
1232	625
1232	625
1232	625
1233	625
1233	625
1233	625
1233	625
1233	625
1234	625
1234	625
1234	625
1234	625
1234	625
1235	625
1235	625
1235	625
1235	625
1235	625
1236	625
1236	625
1236	625
1236	625
1236	625
1237	625
1237	625
1237	625
1237	625
1237	625
1238	625
1238	625
1238	625
1238	625
1238	625
1239	625
1239	625
1239	625
1239	625
1239	625
1240	625
1240	625
1240	625
1240	625
1240	625
1241	625
1241	625
1241	625
1241	625
1241	625
1242	625
1242	625
1242	625
1242	625
1242	625
1243	625
1243	625
1243	625
1243	625
1243	625
1244	625
1244	625
1244	625
1244	625
1244	625
1245	625
1245	625
1245	625
1245	625
1245	625
1246	625
1246	625
1246	625
1246	625
1246	625
1247	625
1247	625
1247	625
1247	625
1247	625
1248	625
1248	625
1248	625
1248	625
1248	625
1249	625
1249	625
1249	625
1249	625
1249	625
1250	625
1250	625
1250	625
1250	625
1250	625
1251	625
1251	625
1251	625
1251	625
1251	625
1252	625
1252	625
1252	625
1252	625
1252	625
1253	625
1253	625
1253	625
1253	625
1253	625
1254	625
1254	625
1254	625
1254	625
1254	625
1255	625
1255	625
1255	625
1255	625
1255	625
1256	625
1256	625
1256	625
1256	625
1256	625
1257	625
1257	625
1257	625
1257	625
1257	625
1258	625
1258	625
1258	625
1258	625
1258	625
1259	625
1259	625
1259	625
1259	625
1259	625
1260	625
1260	625
1260	625
1260	625
1260	625
1261	625
1261	625
1261	625
1261	625
1261	625
1262	625
1262	625
1262	625
1262	625
1262	625
1263	625
1263	625
1263	625
1263	625
1263	625
1264	625
1264	625
1264	625
1264	625
1264	625
1265	625
1265	625
1265	625
1265	625
1265	625
1266	625
1266	625
1266	625
1266	625
1266	625
1267	625
1267	625
1267	625
1267	625
1267	625
1268	625
1268	625
1268	625
1268	625
1268	625
1269	625
1269	625
1269	625
1269	625
1269	625
1270	625
1270	625
1270	625
1270	625
1270	625
1271	625
1271	625
1271	625
1271	625
1271	625
1272	625
1272	625
1272	625
1272	625
1272	625
1273	625
1273	625
1273	625
1273	625
1273	625
1274	625
1274	625
1274	625
1274	625
1274	625
1275	625
1275	625
1275	625
1275	625
1275	625
1276	625
1276	625
1276	625
1276	625
1276	625
1277	625
1277	625
1277	625
1277	625
1277	625
1278	625
1278	625
1278	625
1278	625
1278	625
1279	625
1279	625
1279	625
1279	625
1279	625
1280	625
1280	625
1280	625
1280	625
1280	625
1281	625
1281	625
1281	625
1281	625
1281	625
1282	625
1282	625
1282	625
1282	625
1282	625
1283	625
1283	625
1283	625
1283	625
1283	625
1284	625
1284	625
1284	625
1284	625
1284	625
1285	625
1285	625
1285	625
1285	625
1285	625
1286	625
1286	625
1286	625
1286	625
1286	625
1287	625
1287	625
1287	625
1287	625
1287	625
1288	625
1288	625
1288	625
1288	625
1288	625
1289	625
1289	625
1289	625
1289	625
1289	625
1290	625
1290	625
1290	625
1290	625
1290	625
1291	625
1291	625
1291	625
1291	625
1291	625
1292	625
1292	625
1292	625
1292	625
1292	625
1293	625
1293	625
1293	625
1293	625
1293	625
1294	625
1294	625
1294	625
1294	625
1294	625
1295	625
1295	625
1295	625
1295	625
1295	625
1296	625
1296	625
1296	625
1296	625
1296	625
1297	625
1297	625
1297	625
1297	625
1297	625
1298	625
1298	625
1298	625
1298	625
1298	625
1299	625
1299	625
1299	625
1299	625
1299	625
1300	625
1300	625
1300	625
1300	625
1300	625
1301	625
1301	625
1301	625
1301	625
1301	625
1302	625
1302	625
1302	625
1302	625
1302	625
1303	625
1303	625
1303	625
1303	625
1303	625
1304	625
1304	625
1304	625
1304	625
1304	625
1305	625
1305	625
1305	625
1305	625
1305	625
1306	625
1306	625
1306	625
1306	625
1306	625
1307	625
1307	625
1307	625
1307	625
1307	625
1308	625
1308	625
1308	625
1308	625
1308	625
1309	625
1309	625
1309	625
1309	625
1309	625
1310	625
1310	625
1310	625
1310	625
1310	625
1311	625
1311	625
1311	625
1311	625
1311	625
1312	625
1312	625
1312	625
1312	625
1312	625
1313	625
1313	625
1313	625
1313	625
1313	625
1314	625
1314	625
1314	625
1314	625
1314	625
1315	625
1315	625
1315	625
1315	625
1315	625
1316	625
1316	625
1316	625
1316	625
1316	625
1317	625
1317	625
1317	625
1317	625
1317	625
1318	625
1318	625
1318	625
1318	625
1318	625
1319	625
1319	625
1319	625
1319	625
1319	625
1320	625
1320	625
1320	625
1320	625
1320	625
1321	625
1321	625
1321	625
1321	625
1321	625
1322	625
1322	625
1322	625
1322	625
1322	625
1323	625
1323	625
1323	625
1323	625
1323	625
1324	625
1324	625
1324	625
1324	625
1324	625
1325	625
1325	625
1325	625
1325	625
1325	625
1326	625
1326	625
1326	625
1326	625
1326	625
1327	625
1327	625
1327	625
1327	625
1327	625
1328	625
1328	625
1328	625
1328	625
1328	625
1329	625
1329	625
1329	625
1329	625
1329	625
1330	625
1330	625
1330	625
1330	625
1330	625
1331	625
1331	625
1331	625
1331	625
1331	625
1332	625
1332	625
1332	625
1332	625
1332	625
1333	625
1333	625
1333	625
1333	625
1333	625
1334	625
1334	625
1334	625
1334	625
1334	625
1335	625
1335	625
1335	625
1335	625
1335	625
1336	625
1336	625
1336	625
1336	625
1336	625
1337	625
1337	625
1337	625
1337	625
1337	625
1338	625
1338	625
1338	625
1338	625
1338	625
1339	625
1339	625
1339	625
1339	625
1339	625
1340	625
1340	625
1340	625
1340	625
1340	625
1341	625
1341	625
1341	625
1341	625
1341	625
1342	625
1342	625
1342	625
1342	625
1342	625
1343	625
1343	625
1343	625
1343	625
1343	625
1344	625
1344	625
1344	625
1344	625
1344	625
1345	625
1345	625
1345	625
1345	625
1345	625
1346	625
1346	625
1346	625
1346	625
1346	625
1347	625
1347	625
1347	625
1347	625
1347	625
1348	625
1348	625
1348	625
1348	625
1348	625
1349	625
1349	625
1349	625
1349	625
1349	625
1350	625
1350	625
1350	625
1350	625
1350	625
1351	625
1351	625
1351	625
1351	625
1351	625
1352	625
1352	625
1352	625
1352	625
1352	625
1353	625
1353	625
1353	625
1353	625
1353	625
1354	625
1354	625
1354	625
1354	625
1354	625
1355	625
1355	625
1355	625
1355	625
1355	625
1356	625
1356	625
1356	625
1356	625
1356	625
1357	625
1357	625
1357	625
1357	625
1357	625
1358	625
1358	625
1358	625
1358	625
1358	625
1359	625
1359	625
1359	625
1359	625
1359	625
1360	625
1360	625
1360	625
1360	625
1360	625
1361	625
1361	625
1361	625
1361	625
1361	625
1362	625
1362	625
1362	625
1362	625
1362	625
1363	625
1363	625
1363	625
1363	625
1363	625
1364	625
1364	625
1364	625
1364	625
1364	625
1365	625
1365	625
1365	625
1365	625
1365	625
1366	625
1366	625
1366	625
1366	625
1366	625
1367	625
1367	625
1367	625
1367	625
1367	625
1368	625
1368	625
1368	625
1368	625
1368	625
1369	625
1369	625
1369	625
1369	625
1369	625
1370	625
1370	625
1370	625
1370	625
1370	625
1371	625
1371	625
1371	625
1371	625
1371	625
1372	625
1372	625
1372	625
1372	625
1372	625
1373	625
1373	625
1373	625
1373	625
1373	625
1374	625
1374	625
1374	625
1374	625
1374	625
1375	625
1375	625
1375	625
1375	625
1375	625
1376	625
1376	625
1376	625
1376	625
1376	625
1377	625
1377	625
1377	625
1377	625
1377	625
1378	625
1378	625
1378	625
1378	625
1378	625
1379	625
1379	625
1379	625
1379	625
1379	625
1380	625
1380	625
1380	625
1380	625
1380	625
1381	625
1381	625
1381	625
1381	625
1381	625
1382	625
1382	625
1382	625
1382	625
1382	625
1383	625
1383	625
1383	625
1383	625
1383	625
1384	625
1384	625
1384	625
1384	625
1384	625
1385	625
1385	625
1385	625
1385	625
1385	625
1386	625
1386	625
1386	625
1386	625
1386	625
1387	625
1387	625
1387	625
1387	625
1387	625
1388	625
1388	625
1388	625
1388	625
1388	625
1389	625
1389	625
1389	625
1389	625
1389	625
1390	625
1390	625
1390	625
1390	625
1390	625
1391	625
1391	625
1391	625
1391	625
1391	625
1392	625
1392	625
1392	625
1392	625
1392	625
1393	625
1393	625
1393	625
1393	625
1393	625
1394	625
1394	625
1394	625
1394	625
1394	625
1395	625
1395	625
1395	625
1395	625
1395	625
1396	625
1396	625
1396	625
1396	625
1396	625
1397	625
1397	625
1397	625
1397	625
1397	625
1398	625
1398	625
1398	625
1398	625
1398	625
1399	625
1399	625
1399	625
1399	625
1399	625
1400	625
1400	625
1400	625
1400	625
1400	625
1401	625
1401	625
1401	625
1401	625
1401	625
1402	625
1402	625
1402	625
1402	625
1402	625
1403	625
1403	625
1403	625
1403	625
1403	625
1404	625
1404	625
1404	625
1404	625
1404	625
1405	625
1405	625
1405	625
1405	625
1405	625
1406	625
1406	625
1406	625
1406	625
1406	625
1407	625
1407	625
1407	625
1407	625
1407	625
1408	625
1408	625
1408	625
1408	625
1408	625
1409	625
1409	625
1409	625
1409	625
1409	625
1410	625
1410	625
1410	625
1410	625
1410	625
1411	625
1411	625
1411	625
1411	625
1411	625
1412	625
1412	625
1412	625
1412	625
1412	625
1413	625
1413	625
1413	625
1413	625
1413	625
1414	625
1414	625
1414	625
1414	625
1414	625
1415	625
1415	625
1415	625
1415	625
1415	625
1416	625
1416	625
1416	625
1416	625
1416	625
1417	625
1417	625
1417	625
1417	625
1417	625
1418	625
1418	625
1418	625
1418	625
1418	625
1419	625
1419	625
1419	625
1419	625
1419	625
1420	625
1420	625
1420	625
1420	625
1420	625
1421	625
1421	625
1421	625
1421	625
1421	625
1422	625
1422	625
1422	625
1422	625
1422	625
1423	625
1423	625
1423	625
1423	625
1423	625
1424	625
1424	625
1424	625
1424	625
1424	625
1425	625
1425	625
1425	625
1425	625
1425	625
1426	625
1426	625
1426	625
1426	625
1426	625
1427	625
1427	625
1427	625
1427	625
1427	625
1428	625
1428	625
1428	625
1428	625
1428	625
1429	625
1429	625
1429	625
1429	625
1429	625
1430	625
1430	625
1430	625
1430	625
1430	625
1431	625
1431	625
1431	625
1431	625
1431	625
1432	625
1432	625
1432	625
1432	625
1432	625
1433	625
1433	625
1433	625
1433	625
1433	625
1434	625
1434	625
1434	625
1434	625
1434	625
1435	625
1435	625
1435	625
1435	625
1435	625
1436	625
1436	625
1436	625
1436	625
1436	625
1437	625
1437	625
1437	625
1437	625
1437	625
1438	625
1438	625
1438	625
1438	625
1438	625
1439	625
1439	625
1439	625
1439	625
1439	625
1440	625
1440	625
1440	625
1440	625
1440	625
1441	625
1441	625
1441	625
1441	625
1441	625
1442	625
1442	625
1442	625
1442	625
1442	625
1443	625
1443	625
1443	625
1443	625
1443	625
1444	625
1444	625
1444	625
1444	625
1444	625
1445	625
1445	625
1445	625
1445	625
1445	625
1446	625
1446	625
1446	625
1446	625
1446	625
1447	625
1447	625
1447	625
1447	625
1447	625
1448	625
1448	625
1448	625
1448	625
1448	625
1449	625
1449	625
1449	625
1449	625
1449	625
1450	625
1450	625
1450	625
1450	625
1450	625
1451	625
1451	625
1451	625
1451	625
1451	625
1452	625
1452	625
1452	625
1452	625
1452	625
1453	625
1453	625
1453	625
1453	625
1453	625
1454	625
1454	625
1454	625
1454	625
1454	625
1455	625
1455	625
1455	625
1455	625
1455	625
1456	625
1456	625
1456	625
1456	625
1456	625
1457	625
1457	625
1457	625
1457	625
1457	625
1458	625
1458	625
1458	625
1458	625
1458	625
1459	625
1459	625
1459	625
1459	625
1459	625
1460	625
1460	625
1460	625
1460	625
1460	625
1461	625
1461	625
1461	625
1461	625
1461	625
1462	625
1462	625
1462	625
1462	625
1462	625
1463	625
1463	625
1463	625
1463	625
1463	625
1464	625
1464	625
1464	625
1464	625
1464	625
1465	625
1465	625
1465	625
1465	625
1465	625
1466	625
1466	625
1466	625
1466	625
1466	625
1467	625
1467	625
1467	625
1467	625
1467	625
1468	625
1468	625
1468	625
1468	625
1468	625
1469	625
1469	625
1469	625
1469	625
1469	625
1470	625
1470	625
1470	625
1470	625
1470	625
1471	625
1471	625
1471	625
1471	625
1471	625
1472	625
1472	625
1472	625
1472	625
1472	625
1473	625
1473	625
1473	625
1473	625
1473	625
1474	625
1474	625
1474	625
1474	625
1474	625
1475	625
1475	625
1475	625
1475	625
1475	625
1476	625
1476	625
1476	625
1476	625
1476	625
1477	625
1477	625
1477	625
1477	625
1477	625
1478	625
1478	625
1478	625
1478	625
1478	625
1479	625
1479	625
1479	625
1479	625
1479	625
1480	625
1480	625
1480	625
1480	625
1480	625
1481	625
1481	625
1481	625
1481	625
1481	625
1482	625
1482	625
1482	625
1482	625
1482	625
1483	625
1483	625
1483	625
1483	625
1483	625
1484	625
1484	625
1484	625
1484	625
1484	625
1485	625
1485	625
1485	625
1485	625
1485	625
1486	625
1486	625
1486	625
1486	625
1486	625
1487	625
1487	625
1487	625
1487	625
1487	625
1488	625
1488	625
1488	625
1488	625
1488	625
1489	625
1489	625
1489	625
1489	625
1489	625
1490	625
1490	625
1490	625
1490	625
1490	625
1491	625
1491	625
1491	625
1491	625
1491	625
1492	625
1492	625
1492	625
1492	625
1492	625
1493	625
1493	625
1493	625
1493	625
1493	625
1494	625
1494	625
1494	625
1494	625
1494	625
1495	625
1495	625
1495	625
1495	625
1495	625
1496	625
1496	625
1496	625
1496	625
1496	625
1497	625
1497	625
1497	625
1497	625
1497	625
1498	625
1498	625
1498	625
1498	625
1498	625
1499	625
1499	625
1499	625
1499	625
1499	625
1500	625
1500	625
1500	625
1500	625
1500	625
1501	625
1501	625
1501	625
1501	625
1501	625
1502	625
1502	625
1502	625
1502	625
1502	625
1503	625
1503	625
1503	625
1503	625
1503	625
1504	625
1504	625
1504	625
1504	625
1504	625
1505	625
1505	625
1505	625
1505	625
1505	625
1506	625
1506	625
1506	625
1506	625
1506	625
1507	625
1507	625
1507	625
1507	625
1507	625
1508	625
1508	625
1508	625
1508	625
1508	625
1509	625
1509	625
1509	625
1509	625
1509	625
1510	625
1510	625
1510	625
1510	625
1510	625
1511	625
1511	625
1511	625
1511	625
1511	625
1512	625
1512	625
1512	625
1512	625
1512	625
1513	625
1513	625
1513	625
1513	625
1513	625
1514	625
1514	625
1514	625
1514	625
1514	625
1515	625
1515	625
1515	625
1515	625
1515	625
1516	625
1516	625
1516	625
1516	625
1516	625
1517	625
1517	625
1517	625
1517	625
1517	625
1518	625
1518	625
1518	625
1518	625
1518	625
1519	625
1519	625
1519	625
1519	625
1519	625
1520	625
1520	625
1520	625
1520	625
1520	625
1521	625
1521	625
1521	625
1521	625
1521	625
1522	625
1522	625
1522	625
1522	625
1522	625
1523	625
1523	625
1523	625
1523	625
1523	625
1524	625
1524	625
1524	625
1524	625
1524	625
1525	625
1525	625
1525	625
1525	625
1525	625
1526	625
1526	625
1526	625
1526	625
1526	625
1527	625
1527	625
1527	625
1527	625
1527	625
1528	625
1528	625
1528	625
1528	625
1528	625
1529	625
1529	625
1529	625
1529	625
1529	625
1530	625
1530	625
1530	625
1530	625
1530	625
1531	625
1531	625
1531	625
1531	625
1531	625
1532	625
1532	625
1532	625
1532	625
1532	625
1533	625
1533	625
1533	625
1533	625
1533	625
1534	625
1534	625
1534	625
1534	625
1534	625
1535	625
1535	625
1535	625
1535	625
1535	625
1536	625
1536	625
1536	625
1536	625
1536	625
1537	625
1537	625
1537	625
1537	625
1537	625
1538	625
1538	625
1538	625
1538	625
1538	625
1539	625
1539	625
1539	625
1539	625
1539	625
1540	625
1540	625
1540	625
1540	625
1540	625
1541	625
1541	625
1541	625
1541	625
1541	625
1542	625
1542	625
1542	625
1542	625
1542	625
1543	625
1543	625
1543	625
1543	625
1543	625
1544	625
1544	625
1544	625
1544	625
1544	625
1545	625
1545	625
1545	625
1545	625
1545	625
1546	625
1546	625
1546	625
1546	625
1546	625
1547	625
1547	625
1547	625
1547	625
1547	625
1548	625
1548	625
1548	625
1548	625
1548	625
1549	625
1549	625
1549	625
1549	625
1549	625
1550	625
1550	625
1550	625
1550	625
1550	625
1551	625
1551	625
1551	625
1551	625
1551	625
1552	625
1552	625
1552	625
1552	625
1552	625
1553	625
1553	625
1553	625
1553	625
1553	625
1554	625
1554	625
1554	625
1554	625
1554	625
1555	625
1555	625
1555	625
1555	625
1555	625
1556	625
1556	625
1556	625
1556	625
1556	625
1557	625
1557	625
1557	625
1557	625
1557	625
1558	625
1558	625
1558	625
1558	625
1558	625
1559	625
1559	625
1559	625
1559	625
1559	625
1560	625
1560	625
1560	625
1560	625
1560	625
1561	625
1561	625
1561	625
1561	625
1561	625
1562	625
1562	625
1562	625
1562	625
1562	625
1563	625
1563	625
1563	625
1563	625
1563	625
1564	625
1564	625
1564	625
1564	625
1564	625
1565	625
1565	625
1565	625
1565	625
1565	625
1566	625
1566	625
1566	625
1566	625
1566	625
1567	625
1567	625
1567	625
1567	625
1567	625
1568	625
1568	625
1568	625
1568	625
1568	625
1569	625
1569	625
1569	625
1569	625
1569	625
1570	625
1570	625
1570	625
1570	625
1570	625
1571	625
1571	625
1571	625
1571	625
1571	625
1572	625
1572	625
1572	625
1572	625
1572	625
1573	625
1573	625
1573	625
1573	625
1573	625
1574	625
1574	625
1574	625
1574	625
1574	625
1575	625
1575	625
1575	625
1575	625
1575	625
1576	625
1576	625
1576	625
1576	625
1576	625
1577	625
1577	625
1577	625
1577	625
1577	625
1578	625
1578	625
1578	625
1578	625
1578	625
1579	625
1579	625
1579	625
1579	625
1579	625
1580	625
1580	625
1580	625
1580	625
1580	625
1581	625
1581	625
1581	625
1581	625
1581	625
1582	625
1582	625
1582	625
1582	625
1582	625
1583	625
1583	625
1583	625
1583	625
1583	625
1584	625
1584	625
1584	625
1584	625
1584	625
1585	625
1585	625
1585	625
1585	625
1585	625
1586	625
1586	625
1586	625
1586	625
1586	625
1587	625
1587	625
1587	625
1587	625
1587	625
1588	625
1588	625
1588	625
1588	625
1588	625
1589	625
1589	625
1589	625
1589	625
1589	625
1590	625
1590	625
1590	625
1590	625
1590	625
1591	625
1591	625
1591	625
1591	625
1591	625
1592	625
1592	625
1592	625
1592	625
1592	625
1593	625
1593	625
1593	625
1593	625
1593	625
1594	625
1594	625
1594	625
1594	625
1594	625
1595	625
1595	625
1595	625
1595	625
1595	625
1596	625
1596	625
1596	625
1596	625
1596	625
1597	625
1597	625
1597	625
1597	625
1597	625
1598	625
1598	625
1598	625
1598	625
1598	625
1599	625
1599	625
1599	625
1599	625
1599	625
1600	625
1600	625
1600	625
1600	625
1600	625
1601	625
1601	625
1601	625
1601	625
1601	625
1602	625
1602	625
1602	625
1602	625
1602	625
1603	625
1603	625
1603	625
1603	625
1603	625
1604	625
1604	625
1604	625
1604	625
1604	625
1605	625
1605	625
1605	625
1605	625
1605	625
1606	625
1606	625
1606	625
1606	625
1606	625
1607	625
1607	625
1607	625
1607	625
1607	625
1608	625
1608	625
1608	625
1608	625
1608	625
1609	625
1609	625
1609	625
1609	625
1609	625
1610	625
1610	625
1610	625
1610	625
1610	625
1611	625
1611	625
1611	625
1611	625
1611	625
1612	625
1612	625
1612	625
1612	625
1612	625
1613	625
1613	625
1613	625
1613	625
1613	625
1614	625
1614	625
1614	625
1614	625
1614	625
1615	625
1615	625
1615	625
1615	625
1615	625
1616	625
1616	625
1616	625
1616	625
1616	625
1617	625
1617	625
1617	625
1617	625
1617	625
1618	625
1618	625
1618	625
1618	625
1618	625
1619	625
1619	625
1619	625
1619	625
1619	625
1620	625
1620	625
1620	625
1620	625
1620	625
1621	625
1621	625
1621	625
1621	625
1621	625
1622	625
1622	625
1622	625
1622	625
1622	625
1623	625
1623	625
1623	625
1623	625
1623	625
1624	625
1624	625
1624	625
1624	625
1624	625
1625	625
1625	625
1625	625
1625	625
1625	625
1626	625
1626	625
1626	625
1626	625
1626	625
1627	625
1627	625
1627	625
1627	625
1627	625
1628	625
1628	625
1628	625
1628	625
1628	625
1629	625
1629	625
1629	625
1629	625
1629	625
1630	625
1630	625
1630	625
1630	625
1630	625
1631	625
1631	625
1631	625
1631	625
1631	625
1632	625
1632	625
1632	625
1632	625
1632	625
1633	625
1633	625
1633	625
1633	625
1633	625
1634	625
1634	625
1634	625
1634	625
1634	625
1635	625
1635	625
1635	625
1635	625
1635	625
1636	625
1636	625
1636	625
1636	625
1636	625
1637	625
1637	625
1637	625
1637	625
1637	625
1638	625
1638	625
1638	625
1638	625
1638	625
1639	625
1639	625
1639	625
1639	625
1639	625
1640	625
1640	625
1640	625
1640	625
1640	625
1641	625
1641	625
1641	625
1641	625
1641	625
1642	625
1642	625
1642	625
1642	625
1642	625
1643	625
1643	625
1643	625
1643	625
1643	625
1644	625
1644	625
1644	625
1644	625
1644	625
1645	625
1645	625
1645	625
1645	625
1645	625
1646	625
1646	625
1646	625
1646	625
1646	625
1647	625
1647	625
1647	625
1647	625
1647	625
1648	625
1648	625
1648	625
1648	625
1648	625
1649	625
1649	625
1649	625
1649	625
1649	625
1650	625
1650	625
1650	625
1650	625
1650	625
1651	625
1651	625
1651	625
1651	625
1651	625
1652	625
1652	625
1652	625
1652	625
1652	625
1653	625
1653	625
1653	625
1653	625
1653	625
1654	625
1654	625
1654	625
1654	625
1654	625
1655	625
1655	625
1655	625
1655	625
1655	625
1656	625
1656	625
1656	625
1656	625
1656	625
1657	625
1657	625
1657	625
1657	625
1657	625
1658	625
1658	625
1658	625
1658	625
1658	625
1659	625
1659	625
1659	625
1659	625
1659	625
1660	625
1660	625
1660	625
1660	625
1660	625
1661	625
1661	625
1661	625
1661	625
1661	625
1662	625
1662	625
1662	625
1662	625
1662	625
1663	625
1663	625
1663	625
1663	625
1663	625
1664	625
1664	625
1664	625
1664	625
1664	625
1665	625
1665	625
1665	625
1665	625
1665	625
1666	625
1666	625
1666	625
1666	625
1666	625
1667	625
1667	625
1667	625
1667	625
1667	625
1668	625
1668	625
1668	625
1668	625
1668	625
1669	625
1669	625
1669	625
1669	625
1669	625
1670	625
1670	625
1670	625
1670	625
1670	625
1671	625
1671	625
1671	625
1671	625
1671	625
1672	625
1672	625
1672	625
1672	625
1672	625
1673	625
1673	625
1673	625
1673	625
1673	625
1674	625
1674	625
1674	625
1674	625
1674	625
1675	625
1675	625
1675	625
1675	625
1675	625
1676	625
1676	625
1676	625
1676	625
1676	625
1677	625
1677	625
1677	625
1677	625
1677	625
1678	625
1678	625
1678	625
1678	625
1678	625
1679	625
1679	625
1679	625
1679	625
1679	625
1680	625
1680	625
1680	625
1680	625
1680	625
1681	625
1681	625
1681	625
1681	625
1681	625
1682	625
1682	625
1682	625
1682	625
1682	625
1683	625
1683	625
1683	625
1683	625
1683	625
1684	625
1684	625
1684	625
1684	625
1684	625
1685	625
1685	625
1685	625
1685	625
1685	625
1686	625
1686	625
1686	625
1686	625
1686	625
1687	625
1687	625
1687	625
1687	625
1687	625
1688	625
1688	625
1688	625
1688	625
1688	625
1689	625
1689	625
1689	625
1689	625
1689	625
1690	625
1690	625
1690	625
1690	625
1690	625
1691	625
1691	625
1691	625
1691	625
1691	625
1692	625
1692	625
1692	625
1692	625
1692	625
1693	625
1693	625
1693	625
1693	625
1693	625
1694	625
1694	625
1694	625
1694	625
1694	625
1695	625
1695	625
1695	625
1695	625
1695	625
1696	625
1696	625
1696	625
1696	625
1696	625
1697	625
1697	625
1697	625
1697	625
1697	625
1698	625
1698	625
1698	625
1698	625
1698	625
1699	625
1699	625
1699	625
1699	625
1699	625
1700	625
1700	625
1700	625
1700	625
1700	625
1701	625
1701	625
1701	625
1701	625
1701	625
1702	625
1702	625
1702	625
1702	625
1702	625
1703	625
1703	625
1703	625
1703	625
1703	625
1704	625
1704	625
1704	625
1704	625
1704	625
1705	625
1705	625
1705	625
1705	625
1705	625
1706	625
1706	625
1706	625
1706	625
1706	625
1707	625
1707	625
1707	625
1707	625
1707	625
1708	625
1708	625
1708	625
1708	625
1708	625
1709	625
1709	625
1709	625
1709	625
1709	625
1710	625
1710	625
1710	625
1710	625
1710	625
1711	625
1711	625
1711	625
1711	625
1711	625
1712	625
1712	625
1712	625
1712	625
1712	625
1713	625
1713	625
1713	625
1713	625
1713	625
1714	625
1714	625
1714	625
1714	625
1714	625
1715	625
1715	625
1715	625
1715	625
1715	625
1716	625
1716	625
1716	625
1716	625
1716	625
1717	625
1717	625
1717	625
1717	625
1717	625
1718	625
1718	625
1718	625
1718	625
1718	625
1719	625
1719	625
1719	625
1719	625
1719	625
1720	625
1720	625
1720	625
1720	625
1720	625
1721	625
1721	625
1721	625
1721	625
1721	625
1722	625
1722	625
1722	625
1722	625
1722	625
1723	625
1723	625
1723	625
1723	625
1723	625
1724	625
1724	625
1724	625
1724	625
1724	625
1725	625
1725	625
1725	625
1725	625
1725	625
1726	625
1726	625
1726	625
1726	625
1726	625
1727	625
1727	625
1727	625
1727	625
1727	625
1728	625
1728	625
1728	625
1728	625
1728	625
1729	625
1729	625
1729	625
1729	625
1729	625
1730	625
1730	625
1730	625
1730	625
1730	625
1731	625
1731	625
1731	625
1731	625
1731	625
1732	625
1732	625
1732	625
1732	625
1732	625
1733	625
1733	625
1733	625
1733	625
1733	625
1734	625
1734	625
1734	625
1734	625
1734	625
1735	625
1735	625
1735	625
1735	625
1735	625
1736	625
1736	625
1736	625
1736	625
1736	625
1737	625
1737	625
1737	625
1737	625
1737	625
1738	625
1738	625
1738	625
1738	625
1738	625
1739	625
1739	625
1739	625
1739	625
1739	625
1740	625
1740	625
1740	625
1740	625
1740	625
1741	625
1741	625
1741	625
1741	625
1741	625
1742	625
1742	625
1742	625
1742	625
1742	625
1743	625
1743	625
1743	625
1743	625
1743	625
1744	625
1744	625
1744	625
1744	625
1744	625
1745	625
1745	625
1745	625
1745	625
1745	625
1746	625
1746	625
1746	625
1746	625
1746	625
1747	625
1747	625
1747	625
1747	625
1747	625
1748	625
1748	625
1748	625
1748	625
1748	625
1749	625
1749	625
1749	625
1749	625
1749	625
1750	625
1750	625
1750	625
1750	625
1750	625
1751	625
1751	625
1751	625
1751	625
1751	625
1752	625
1752	625
1752	625
1752	625
1752	625
1753	625
1753	625
1753	625
1753	625
1753	625
1754	625
1754	625
1754	625
1754	625
1754	625
1755	625
1755	625
1755	625
1755	625
1755	625
1756	625
1756	625
1756	625
1756	625
1756	625
1757	625
1757	625
1757	625
1757	625
1757	625
1758	625
1758	625
1758	625
1758	625
1758	625
1759	625
1759	625
1759	625
1759	625
1759	625
1760	625
1760	625
1760	625
1760	625
1760	625
1761	625
1761	625
1761	625
1761	625
1761	625
1762	625
1762	625
1762	625
1762	625
1762	625
1763	625
1763	625
1763	625
1763	625
1763	625
1764	625
1764	625
1764	625
1764	625
1764	625
1765	625
1765	625
1765	625
1765	625
1765	625
1766	625
1766	625
1766	625
1766	625
1766	625
1767	625
1767	625
1767	625
1767	625
1767	625
1768	625
1768	625
1768	625
1768	625
1768	625
1769	625
1769	625
1769	625
1769	625
1769	625
1770	625
1770	625
1770	625
1770	625
1770	625
1771	625
1771	625
1771	625
1771	625
1771	625
1772	625
1772	625
1772	625
1772	625
1772	625
1773	625
1773	625
1773	625
1773	625
1773	625
1774	625
1774	625
1774	625
1774	625
1774	625
1775	625
1775	625
1775	625
1775	625
1775	625
1776	625
1776	625
1776	625
1776	625
1776	625
1777	625
1777	625
1777	625
1777	625
1777	625
1778	625
1778	625
1778	625
1778	625
1778	625
1779	625
1779	625
1779	625
1779	625
1779	625
1780	625
1780	625
1780	625
1780	625
1780	625
1781	625
1781	625
1781	625
1781	625
1781	625
1782	625
1782	625
1782	625
1782	625
1782	625
1783	625
1783	625
1783	625
1783	625
1783	625
1784	625
1784	625
1784	625
1784	625
1784	625
1785	625
1785	625
1785	625
1785	625
1785	625
1786	625
1786	625
1786	625
1786	625
1786	625
1787	625
1787	625
1787	625
1787	625
1787	625
1788	625
1788	625
1788	625
1788	625
1788	625
1789	625
1789	625
1789	625
1789	625
1789	625
1790	625
1790	625
1790	625
1790	625
1790	625
1791	625
1791	625
1791	625
1791	625
1791	625
1792	625
1792	625
1792	625
1792	625
1792	625
1793	625
1793	625
1793	625
1793	625
1793	625
1794	625
1794	625
1794	625
1794	625
1794	625
1795	625
1795	625
1795	625
1795	625
1795	625
1796	625
1796	625
1796	625
1796	625
1796	625
1797	625
1797	625
1797	625
1797	625
1797	625
1798	625
1798	625
1798	625
1798	625
1798	625
1799	625
1799	625
1799	625
1799	625
1799	625
1800	625
1800	625
1800	625
1800	625
1800	625
1801	625
1801	625
1801	625
1801	625
1801	625
1802	625
1802	625
1802	625
1802	625
1802	625
1803	625
1803	625
1803	625
1803	625
1803	625
1804	625
1804	625
1804	625
1804	625
1804	625
1805	625
1805	625
1805	625
1805	625
1805	625
1806	625
1806	625
1806	625
1806	625
1806	625
1807	625
1807	625
1807	625
1807	625
1807	625
1808	625
1808	625
1808	625
1808	625
1808	625
1809	625
1809	625
1809	625
1809	625
1809	625
1810	625
1810	625
1810	625
1810	625
1810	625
1811	625
1811	625
1811	625
1811	625
1811	625
1812	625
1812	625
1812	625
1812	625
1812	625
1813	625
1813	625
1813	625
1813	625
1813	625
1814	625
1814	625
1814	625
1814	625
1814	625
1815	625
1815	625
1815	625
1815	625
1815	625
1816	625
1816	625
1816	625
1816	625
1816	625
1817	625
1817	625
1817	625
1817	625
1817	625
1818	625
1818	625
1818	625
1818	625
1818	625
1819	625
1819	625
1819	625
1819	625
1819	625
1820	625
1820	625
1820	625
1820	625
1820	625
1821	625
1821	625
1821	625
1821	625
1821	625
1822	625
1822	625
1822	625
1822	625
1822	625
1823	625
1823	625
1823	625
1823	625
1823	625
1824	625
1824	625
1824	625
1824	625
1824	625
1825	625
1825	625
1825	625
1825	625
1825	625
1826	625
1826	625
1826	625
1826	625
1826	625
1827	625
1827	625
1827	625
1827	625
1827	625
1828	625
1828	625
1828	625
1828	625
1828	625
1829	625
1829	625
1829	625
1829	625
1829	625
1830	625
1830	625
1830	625
1830	625
1830	625
1831	625
1831	625
1831	625
1831	625
1831	625
1832	625
1832	625
1832	625
1832	625
1832	625
1833	625
1833	625
1833	625
1833	625
1833	625
1834	625
1834	625
1834	625
1834	625
1834	625
1835	625
1835	625
1835	625
1835	625
1835	625
1836	625
1836	625
1836	625
1836	625
1836	625
1837	625
1837	625
1837	625
1837	625
1837	625
1838	625
1838	625
1838	625
1838	625
1838	625
1839	625
1839	625
1839	625
1839	625
1839	625
1840	625
1840	625
1840	625
1840	625
1840	625
1841	625
1841	625
1841	625
1841	625
1841	625
1842	625
1842	625
1842	625
1842	625
1842	625
1843	625
1843	625
1843	625
1843	625
1843	625
1844	625
1844	625
1844	625
1844	625
1844	625
1845	625
1845	625
1845	625
1845	625
1845	625
1846	625
1846	625
1846	625
1846	625
1846	625
1847	625
1847	625
1847	625
1847	625
1847	625
1848	625
1848	625
1848	625
1848	625
1848	625
1849	625
1849	625
1849	625
1849	625
1849	625
1850	625
1850	625
1850	625
1850	625
1850	625
1851	625
1851	625
1851	625
1851	625
1851	625
1852	625
1852	625
1852	625
1852	625
1852	625
1853	625
1853	625
1853	625
1853	625
1853	625
1854	625
1854	625
1854	625
1854	625
1854	625
1855	625
1855	625
1855	625
1855	625
1855	625
1856	625
1856	625
1856	625
1856	625
1856	625
1857	625
1857	625
1857	625
1857	625
1857	625
1858	625
1858	625
1858	625
1858	625
1858	625
1859	625
1859	625
1859	625
1859	625
1859	625
1860	625
1860	625
1860	625
1860	625
1860	625
1861	625
1861	625
1861	625
1861	625
1861	625
1862	625
1862	625
1862	625
1862	625
1862	625
1863	625
1863	625
1863	625
1863	625
1863	625
1864	625
1864	625
1864	625
1864	625
1864	625
1865	625
1865	625
1865	625
1865	625
1865	625
1866	625
1866	625
1866	625
1866	625
1866	625
1867	625
1867	625
1867	625
1867	625
1867	625
1868	625
1868	625
1868	625
1868	625
1868	625
1869	625
1869	625
1869	625
1869	625
1869	625
1870	625
1870	625
1870	625
1870	625
1870	625
1871	625
1871	625
1871	625
1871	625
1871	625
1872	625
1872	625
1872	625
1872	625
1872	625
1873	625
1873	625
1873	625
1873	625
1873	625
1874	625
1874	625
1874	625
1874	625
1874	625
1875	625
1875	625
1875	625
1875	625
1875	625
1876	625
1876	625
1876	625
1876	625
1876	625
1877	625
1877	625
1877	625
1877	625
1877	625
1878	625
1878	625
1878	625
1878	625
1878	625
1879	625
1879	625
1879	625
1879	625
1879	625
1880	625
1880	625
1880	625
1880	625
1880	625
1881	625
1881	625
1881	625
1881	625
1881	625
1882	625
1882	625
1882	625
1882	625
1882	625
1883	625
1883	625
1883	625
1883	625
1883	625
1884	625
1884	625
1884	625
1884	625
1884	625
1885	625
1885	625
1885	625
1885	625
1885	625
1886	625
1886	625
1886	625
1886	625
1886	625
1887	625
1887	625
1887	625
1887	625
1887	625
1888	625
1888	625
1888	625
1888	625
1888	625
1889	625
1889	625
1889	625
1889	625
1889	625
1890	625
1890	625
1890	625
1890	625
1890	625
1891	625
1891	625
1891	625
1891	625
1891	625
1892	625
1892	625
1892	625
1892	625
1892	625
1893	625
1893	625
1893	625
1893	625
1893	625
1894	625
1894	625
1894	625
1894	625
1894	625
1895	625
1895	625
1895	625
1895	625
1895	625
1896	625
1896	625
1896	625
1896	625
1896	625
1897	625
1897	625
1897	625
1897	625
1897	625
1898	625
1898	625
1898	625
1898	625
1898	625
1899	625
1899	625
1899	625
1899	625
1899	625
1900	625
1900	625
1900	625
1900	625
1900	625
1901	625
1901	625
1901	625
1901	625
1901	625
1902	625
1902	625
1902	625
1902	625
1902	625
1903	625
1903	625
1903	625
1903	625
1903	625
1904	625
1904	625
1904	625
1904	625
1904	625
1905	625
1905	625
1905	625
1905	625
1905	625
1906	625
1906	625
1906	625
1906	625
1906	625
1907	625
1907	625
1907	625
1907	625
1907	625
1908	625
1908	625
1908	625
1908	625
1908	625
1909	625
1909	625
1909	625
1909	625
1909	625
1910	625
1910	625
1910	625
1910	625
1910	625
1911	625
1911	625
1911	625
1911	625
1911	625
1912	625
1912	625
1912	625
1912	625
1912	625
1913	625
1913	625
1913	625
1913	625
1913	625
1914	625
1914	625
1914	625
1914	625
1914	625
1915	625
1915	625
1915	625
1915	625
1915	625
1916	625
1916	625
1916	625
1916	625
1916	625
1917	625
1917	625
1917	625
1917	625
1917	625
1918	625
1918	625
1918	625
1918	625
1918	625
1919	625
1919	625
1919	625
1919	625
1919	625
1920	625
1920	625
1920	625
1920	625
1920	625
1921	625
1921	625
1921	625
1921	625
1921	625
1922	625
1922	625
1922	625
1922	625
1922	625
1923	625
1923	625
1923	625
1923	625
1923	625
1924	625
1924	625
1924	625
1924	625
1924	625
1925	625
1925	625
1925	625
1925	625
1925	625
1926	625
1926	625
1926	625
1926	625
1926	625
1927	625
1927	625
1927	625
1927	625
1927	625
1928	625
1928	625
1928	625
1928	625
1928	625
1929	625
1929	625
1929	625
1929	625
1929	625
1930	625
1930	625
1930	625
1930	625
1930	625
1931	625
1931	625
1931	625
1931	625
1931	625
1932	625
1932	625
1932	625
1932	625
1932	625
1933	625
1933	625
1933	625
1933	625
1933	625
1934	625
1934	625
1934	625
1934	625
1934	625
1935	625
1935	625
1935	625
1935	625
1935	625
1936	625
1936	625
1936	625
1936	625
1936	625
1937	625
1937	625
1937	625
1937	625
1937	625
1938	625
1938	625
1938	625
1938	625
1938	625
1939	625
1939	625
1939	625
1939	625
1939	625
1940	625
1940	625
1940	625
1940	625
1940	625
1941	625
1941	625
1941	625
1941	625
1941	625
1942	625
1942	625
1942	625
1942	625
1942	625
1943	625
1943	625
1943	625
1943	625
1943	625
1944	625
1944	625
1944	625
1944	625
1944	625
1945	625
1945	625
1945	625
1945	625
1945	625
1946	625
1946	625
1946	625
1946	625
1946	625
1947	625
1947	625
1947	625
1947	625
1947	625
1948	625
1948	625
1948	625
1948	625
1948	625
1949	625
1949	625
1949	625
1949	625
1949	625
1950	625
1950	625
1950	625
1950	625
1950	625
1951	625
1951	625
1951	625
1951	625
1951	625
1952	625
1952	625
1952	625
1952	625
1952	625
1953	625
1953	625
1953	625
1953	625
1953	625
1954	625
1954	625
1954	625
1954	625
1954	625
1955	625
1955	625
1955	625
1955	625
1955	625
1956	625
1956	625
1956	625
1956	625
1956	625
1957	625
1957	625
1957	625
1957	625
1957	625
1958	625
1958	625
1958	625
1958	625
1958	625
1959	625
1959	625
1959	625
1959	625
1959	625
1960	625
1960	625
1960	625
1960	625
1960	625
1961	625
1961	625
1961	625
1961	625
1961	625
1962	625
1962	625
1962	625
1962	625
1962	625
1963	625
1963	625
1963	625
1963	625
1963	625
1964	625
1964	625
1964	625
1964	625
1964	625
1965	625
1965	625
1965	625
1965	625
1965	625
1966	625
1966	625
1966	625
1966	625
1966	625
1967	625
1967	625
1967	625
1967	625
1967	625
1968	625
1968	625
1968	625
1968	625
1968	625
1969	625
1969	625
1969	625
1969	625
1969	625
1970	625
1970	625
1970	625
1970	625
1970	625
1971	625
1971	625
1971	625
1971	625
1971	625
1972	625
1972	625
1972	625
1972	625
1972	625
1973	625
1973	625
1973	625
1973	625
1973	625
1974	625
1974	625
1974	625
1974	625
1974	625
1975	625
1975	625
1975	625
1975	625
1975	625
1976	625
1976	625
1976	625
1976	625
1976	625
1977	625
1977	625
1977	625
1977	625
1977	625
1978	625
1978	625
1978	625
1978	625
1978	625
1979	625
1979	625
1979	625
1979	625
1979	625
1980	625
1980	625
1980	625
1980	625
1980	625
1981	625
1981	625
1981	625
1981	625
1981	625
1982	625
1982	625
1982	625
1982	625
1982	625
1983	625
1983	625
1983	625
1983	625
1983	625
1984	625
1984	625
1984	625
1984	625
1984	625
1985	625
1985	625
1985	625
1985	625
1985	625
1986	625
1986	625
1986	625
1986	625
1986	625
1987	625
1987	625
1987	625
1987	625
1987	625
1988	625
1988	625
1988	625
1988	625
1988	625
1989	625
1989	625
1989	625
1989	625
1989	625
1990	625
1990	625
1990	625
1990	625
1990	625
1991	625
1991	625
1991	625
1991	625
1991	625
1992	625
1992	625
1992	625
1992	625
1992	625
1993	625
1993	625
1993	625
1993	625
1993	625
1994	625
1994	625
1994	625
1994	625
1994	625
1995	625
1995	625
1995	625
1995	625
1995	625
1996	625
1996	625
1996	625
1996	625
1996	625
1997	625
1997	625
1997	625
1997	625
1997	625
1998	625
1998	625
1998	625
1998	625
1998	625
1999	625
1999	625
1999	625
1999	625
1999	625
2000	625
2000	625
2000	625
2000	625
2000	625
