0	200
0	200
0	200
0	200
0	200
0	200
0	200
0	200
0	200
0	200
0	200
0	200
0	200
0	200
0	200
0	200
0	200
0	200
0	200
0	200
5	200
5	200
5	200
5	200
5	200
5	200
5	200
5	200
5	200
5	200
5	200
5	200
5	200
5	200
5	200
5	200
5	200
5	200
5	200
5	200
10	200
10	200
10	200
10	200
10	200
10	200
10	200
10	200
10	200
10	200
10	200
10	200
10	200
10	200
10	200
10	200
10	200
10	200
10	200
10	200
15	200
15	200
15	200
15	200
15	200
15	200
15	200
15	200
15	200
15	200
15	200
15	200
15	200
15	200
15	200
15	200
15	200
15	200
15	200
15	200
20	200
20	200
20	200
20	200
20	200
20	200
20	200
20	200
20	200
20	200
20	200
20	200
20	200
20	200
20	200
20	200
20	200
20	200
20	200
20	200
25	200
25	200
25	200
25	200
25	200
25	200
25	200
25	200
25	200
25	200
25	200
25	200
25	200
25	200
25	200
25	200
25	200
25	200
25	200
25	200
30	200
30	200
30	200
30	200
30	200
30	200
30	200
30	200
30	200
30	200
30	200
30	200
30	200
30	200
30	200
30	200
30	200
30	200
30	200
30	200
35	200
35	200
35	200
35	200
35	200
35	200
35	200
35	200
35	200
35	200
35	200
35	200
35	200
35	200
35	200
35	200
35	200
35	200
35	200
35	200
40	200
40	200
40	200
40	200
40	200
40	200
40	200
40	200
40	200
40	200
40	200
40	200
40	200
40	200
40	200
40	200
40	200
40	200
40	200
40	200
45	200
45	200
45	200
45	200
45	200
45	200
45	200
45	200
45	200
45	200
45	200
45	200
45	200
45	200
45	200
45	200
45	200
45	200
45	200
45	200
50	200
50	200
50	200
50	200
50	200
50	200
50	200
50	200
50	200
50	200
50	200
50	200
50	200
50	200
50	200
50	200
50	200
50	200
50	200
50	200
55	200
55	200
55	200
55	200
55	200
55	200
55	200
55	200
55	200
55	200
55	200
55	200
55	200
55	200
55	200
55	200
55	200
55	200
55	200
55	200
60	200
60	200
60	200
60	200
60	200
60	200
60	200
60	200
60	200
60	200
60	200
60	200
60	200
60	200
60	200
60	200
60	200
60	200
60	200
60	200
65	200
65	200
65	200
65	200
65	200
65	200
65	200
65	200
65	200
65	200
65	200
65	200
65	200
65	200
65	200
65	200
65	200
65	200
65	200
65	200
70	200
70	200
70	200
70	200
70	200
70	200
70	200
70	200
70	200
70	200
70	200
70	200
70	200
70	200
70	200
70	200
70	200
70	200
70	200
70	200
75	200
75	200
75	200
75	200
75	200
75	200
75	200
75	200
75	200
75	200
75	200
75	200
75	200
75	200
75	200
75	200
75	200
75	200
75	200
75	200
80	200
80	200
80	200
80	200
80	200
80	200
80	200
80	200
80	200
80	200
80	200
80	200
80	200
80	200
80	200
80	200
80	200
80	200
80	200
80	200
85	200
85	200
85	200
85	200
85	200
85	200
85	200
85	200
85	200
85	200
85	200
85	200
85	200
85	200
85	200
85	200
85	200
85	200
85	200
85	200
90	200
90	200
90	200
90	200
90	200
90	200
90	200
90	200
90	200
90	200
90	200
90	200
90	200
90	200
90	200
90	200
90	200
90	200
90	200
90	200
95	200
95	200
95	200
95	200
95	200
95	200
95	200
95	200
95	200
95	200
95	200
95	200
95	200
95	200
95	200
95	200
95	200
95	200
95	200
95	200
100	200
100	200
100	200
100	200
100	200
100	200
100	200
100	200
100	200
100	200
100	200
100	200
100	200
100	200
100	200
100	200
100	200
100	200
100	200
100	200
105	200
105	200
105	200
105	200
105	200
105	200
105	200
105	200
105	200
105	200
105	200
105	200
105	200
105	200
105	200
105	200
105	200
105	200
105	200
105	200
110	200
110	200
110	200
110	200
110	200
110	200
110	200
110	200
110	200
110	200
110	200
110	200
110	200
110	200
110	200
110	200
110	200
110	200
110	200
110	200
115	200
115	200
115	200
115	200
115	200
115	200
115	200
115	200
115	200
115	200
115	200
115	200
115	200
115	200
115	200
115	200
115	200
115	200
115	200
115	200
120	200
120	200
120	200
120	200
120	200
120	200
120	200
120	200
120	200
120	200
120	200
120	200
120	200
120	200
120	200
120	200
120	200
120	200
120	200
120	200
125	200
125	200
125	200
125	200
125	200
125	200
125	200
125	200
125	200
125	200
125	200
125	200
125	200
125	200
125	200
125	200
125	200
125	200
125	200
125	200
130	200
130	200
130	200
130	200
130	200
130	200
130	200
130	200
130	200
130	200
130	200
130	200
130	200
130	200
130	200
130	200
130	200
130	200
130	200
130	200
135	200
135	200
135	200
135	200
135	200
135	200
135	200
135	200
135	200
135	200
135	200
135	200
135	200
135	200
135	200
135	200
135	200
135	200
135	200
135	200
140	200
140	200
140	200
140	200
140	200
140	200
140	200
140	200
140	200
140	200
140	200
140	200
140	200
140	200
140	200
140	200
140	200
140	200
140	200
140	200
145	200
145	200
145	200
145	200
145	200
145	200
145	200
145	200
145	200
145	200
145	200
145	200
145	200
145	200
145	200
145	200
145	200
145	200
145	200
145	200
150	200
150	200
150	200
150	200
150	200
150	200
150	200
150	200
150	200
150	200
150	200
150	200
150	200
150	200
150	200
150	200
150	200
150	200
150	200
150	200
155	200
155	200
155	200
155	200
155	200
155	200
155	200
155	200
155	200
155	200
155	200
155	200
155	200
155	200
155	200
155	200
155	200
155	200
155	200
155	200
160	200
160	200
160	200
160	200
160	200
160	200
160	200
160	200
160	200
160	200
160	200
160	200
160	200
160	200
160	200
160	200
160	200
160	200
160	200
160	200
165	200
165	200
165	200
165	200
165	200
165	200
165	200
165	200
165	200
165	200
165	200
165	200
165	200
165	200
165	200
165	200
165	200
165	200
165	200
165	200
170	200
170	200
170	200
170	200
170	200
170	200
170	200
170	200
170	200
170	200
170	200
170	200
170	200
170	200
170	200
170	200
170	200
170	200
170	200
170	200
175	200
175	200
175	200
175	200
175	200
175	200
175	200
175	200
175	200
175	200
175	200
175	200
175	200
175	200
175	200
175	200
175	200
175	200
175	200
175	200
180	200
180	200
180	200
180	200
180	200
180	200
180	200
180	200
180	200
180	200
180	200
180	200
180	200
180	200
180	200
180	200
180	200
180	200
180	200
180	200
185	200
185	200
185	200
185	200
185	200
185	200
185	200
185	200
185	200
185	200
185	200
185	200
185	200
185	200
185	200
185	200
185	200
185	200
185	200
185	200
190	200
190	200
190	200
190	200
190	200
190	200
190	200
190	200
190	200
190	200
190	200
190	200
190	200
190	200
190	200
190	200
190	200
190	200
190	200
190	200
195	200
195	200
195	200
195	200
195	200
195	200
195	200
195	200
195	200
195	200
195	200
195	200
195	200
195	200
195	200
195	200
195	200
195	200
195	200
195	200
200	200
200	200
200	200
200	200
200	200
200	200
200	200
200	200
200	200
200	200
200	200
200	200
200	200
200	200
200	200
200	200
200	200
200	200
200	200
200	200
205	200
205	200
205	200
205	200
205	200
205	200
205	200
205	200
205	200
205	200
205	200
205	200
205	200
205	200
205	200
205	200
205	200
205	200
205	200
205	200
210	200
210	200
210	200
210	200
210	200
210	200
210	200
210	200
210	200
210	200
210	200
210	200
210	200
210	200
210	200
210	200
210	200
210	200
210	200
210	200
215	200
215	200
215	200
215	200
215	200
215	200
215	200
215	200
215	200
215	200
215	200
215	200
215	200
215	200
215	200
215	200
215	200
215	200
215	200
215	200
220	200
220	200
220	200
220	200
220	200
220	200
220	200
220	200
220	200
220	200
220	200
220	200
220	200
220	200
220	200
220	200
220	200
220	200
220	200
220	200
225	200
225	200
225	200
225	200
225	200
225	200
225	200
225	200
225	200
225	200
225	200
225	200
225	200
225	200
225	200
225	200
225	200
225	200
225	200
225	200
230	200
230	200
230	200
230	200
230	200
230	200
230	200
230	200
230	200
230	200
230	200
230	200
230	200
230	200
230	200
230	200
230	200
230	200
230	200
230	200
235	200
235	200
235	200
235	200
235	200
235	200
235	200
235	200
235	200
235	200
235	200
235	200
235	200
235	200
235	200
235	200
235	200
235	200
235	200
235	200
240	200
240	200
240	200
240	200
240	200
240	200
240	200
240	200
240	200
240	200
240	200
240	200
240	200
240	200
240	200
240	200
240	200
240	200
240	200
240	200
245	200
245	200
245	200
245	200
245	200
245	200
245	200
245	200
245	200
245	200
245	200
245	200
245	200
245	200
245	200
245	200
245	200
245	200
245	200
245	200
250	200
250	200
250	200
250	200
250	200
250	200
250	200
250	200
250	200
250	200
250	200
250	200
250	200
250	200
250	200
250	200
250	200
250	200
250	200
250	200
255	200
255	200
255	200
255	200
255	200
255	200
255	200
255	200
255	200
255	200
255	200
255	200
255	200
255	200
255	200
255	200
255	200
255	200
255	200
255	200
260	200
260	200
260	200
260	200
260	200
260	200
260	200
260	200
260	200
260	200
260	200
260	200
260	200
260	200
260	200
260	200
260	200
260	200
260	200
260	200
265	200
265	200
265	200
265	200
265	200
265	200
265	200
265	200
265	200
265	200
265	200
265	200
265	200
265	200
265	200
265	200
265	200
265	200
265	200
265	200
270	200
270	200
270	200
270	200
270	200
270	200
270	200
270	200
270	200
270	200
270	200
270	200
270	200
270	200
270	200
270	200
270	200
270	200
270	200
270	200
275	200
275	200
275	200
275	200
275	200
275	200
275	200
275	200
275	200
275	200
275	200
275	200
275	200
275	200
275	200
275	200
275	200
275	200
275	200
275	200
280	200
280	200
280	200
280	200
280	200
280	200
280	200
280	200
280	200
280	200
280	200
280	200
280	200
280	200
280	200
280	200
280	200
280	200
280	200
280	200
285	200
285	200
285	200
285	200
285	200
285	200
285	200
285	200
285	200
285	200
285	200
285	200
285	200
285	200
285	200
285	200
285	200
285	200
285	200
285	200
290	200
290	200
290	200
290	200
290	200
290	200
290	200
290	200
290	200
290	200
290	200
290	200
290	200
290	200
290	200
290	200
290	200
290	200
290	200
290	200
295	200
295	200
295	200
295	200
295	200
295	200
295	200
295	200
295	200
295	200
295	200
295	200
295	200
295	200
295	200
295	200
295	200
295	200
295	200
295	200
300	200
300	200
300	200
300	200
300	200
300	200
300	200
300	200
300	200
300	200
300	200
300	200
300	200
300	200
300	200
300	200
300	200
300	200
300	200
300	200
305	200
305	200
305	200
305	200
305	200
305	200
305	200
305	200
305	200
305	200
305	200
305	200
305	200
305	200
305	200
305	200
305	200
305	200
305	200
305	200
310	200
310	200
310	200
310	200
310	200
310	200
310	200
310	200
310	200
310	200
310	200
310	200
310	200
310	200
310	200
310	200
310	200
310	200
310	200
310	200
315	200
315	200
315	200
315	200
315	200
315	200
315	200
315	200
315	200
315	200
315	200
315	200
315	200
315	200
315	200
315	200
315	200
315	200
315	200
315	200
320	200
320	200
320	200
320	200
320	200
320	200
320	200
320	200
320	200
320	200
320	200
320	200
320	200
320	200
320	200
320	200
320	200
320	200
320	200
320	200
325	200
325	200
325	200
325	200
325	200
325	200
325	200
325	200
325	200
325	200
325	200
325	200
325	200
325	200
325	200
325	200
325	200
325	200
325	200
325	200
330	200
330	200
330	200
330	200
330	200
330	200
330	200
330	200
330	200
330	200
330	200
330	200
330	200
330	200
330	200
330	200
330	200
330	200
330	200
330	200
335	200
335	200
335	200
335	200
335	200
335	200
335	200
335	200
335	200
335	200
335	200
335	200
335	200
335	200
335	200
335	200
335	200
335	200
335	200
335	200
340	200
340	200
340	200
340	200
340	200
340	200
340	200
340	200
340	200
340	200
340	200
340	200
340	200
340	200
340	200
340	200
340	200
340	200
340	200
340	200
345	200
345	200
345	200
345	200
345	200
345	200
345	200
345	200
345	200
345	200
345	200
345	200
345	200
345	200
345	200
345	200
345	200
345	200
345	200
345	200
350	200
350	200
350	200
350	200
350	200
350	200
350	200
350	200
350	200
350	200
350	200
350	200
350	200
350	200
350	200
350	200
350	200
350	200
350	200
350	200
355	200
355	200
355	200
355	200
355	200
355	200
355	200
355	200
355	200
355	200
355	200
355	200
355	200
355	200
355	200
355	200
355	200
355	200
355	200
355	200
360	200
360	200
360	200
360	200
360	200
360	200
360	200
360	200
360	200
360	200
360	200
360	200
360	200
360	200
360	200
360	200
360	200
360	200
360	200
360	200
365	200
365	200
365	200
365	200
365	200
365	200
365	200
365	200
365	200
365	200
365	200
365	200
365	200
365	200
365	200
365	200
365	200
365	200
365	200
365	200
370	200
370	200
370	200
370	200
370	200
370	200
370	200
370	200
370	200
370	200
370	200
370	200
370	200
370	200
370	200
370	200
370	200
370	200
370	200
370	200
375	200
375	200
375	200
375	200
375	200
375	200
375	200
375	200
375	200
375	200
375	200
375	200
375	200
375	200
375	200
375	200
375	200
375	200
375	200
375	200
380	200
380	200
380	200
380	200
380	200
380	200
380	200
380	200
380	200
380	200
380	200
380	200
380	200
380	200
380	200
380	200
380	200
380	200
380	200
380	200
385	200
385	200
385	200
385	200
385	200
385	200
385	200
385	200
385	200
385	200
385	200
385	200
385	200
385	200
385	200
385	200
385	200
385	200
385	200
385	200
390	200
390	200
390	200
390	200
390	200
390	200
390	200
390	200
390	200
390	200
390	200
390	200
390	200
390	200
390	200
390	200
390	200
390	200
390	200
390	200
395	200
395	200
395	200
395	200
395	200
395	200
395	200
395	200
395	200
395	200
395	200
395	200
395	200
395	200
395	200
395	200
395	200
395	200
395	200
395	200
400	200
400	200
400	200
400	200
400	200
400	200
400	200
400	200
400	200
400	200
400	200
400	200
400	200
400	200
400	200
400	200
400	200
400	200
400	200
400	200
405	200
405	200
405	200
405	200
405	200
405	200
405	200
405	200
405	200
405	200
405	200
405	200
405	200
405	200
405	200
405	200
405	200
405	200
405	200
405	200
410	200
410	200
410	200
410	200
410	200
410	200
410	200
410	200
410	200
410	200
410	200
410	200
410	200
410	200
410	200
410	200
410	200
410	200
410	200
410	200
415	200
415	200
415	200
415	200
415	200
415	200
415	200
415	200
415	200
415	200
415	200
415	200
415	200
415	200
415	200
415	200
415	200
415	200
415	200
415	200
420	200
420	200
420	200
420	200
420	200
420	200
420	200
420	200
420	200
420	200
420	200
420	200
420	200
420	200
420	200
420	200
420	200
420	200
420	200
420	200
425	200
425	200
425	200
425	200
425	200
425	200
425	200
425	200
425	200
425	200
425	200
425	200
425	200
425	200
425	200
425	200
425	200
425	200
425	200
425	200
430	200
430	200
430	200
430	200
430	200
430	200
430	200
430	200
430	200
430	200
430	200
430	200
430	200
430	200
430	200
430	200
430	200
430	200
430	200
430	200
435	200
435	200
435	200
435	200
435	200
435	200
435	200
435	200
435	200
435	200
435	200
435	200
435	200
435	200
435	200
435	200
435	200
435	200
435	200
435	200
440	200
440	200
440	200
440	200
440	200
440	200
440	200
440	200
440	200
440	200
440	200
440	200
440	200
440	200
440	200
440	200
440	200
440	200
440	200
440	200
445	200
445	200
445	200
445	200
445	200
445	200
445	200
445	200
445	200
445	200
445	200
445	200
445	200
445	200
445	200
445	200
445	200
445	200
445	200
445	200
450	200
450	200
450	200
450	200
450	200
450	200
450	200
450	200
450	200
450	200
450	200
450	200
450	200
450	200
450	200
450	200
450	200
450	200
450	200
450	200
455	200
455	200
455	200
455	200
455	200
455	200
455	200
455	200
455	200
455	200
455	200
455	200
455	200
455	200
455	200
455	200
455	200
455	200
455	200
455	200
460	200
460	200
460	200
460	200
460	200
460	200
460	200
460	200
460	200
460	200
460	200
460	200
460	200
460	200
460	200
460	200
460	200
460	200
460	200
460	200
465	200
465	200
465	200
465	200
465	200
465	200
465	200
465	200
465	200
465	200
465	200
465	200
465	200
465	200
465	200
465	200
465	200
465	200
465	200
465	200
470	200
470	200
470	200
470	200
470	200
470	200
470	200
470	200
470	200
470	200
470	200
470	200
470	200
470	200
470	200
470	200
470	200
470	200
470	200
470	200
475	200
475	200
475	200
475	200
475	200
475	200
475	200
475	200
475	200
475	200
475	200
475	200
475	200
475	200
475	200
475	200
475	200
475	200
475	200
475	200
480	200
480	200
480	200
480	200
480	200
480	200
480	200
480	200
480	200
480	200
480	200
480	200
480	200
480	200
480	200
480	200
480	200
480	200
480	200
480	200
485	200
485	200
485	200
485	200
485	200
485	200
485	200
485	200
485	200
485	200
485	200
485	200
485	200
485	200
485	200
485	200
485	200
485	200
485	200
485	200
490	200
490	200
490	200
490	200
490	200
490	200
490	200
490	200
490	200
490	200
490	200
490	200
490	200
490	200
490	200
490	200
490	200
490	200
490	200
490	200
495	200
495	200
495	200
495	200
495	200
495	200
495	200
495	200
495	200
495	200
495	200
495	200
495	200
495	200
495	200
495	200
495	200
495	200
495	200
495	200
500	200
500	200
500	200
500	200
500	200
500	200
500	200
500	200
500	200
500	200
500	200
500	200
500	200
500	200
500	200
500	200
500	200
500	200
500	200
500	200
505	200
505	200
505	200
505	200
505	200
505	200
505	200
505	200
505	200
505	200
505	200
505	200
505	200
505	200
505	200
505	200
505	200
505	200
505	200
505	200
510	200
510	200
510	200
510	200
510	200
510	200
510	200
510	200
510	200
510	200
510	200
510	200
510	200
510	200
510	200
510	200
510	200
510	200
510	200
510	200
515	200
515	200
515	200
515	200
515	200
515	200
515	200
515	200
515	200
515	200
515	200
515	200
515	200
515	200
515	200
515	200
515	200
515	200
515	200
515	200
520	200
520	200
520	200
520	200
520	200
520	200
520	200
520	200
520	200
520	200
520	200
520	200
520	200
520	200
520	200
520	200
520	200
520	200
520	200
520	200
525	200
525	200
525	200
525	200
525	200
525	200
525	200
525	200
525	200
525	200
525	200
525	200
525	200
525	200
525	200
525	200
525	200
525	200
525	200
525	200
530	200
530	200
530	200
530	200
530	200
530	200
530	200
530	200
530	200
530	200
530	200
530	200
530	200
530	200
530	200
530	200
530	200
530	200
530	200
530	200
535	200
535	200
535	200
535	200
535	200
535	200
535	200
535	200
535	200
535	200
535	200
535	200
535	200
535	200
535	200
535	200
535	200
535	200
535	200
535	200
540	200
540	200
540	200
540	200
540	200
540	200
540	200
540	200
540	200
540	200
540	200
540	200
540	200
540	200
540	200
540	200
540	200
540	200
540	200
540	200
545	200
545	200
545	200
545	200
545	200
545	200
545	200
545	200
545	200
545	200
545	200
545	200
545	200
545	200
545	200
545	200
545	200
545	200
545	200
545	200
550	200
550	200
550	200
550	200
550	200
550	200
550	200
550	200
550	200
550	200
550	200
550	200
550	200
550	200
550	200
550	200
550	200
550	200
550	200
550	200
555	200
555	200
555	200
555	200
555	200
555	200
555	200
555	200
555	200
555	200
555	200
555	200
555	200
555	200
555	200
555	200
555	200
555	200
555	200
555	200
560	200
560	200
560	200
560	200
560	200
560	200
560	200
560	200
560	200
560	200
560	200
560	200
560	200
560	200
560	200
560	200
560	200
560	200
560	200
560	200
565	200
565	200
565	200
565	200
565	200
565	200
565	200
565	200
565	200
565	200
565	200
565	200
565	200
565	200
565	200
565	200
565	200
565	200
565	200
565	200
570	200
570	200
570	200
570	200
570	200
570	200
570	200
570	200
570	200
570	200
570	200
570	200
570	200
570	200
570	200
570	200
570	200
570	200
570	200
570	200
575	200
575	200
575	200
575	200
575	200
575	200
575	200
575	200
575	200
575	200
575	200
575	200
575	200
575	200
575	200
575	200
575	200
575	200
575	200
575	200
580	200
580	200
580	200
580	200
580	200
580	200
580	200
580	200
580	200
580	200
580	200
580	200
580	200
580	200
580	200
580	200
580	200
580	200
580	200
580	200
585	200
585	200
585	200
585	200
585	200
585	200
585	200
585	200
585	200
585	200
585	200
585	200
585	200
585	200
585	200
585	200
585	200
585	200
585	200
585	200
590	200
590	200
590	200
590	200
590	200
590	200
590	200
590	200
590	200
590	200
590	200
590	200
590	200
590	200
590	200
590	200
590	200
590	200
590	200
590	200
595	200
595	200
595	200
595	200
595	200
595	200
595	200
595	200
595	200
595	200
595	200
595	200
595	200
595	200
595	200
595	200
595	200
595	200
595	200
595	200
600	200
600	200
600	200
600	200
600	200
600	200
600	200
600	200
600	200
600	200
600	200
600	200
600	200
600	200
600	200
600	200
600	200
600	200
600	200
600	200
605	200
605	200
605	200
605	200
605	200
605	200
605	200
605	200
605	200
605	200
605	200
605	200
605	200
605	200
605	200
605	200
605	200
605	200
605	200
605	200
610	200
610	200
610	200
610	200
610	200
610	200
610	200
610	200
610	200
610	200
610	200
610	200
610	200
610	200
610	200
610	200
610	200
610	200
610	200
610	200
615	200
615	200
615	200
615	200
615	200
615	200
615	200
615	200
615	200
615	200
615	200
615	200
615	200
615	200
615	200
615	200
615	200
615	200
615	200
615	200
620	200
620	200
620	200
620	200
620	200
620	200
620	200
620	200
620	200
620	200
620	200
620	200
620	200
620	200
620	200
620	200
620	200
620	200
620	200
620	200
625	200
625	200
625	200
625	200
625	200
625	200
625	200
625	200
625	200
625	200
625	200
625	200
625	200
625	200
625	200
625	200
625	200
625	200
625	200
625	200
630	200
630	200
630	200
630	200
630	200
630	200
630	200
630	200
630	200
630	200
630	200
630	200
630	200
630	200
630	200
630	200
630	200
630	200
630	200
630	200
635	200
635	200
635	200
635	200
635	200
635	200
635	200
635	200
635	200
635	200
635	200
635	200
635	200
635	200
635	200
635	200
635	200
635	200
635	200
635	200
640	200
640	200
640	200
640	200
640	200
640	200
640	200
640	200
640	200
640	200
640	200
640	200
640	200
640	200
640	200
640	200
640	200
640	200
640	200
640	200
645	200
645	200
645	200
645	200
645	200
645	200
645	200
645	200
645	200
645	200
645	200
645	200
645	200
645	200
645	200
645	200
645	200
645	200
645	200
645	200
650	200
650	200
650	200
650	200
650	200
650	200
650	200
650	200
650	200
650	200
650	200
650	200
650	200
650	200
650	200
650	200
650	200
650	200
650	200
650	200
655	200
655	200
655	200
655	200
655	200
655	200
655	200
655	200
655	200
655	200
655	200
655	200
655	200
655	200
655	200
655	200
655	200
655	200
655	200
655	200
660	200
660	200
660	200
660	200
660	200
660	200
660	200
660	200
660	200
660	200
660	200
660	200
660	200
660	200
660	200
660	200
660	200
660	200
660	200
660	200
665	200
665	200
665	200
665	200
665	200
665	200
665	200
665	200
665	200
665	200
665	200
665	200
665	200
665	200
665	200
665	200
665	200
665	200
665	200
665	200
670	200
670	200
670	200
670	200
670	200
670	200
670	200
670	200
670	200
670	200
670	200
670	200
670	200
670	200
670	200
670	200
670	200
670	200
670	200
670	200
675	200
675	200
675	200
675	200
675	200
675	200
675	200
675	200
675	200
675	200
675	200
675	200
675	200
675	200
675	200
675	200
675	200
675	200
675	200
675	200
680	200
680	200
680	200
680	200
680	200
680	200
680	200
680	200
680	200
680	200
680	200
680	200
680	200
680	200
680	200
680	200
680	200
680	200
680	200
680	200
685	200
685	200
685	200
685	200
685	200
685	200
685	200
685	200
685	200
685	200
685	200
685	200
685	200
685	200
685	200
685	200
685	200
685	200
685	200
685	200
690	200
690	200
690	200
690	200
690	200
690	200
690	200
690	200
690	200
690	200
690	200
690	200
690	200
690	200
690	200
690	200
690	200
690	200
690	200
690	200
695	200
695	200
695	200
695	200
695	200
695	200
695	200
695	200
695	200
695	200
695	200
695	200
695	200
695	200
695	200
695	200
695	200
695	200
695	200
695	200
700	200
700	200
700	200
700	200
700	200
700	200
700	200
700	200
700	200
700	200
700	200
700	200
700	200
700	200
700	200
700	200
700	200
700	200
700	200
700	200
705	200
705	200
705	200
705	200
705	200
705	200
705	200
705	200
705	200
705	200
705	200
705	200
705	200
705	200
705	200
705	200
705	200
705	200
705	200
705	200
710	200
710	200
710	200
710	200
710	200
710	200
710	200
710	200
710	200
710	200
710	200
710	200
710	200
710	200
710	200
710	200
710	200
710	200
710	200
710	200
715	200
715	200
715	200
715	200
715	200
715	200
715	200
715	200
715	200
715	200
715	200
715	200
715	200
715	200
715	200
715	200
715	200
715	200
715	200
715	200
720	200
720	200
720	200
720	200
720	200
720	200
720	200
720	200
720	200
720	200
720	200
720	200
720	200
720	200
720	200
720	200
720	200
720	200
720	200
720	200
725	200
725	200
725	200
725	200
725	200
725	200
725	200
725	200
725	200
725	200
725	200
725	200
725	200
725	200
725	200
725	200
725	200
725	200
725	200
725	200
730	200
730	200
730	200
730	200
730	200
730	200
730	200
730	200
730	200
730	200
730	200
730	200
730	200
730	200
730	200
730	200
730	200
730	200
730	200
730	200
735	200
735	200
735	200
735	200
735	200
735	200
735	200
735	200
735	200
735	200
735	200
735	200
735	200
735	200
735	200
735	200
735	200
735	200
735	200
735	200
740	200
740	200
740	200
740	200
740	200
740	200
740	200
740	200
740	200
740	200
740	200
740	200
740	200
740	200
740	200
740	200
740	200
740	200
740	200
740	200
745	200
745	200
745	200
745	200
745	200
745	200
745	200
745	200
745	200
745	200
745	200
745	200
745	200
745	200
745	200
745	200
745	200
745	200
745	200
745	200
750	200
750	200
750	200
750	200
750	200
750	200
750	200
750	200
750	200
750	200
750	200
750	200
750	200
750	200
750	200
750	200
750	200
750	200
750	200
750	200
755	200
755	200
755	200
755	200
755	200
755	200
755	200
755	200
755	200
755	200
755	200
755	200
755	200
755	200
755	200
755	200
755	200
755	200
755	200
755	200
760	200
760	200
760	200
760	200
760	200
760	200
760	200
760	200
760	200
760	200
760	200
760	200
760	200
760	200
760	200
760	200
760	200
760	200
760	200
760	200
765	200
765	200
765	200
765	200
765	200
765	200
765	200
765	200
765	200
765	200
765	200
765	200
765	200
765	200
765	200
765	200
765	200
765	200
765	200
765	200
770	200
770	200
770	200
770	200
770	200
770	200
770	200
770	200
770	200
770	200
770	200
770	200
770	200
770	200
770	200
770	200
770	200
770	200
770	200
770	200
775	200
775	200
775	200
775	200
775	200
775	200
775	200
775	200
775	200
775	200
775	200
775	200
775	200
775	200
775	200
775	200
775	200
775	200
775	200
775	200
780	200
780	200
780	200
780	200
780	200
780	200
780	200
780	200
780	200
780	200
780	200
780	200
780	200
780	200
780	200
780	200
780	200
780	200
780	200
780	200
785	200
785	200
785	200
785	200
785	200
785	200
785	200
785	200
785	200
785	200
785	200
785	200
785	200
785	200
785	200
785	200
785	200
785	200
785	200
785	200
790	200
790	200
790	200
790	200
790	200
790	200
790	200
790	200
790	200
790	200
790	200
790	200
790	200
790	200
790	200
790	200
790	200
790	200
790	200
790	200
795	200
795	200
795	200
795	200
795	200
795	200
795	200
795	200
795	200
795	200
795	200
795	200
795	200
795	200
795	200
795	200
795	200
795	200
795	200
795	200
800	200
800	200
800	200
800	200
800	200
800	200
800	200
800	200
800	200
800	200
800	200
800	200
800	200
800	200
800	200
800	200
800	200
800	200
800	200
800	200
805	200
805	200
805	200
805	200
805	200
805	200
805	200
805	200
805	200
805	200
805	200
805	200
805	200
805	200
805	200
805	200
805	200
805	200
805	200
805	200
810	200
810	200
810	200
810	200
810	200
810	200
810	200
810	200
810	200
810	200
810	200
810	200
810	200
810	200
810	200
810	200
810	200
810	200
810	200
810	200
815	200
815	200
815	200
815	200
815	200
815	200
815	200
815	200
815	200
815	200
815	200
815	200
815	200
815	200
815	200
815	200
815	200
815	200
815	200
815	200
820	200
820	200
820	200
820	200
820	200
820	200
820	200
820	200
820	200
820	200
820	200
820	200
820	200
820	200
820	200
820	200
820	200
820	200
820	200
820	200
825	200
825	200
825	200
825	200
825	200
825	200
825	200
825	200
825	200
825	200
825	200
825	200
825	200
825	200
825	200
825	200
825	200
825	200
825	200
825	200
830	200
830	200
830	200
830	200
830	200
830	200
830	200
830	200
830	200
830	200
830	200
830	200
830	200
830	200
830	200
830	200
830	200
830	200
830	200
830	200
835	200
835	200
835	200
835	200
835	200
835	200
835	200
835	200
835	200
835	200
835	200
835	200
835	200
835	200
835	200
835	200
835	200
835	200
835	200
835	200
840	200
840	200
840	200
840	200
840	200
840	200
840	200
840	200
840	200
840	200
840	200
840	200
840	200
840	200
840	200
840	200
840	200
840	200
840	200
840	200
845	200
845	200
845	200
845	200
845	200
845	200
845	200
845	200
845	200
845	200
845	200
845	200
845	200
845	200
845	200
845	200
845	200
845	200
845	200
845	200
850	200
850	200
850	200
850	200
850	200
850	200
850	200
850	200
850	200
850	200
850	200
850	200
850	200
850	200
850	200
850	200
850	200
850	200
850	200
850	200
855	200
855	200
855	200
855	200
855	200
855	200
855	200
855	200
855	200
855	200
855	200
855	200
855	200
855	200
855	200
855	200
855	200
855	200
855	200
855	200
860	200
860	200
860	200
860	200
860	200
860	200
860	200
860	200
860	200
860	200
860	200
860	200
860	200
860	200
860	200
860	200
860	200
860	200
860	200
860	200
865	200
865	200
865	200
865	200
865	200
865	200
865	200
865	200
865	200
865	200
865	200
865	200
865	200
865	200
865	200
865	200
865	200
865	200
865	200
865	200
870	200
870	200
870	200
870	200
870	200
870	200
870	200
870	200
870	200
870	200
870	200
870	200
870	200
870	200
870	200
870	200
870	200
870	200
870	200
870	200
875	200
875	200
875	200
875	200
875	200
875	200
875	200
875	200
875	200
875	200
875	200
875	200
875	200
875	200
875	200
875	200
875	200
875	200
875	200
875	200
880	200
880	200
880	200
880	200
880	200
880	200
880	200
880	200
880	200
880	200
880	200
880	200
880	200
880	200
880	200
880	200
880	200
880	200
880	200
880	200
885	200
885	200
885	200
885	200
885	200
885	200
885	200
885	200
885	200
885	200
885	200
885	200
885	200
885	200
885	200
885	200
885	200
885	200
885	200
885	200
890	200
890	200
890	200
890	200
890	200
890	200
890	200
890	200
890	200
890	200
890	200
890	200
890	200
890	200
890	200
890	200
890	200
890	200
890	200
890	200
895	200
895	200
895	200
895	200
895	200
895	200
895	200
895	200
895	200
895	200
895	200
895	200
895	200
895	200
895	200
895	200
895	200
895	200
895	200
895	200
900	200
900	200
900	200
900	200
900	200
900	200
900	200
900	200
900	200
900	200
900	200
900	200
900	200
900	200
900	200
900	200
900	200
900	200
900	200
900	200
905	200
905	200
905	200
905	200
905	200
905	200
905	200
905	200
905	200
905	200
905	200
905	200
905	200
905	200
905	200
905	200
905	200
905	200
905	200
905	200
910	200
910	200
910	200
910	200
910	200
910	200
910	200
910	200
910	200
910	200
910	200
910	200
910	200
910	200
910	200
910	200
910	200
910	200
910	200
910	200
915	200
915	200
915	200
915	200
915	200
915	200
915	200
915	200
915	200
915	200
915	200
915	200
915	200
915	200
915	200
915	200
915	200
915	200
915	200
915	200
920	200
920	200
920	200
920	200
920	200
920	200
920	200
920	200
920	200
920	200
920	200
920	200
920	200
920	200
920	200
920	200
920	200
920	200
920	200
920	200
925	200
925	200
925	200
925	200
925	200
925	200
925	200
925	200
925	200
925	200
925	200
925	200
925	200
925	200
925	200
925	200
925	200
925	200
925	200
925	200
930	200
930	200
930	200
930	200
930	200
930	200
930	200
930	200
930	200
930	200
930	200
930	200
930	200
930	200
930	200
930	200
930	200
930	200
930	200
930	200
935	200
935	200
935	200
935	200
935	200
935	200
935	200
935	200
935	200
935	200
935	200
935	200
935	200
935	200
935	200
935	200
935	200
935	200
935	200
935	200
940	200
940	200
940	200
940	200
940	200
940	200
940	200
940	200
940	200
940	200
940	200
940	200
940	200
940	200
940	200
940	200
940	200
940	200
940	200
940	200
945	200
945	200
945	200
945	200
945	200
945	200
945	200
945	200
945	200
945	200
945	200
945	200
945	200
945	200
945	200
945	200
945	200
945	200
945	200
945	200
950	200
950	200
950	200
950	200
950	200
950	200
950	200
950	200
950	200
950	200
950	200
950	200
950	200
950	200
950	200
950	200
950	200
950	200
950	200
950	200
955	200
955	200
955	200
955	200
955	200
955	200
955	200
955	200
955	200
955	200
955	200
955	200
955	200
955	200
955	200
955	200
955	200
955	200
955	200
955	200
960	200
960	200
960	200
960	200
960	200
960	200
960	200
960	200
960	200
960	200
960	200
960	200
960	200
960	200
960	200
960	200
960	200
960	200
960	200
960	200
965	200
965	200
965	200
965	200
965	200
965	200
965	200
965	200
965	200
965	200
965	200
965	200
965	200
965	200
965	200
965	200
965	200
965	200
965	200
965	200
970	200
970	200
970	200
970	200
970	200
970	200
970	200
970	200
970	200
970	200
970	200
970	200
970	200
970	200
970	200
970	200
970	200
970	200
970	200
970	200
975	200
975	200
975	200
975	200
975	200
975	200
975	200
975	200
975	200
975	200
975	200
975	200
975	200
975	200
975	200
975	200
975	200
975	200
975	200
975	200
980	200
980	200
980	200
980	200
980	200
980	200
980	200
980	200
980	200
980	200
980	200
980	200
980	200
980	200
980	200
980	200
980	200
980	200
980	200
980	200
985	200
985	200
985	200
985	200
985	200
985	200
985	200
985	200
985	200
985	200
985	200
985	200
985	200
985	200
985	200
985	200
985	200
985	200
985	200
985	200
990	200
990	200
990	200
990	200
990	200
990	200
990	200
990	200
990	200
990	200
990	200
990	200
990	200
990	200
990	200
990	200
990	200
990	200
990	200
990	200
995	200
995	200
995	200
995	200
995	200
995	200
995	200
995	200
995	200
995	200
995	200
995	200
995	200
995	200
995	200
995	200
995	200
995	200
995	200
995	200
1000	200
1000	200
1000	200
1000	200
1000	200
1000	200
1000	200
1000	200
1000	200
1000	200
1000	200
1000	200
1000	200
1000	200
1000	200
1000	200
1000	200
1000	200
1000	200
1000	200
1005	200
1005	200
1005	200
1005	200
1005	200
1005	200
1005	200
1005	200
1005	200
1005	200
1005	200
1005	200
1005	200
1005	200
1005	200
1005	200
1005	200
1005	200
1005	200
1005	200
1010	200
1010	200
1010	200
1010	200
1010	200
1010	200
1010	200
1010	200
1010	200
1010	200
1010	200
1010	200
1010	200
1010	200
1010	200
1010	200
1010	200
1010	200
1010	200
1010	200
1015	200
1015	200
1015	200
1015	200
1015	200
1015	200
1015	200
1015	200
1015	200
1015	200
1015	200
1015	200
1015	200
1015	200
1015	200
1015	200
1015	200
1015	200
1015	200
1015	200
1020	200
1020	200
1020	200
1020	200
1020	200
1020	200
1020	200
1020	200
1020	200
1020	200
1020	200
1020	200
1020	200
1020	200
1020	200
1020	200
1020	200
1020	200
1020	200
1020	200
1025	200
1025	200
1025	200
1025	200
1025	200
1025	200
1025	200
1025	200
1025	200
1025	200
1025	200
1025	200
1025	200
1025	200
1025	200
1025	200
1025	200
1025	200
1025	200
1025	200
1030	200
1030	200
1030	200
1030	200
1030	200
1030	200
1030	200
1030	200
1030	200
1030	200
1030	200
1030	200
1030	200
1030	200
1030	200
1030	200
1030	200
1030	200
1030	200
1030	200
1035	200
1035	200
1035	200
1035	200
1035	200
1035	200
1035	200
1035	200
1035	200
1035	200
1035	200
1035	200
1035	200
1035	200
1035	200
1035	200
1035	200
1035	200
1035	200
1035	200
1040	200
1040	200
1040	200
1040	200
1040	200
1040	200
1040	200
1040	200
1040	200
1040	200
1040	200
1040	200
1040	200
1040	200
1040	200
1040	200
1040	200
1040	200
1040	200
1040	200
1045	200
1045	200
1045	200
1045	200
1045	200
1045	200
1045	200
1045	200
1045	200
1045	200
1045	200
1045	200
1045	200
1045	200
1045	200
1045	200
1045	200
1045	200
1045	200
1045	200
1050	200
1050	200
1050	200
1050	200
1050	200
1050	200
1050	200
1050	200
1050	200
1050	200
1050	200
1050	200
1050	200
1050	200
1050	200
1050	200
1050	200
1050	200
1050	200
1050	200
1055	200
1055	200
1055	200
1055	200
1055	200
1055	200
1055	200
1055	200
1055	200
1055	200
1055	200
1055	200
1055	200
1055	200
1055	200
1055	200
1055	200
1055	200
1055	200
1055	200
1060	200
1060	200
1060	200
1060	200
1060	200
1060	200
1060	200
1060	200
1060	200
1060	200
1060	200
1060	200
1060	200
1060	200
1060	200
1060	200
1060	200
1060	200
1060	200
1060	200
1065	200
1065	200
1065	200
1065	200
1065	200
1065	200
1065	200
1065	200
1065	200
1065	200
1065	200
1065	200
1065	200
1065	200
1065	200
1065	200
1065	200
1065	200
1065	200
1065	200
1070	200
1070	200
1070	200
1070	200
1070	200
1070	200
1070	200
1070	200
1070	200
1070	200
1070	200
1070	200
1070	200
1070	200
1070	200
1070	200
1070	200
1070	200
1070	200
1070	200
1075	200
1075	200
1075	200
1075	200
1075	200
1075	200
1075	200
1075	200
1075	200
1075	200
1075	200
1075	200
1075	200
1075	200
1075	200
1075	200
1075	200
1075	200
1075	200
1075	200
1080	200
1080	200
1080	200
1080	200
1080	200
1080	200
1080	200
1080	200
1080	200
1080	200
1080	200
1080	200
1080	200
1080	200
1080	200
1080	200
1080	200
1080	200
1080	200
1080	200
1085	200
1085	200
1085	200
1085	200
1085	200
1085	200
1085	200
1085	200
1085	200
1085	200
1085	200
1085	200
1085	200
1085	200
1085	200
1085	200
1085	200
1085	200
1085	200
1085	200
1090	200
1090	200
1090	200
1090	200
1090	200
1090	200
1090	200
1090	200
1090	200
1090	200
1090	200
1090	200
1090	200
1090	200
1090	200
1090	200
1090	200
1090	200
1090	200
1090	200
1095	200
1095	200
1095	200
1095	200
1095	200
1095	200
1095	200
1095	200
1095	200
1095	200
1095	200
1095	200
1095	200
1095	200
1095	200
1095	200
1095	200
1095	200
1095	200
1095	200
1100	200
1100	200
1100	200
1100	200
1100	200
1100	200
1100	200
1100	200
1100	200
1100	200
1100	200
1100	200
1100	200
1100	200
1100	200
1100	200
1100	200
1100	200
1100	200
1100	200
1105	200
1105	200
1105	200
1105	200
1105	200
1105	200
1105	200
1105	200
1105	200
1105	200
1105	200
1105	200
1105	200
1105	200
1105	200
1105	200
1105	200
1105	200
1105	200
1105	200
1110	200
1110	200
1110	200
1110	200
1110	200
1110	200
1110	200
1110	200
1110	200
1110	200
1110	200
1110	200
1110	200
1110	200
1110	200
1110	200
1110	200
1110	200
1110	200
1110	200
1115	200
1115	200
1115	200
1115	200
1115	200
1115	200
1115	200
1115	200
1115	200
1115	200
1115	200
1115	200
1115	200
1115	200
1115	200
1115	200
1115	200
1115	200
1115	200
1115	200
1120	200
1120	200
1120	200
1120	200
1120	200
1120	200
1120	200
1120	200
1120	200
1120	200
1120	200
1120	200
1120	200
1120	200
1120	200
1120	200
1120	200
1120	200
1120	200
1120	200
1125	200
1125	200
1125	200
1125	200
1125	200
1125	200
1125	200
1125	200
1125	200
1125	200
1125	200
1125	200
1125	200
1125	200
1125	200
1125	200
1125	200
1125	200
1125	200
1125	200
1130	200
1130	200
1130	200
1130	200
1130	200
1130	200
1130	200
1130	200
1130	200
1130	200
1130	200
1130	200
1130	200
1130	200
1130	200
1130	200
1130	200
1130	200
1130	200
1130	200
1135	200
1135	200
1135	200
1135	200
1135	200
1135	200
1135	200
1135	200
1135	200
1135	200
1135	200
1135	200
1135	200
1135	200
1135	200
1135	200
1135	200
1135	200
1135	200
1135	200
1140	200
1140	200
1140	200
1140	200
1140	200
1140	200
1140	200
1140	200
1140	200
1140	200
1140	200
1140	200
1140	200
1140	200
1140	200
1140	200
1140	200
1140	200
1140	200
1140	200
1145	200
1145	200
1145	200
1145	200
1145	200
1145	200
1145	200
1145	200
1145	200
1145	200
1145	200
1145	200
1145	200
1145	200
1145	200
1145	200
1145	200
1145	200
1145	200
1145	200
1150	200
1150	200
1150	200
1150	200
1150	200
1150	200
1150	200
1150	200
1150	200
1150	200
1150	200
1150	200
1150	200
1150	200
1150	200
1150	200
1150	200
1150	200
1150	200
1150	200
1155	200
1155	200
1155	200
1155	200
1155	200
1155	200
1155	200
1155	200
1155	200
1155	200
1155	200
1155	200
1155	200
1155	200
1155	200
1155	200
1155	200
1155	200
1155	200
1155	200
1160	200
1160	200
1160	200
1160	200
1160	200
1160	200
1160	200
1160	200
1160	200
1160	200
1160	200
1160	200
1160	200
1160	200
1160	200
1160	200
1160	200
1160	200
1160	200
1160	200
1165	200
1165	200
1165	200
1165	200
1165	200
1165	200
1165	200
1165	200
1165	200
1165	200
1165	200
1165	200
1165	200
1165	200
1165	200
1165	200
1165	200
1165	200
1165	200
1165	200
1170	200
1170	200
1170	200
1170	200
1170	200
1170	200
1170	200
1170	200
1170	200
1170	200
1170	200
1170	200
1170	200
1170	200
1170	200
1170	200
1170	200
1170	200
1170	200
1170	200
1175	200
1175	200
1175	200
1175	200
1175	200
1175	200
1175	200
1175	200
1175	200
1175	200
1175	200
1175	200
1175	200
1175	200
1175	200
1175	200
1175	200
1175	200
1175	200
1175	200
1180	200
1180	200
1180	200
1180	200
1180	200
1180	200
1180	200
1180	200
1180	200
1180	200
1180	200
1180	200
1180	200
1180	200
1180	200
1180	200
1180	200
1180	200
1180	200
1180	200
1185	200
1185	200
1185	200
1185	200
1185	200
1185	200
1185	200
1185	200
1185	200
1185	200
1185	200
1185	200
1185	200
1185	200
1185	200
1185	200
1185	200
1185	200
1185	200
1185	200
1190	200
1190	200
1190	200
1190	200
1190	200
1190	200
1190	200
1190	200
1190	200
1190	200
1190	200
1190	200
1190	200
1190	200
1190	200
1190	200
1190	200
1190	200
1190	200
1190	200
1195	200
1195	200
1195	200
1195	200
1195	200
1195	200
1195	200
1195	200
1195	200
1195	200
1195	200
1195	200
1195	200
1195	200
1195	200
1195	200
1195	200
1195	200
1195	200
1195	200
1200	200
1200	200
1200	200
1200	200
1200	200
1200	200
1200	200
1200	200
1200	200
1200	200
1200	200
1200	200
1200	200
1200	200
1200	200
1200	200
1200	200
1200	200
1200	200
1200	200
1205	200
1205	200
1205	200
1205	200
1205	200
1205	200
1205	200
1205	200
1205	200
1205	200
1205	200
1205	200
1205	200
1205	200
1205	200
1205	200
1205	200
1205	200
1205	200
1205	200
1210	200
1210	200
1210	200
1210	200
1210	200
1210	200
1210	200
1210	200
1210	200
1210	200
1210	200
1210	200
1210	200
1210	200
1210	200
1210	200
1210	200
1210	200
1210	200
1210	200
1215	200
1215	200
1215	200
1215	200
1215	200
1215	200
1215	200
1215	200
1215	200
1215	200
1215	200
1215	200
1215	200
1215	200
1215	200
1215	200
1215	200
1215	200
1215	200
1215	200
1220	200
1220	200
1220	200
1220	200
1220	200
1220	200
1220	200
1220	200
1220	200
1220	200
1220	200
1220	200
1220	200
1220	200
1220	200
1220	200
1220	200
1220	200
1220	200
1220	200
1225	200
1225	200
1225	200
1225	200
1225	200
1225	200
1225	200
1225	200
1225	200
1225	200
1225	200
1225	200
1225	200
1225	200
1225	200
1225	200
1225	200
1225	200
1225	200
1225	200
1230	200
1230	200
1230	200
1230	200
1230	200
1230	200
1230	200
1230	200
1230	200
1230	200
1230	200
1230	200
1230	200
1230	200
1230	200
1230	200
1230	200
1230	200
1230	200
1230	200
1235	200
1235	200
1235	200
1235	200
1235	200
1235	200
1235	200
1235	200
1235	200
1235	200
1235	200
1235	200
1235	200
1235	200
1235	200
1235	200
1235	200
1235	200
1235	200
1235	200
1240	200
1240	200
1240	200
1240	200
1240	200
1240	200
1240	200
1240	200
1240	200
1240	200
1240	200
1240	200
1240	200
1240	200
1240	200
1240	200
1240	200
1240	200
1240	200
1240	200
1245	200
1245	200
1245	200
1245	200
1245	200
1245	200
1245	200
1245	200
1245	200
1245	200
1245	200
1245	200
1245	200
1245	200
1245	200
1245	200
1245	200
1245	200
1245	200
1245	200
1250	200
1250	200
1250	200
1250	200
1250	200
1250	200
1250	200
1250	200
1250	200
1250	200
1250	200
1250	200
1250	200
1250	200
1250	200
1250	200
1250	200
1250	200
1250	200
1250	200
1255	200
1255	200
1255	200
1255	200
1255	200
1255	200
1255	200
1255	200
1255	200
1255	200
1255	200
1255	200
1255	200
1255	200
1255	200
1255	200
1255	200
1255	200
1255	200
1255	200
1260	200
1260	200
1260	200
1260	200
1260	200
1260	200
1260	200
1260	200
1260	200
1260	200
1260	200
1260	200
1260	200
1260	200
1260	200
1260	200
1260	200
1260	200
1260	200
1260	200
1265	200
1265	200
1265	200
1265	200
1265	200
1265	200
1265	200
1265	200
1265	200
1265	200
1265	200
1265	200
1265	200
1265	200
1265	200
1265	200
1265	200
1265	200
1265	200
1265	200
1270	200
1270	200
1270	200
1270	200
1270	200
1270	200
1270	200
1270	200
1270	200
1270	200
1270	200
1270	200
1270	200
1270	200
1270	200
1270	200
1270	200
1270	200
1270	200
1270	200
1275	200
1275	200
1275	200
1275	200
1275	200
1275	200
1275	200
1275	200
1275	200
1275	200
1275	200
1275	200
1275	200
1275	200
1275	200
1275	200
1275	200
1275	200
1275	200
1275	200
1280	200
1280	200
1280	200
1280	200
1280	200
1280	200
1280	200
1280	200
1280	200
1280	200
1280	200
1280	200
1280	200
1280	200
1280	200
1280	200
1280	200
1280	200
1280	200
1280	200
1285	200
1285	200
1285	200
1285	200
1285	200
1285	200
1285	200
1285	200
1285	200
1285	200
1285	200
1285	200
1285	200
1285	200
1285	200
1285	200
1285	200
1285	200
1285	200
1285	200
1290	200
1290	200
1290	200
1290	200
1290	200
1290	200
1290	200
1290	200
1290	200
1290	200
1290	200
1290	200
1290	200
1290	200
1290	200
1290	200
1290	200
1290	200
1290	200
1290	200
1295	200
1295	200
1295	200
1295	200
1295	200
1295	200
1295	200
1295	200
1295	200
1295	200
1295	200
1295	200
1295	200
1295	200
1295	200
1295	200
1295	200
1295	200
1295	200
1295	200
1300	200
1300	200
1300	200
1300	200
1300	200
1300	200
1300	200
1300	200
1300	200
1300	200
1300	200
1300	200
1300	200
1300	200
1300	200
1300	200
1300	200
1300	200
1300	200
1300	200
1305	200
1305	200
1305	200
1305	200
1305	200
1305	200
1305	200
1305	200
1305	200
1305	200
1305	200
1305	200
1305	200
1305	200
1305	200
1305	200
1305	200
1305	200
1305	200
1305	200
1310	200
1310	200
1310	200
1310	200
1310	200
1310	200
1310	200
1310	200
1310	200
1310	200
1310	200
1310	200
1310	200
1310	200
1310	200
1310	200
1310	200
1310	200
1310	200
1310	200
1315	200
1315	200
1315	200
1315	200
1315	200
1315	200
1315	200
1315	200
1315	200
1315	200
1315	200
1315	200
1315	200
1315	200
1315	200
1315	200
1315	200
1315	200
1315	200
1315	200
1320	200
1320	200
1320	200
1320	200
1320	200
1320	200
1320	200
1320	200
1320	200
1320	200
1320	200
1320	200
1320	200
1320	200
1320	200
1320	200
1320	200
1320	200
1320	200
1320	200
1325	200
1325	200
1325	200
1325	200
1325	200
1325	200
1325	200
1325	200
1325	200
1325	200
1325	200
1325	200
1325	200
1325	200
1325	200
1325	200
1325	200
1325	200
1325	200
1325	200
1330	200
1330	200
1330	200
1330	200
1330	200
1330	200
1330	200
1330	200
1330	200
1330	200
1330	200
1330	200
1330	200
1330	200
1330	200
1330	200
1330	200
1330	200
1330	200
1330	200
1335	200
1335	200
1335	200
1335	200
1335	200
1335	200
1335	200
1335	200
1335	200
1335	200
1335	200
1335	200
1335	200
1335	200
1335	200
1335	200
1335	200
1335	200
1335	200
1335	200
1340	200
1340	200
1340	200
1340	200
1340	200
1340	200
1340	200
1340	200
1340	200
1340	200
1340	200
1340	200
1340	200
1340	200
1340	200
1340	200
1340	200
1340	200
1340	200
1340	200
1345	200
1345	200
1345	200
1345	200
1345	200
1345	200
1345	200
1345	200
1345	200
1345	200
1345	200
1345	200
1345	200
1345	200
1345	200
1345	200
1345	200
1345	200
1345	200
1345	200
1350	200
1350	200
1350	200
1350	200
1350	200
1350	200
1350	200
1350	200
1350	200
1350	200
1350	200
1350	200
1350	200
1350	200
1350	200
1350	200
1350	200
1350	200
1350	200
1350	200
1355	200
1355	200
1355	200
1355	200
1355	200
1355	200
1355	200
1355	200
1355	200
1355	200
1355	200
1355	200
1355	200
1355	200
1355	200
1355	200
1355	200
1355	200
1355	200
1355	200
1360	200
1360	200
1360	200
1360	200
1360	200
1360	200
1360	200
1360	200
1360	200
1360	200
1360	200
1360	200
1360	200
1360	200
1360	200
1360	200
1360	200
1360	200
1360	200
1360	200
1365	200
1365	200
1365	200
1365	200
1365	200
1365	200
1365	200
1365	200
1365	200
1365	200
1365	200
1365	200
1365	200
1365	200
1365	200
1365	200
1365	200
1365	200
1365	200
1365	200
1370	200
1370	200
1370	200
1370	200
1370	200
1370	200
1370	200
1370	200
1370	200
1370	200
1370	200
1370	200
1370	200
1370	200
1370	200
1370	200
1370	200
1370	200
1370	200
1370	200
1375	200
1375	200
1375	200
1375	200
1375	200
1375	200
1375	200
1375	200
1375	200
1375	200
1375	200
1375	200
1375	200
1375	200
1375	200
1375	200
1375	200
1375	200
1375	200
1375	200
1380	200
1380	200
1380	200
1380	200
1380	200
1380	200
1380	200
1380	200
1380	200
1380	200
1380	200
1380	200
1380	200
1380	200
1380	200
1380	200
1380	200
1380	200
1380	200
1380	200
1385	200
1385	200
1385	200
1385	200
1385	200
1385	200
1385	200
1385	200
1385	200
1385	200
1385	200
1385	200
1385	200
1385	200
1385	200
1385	200
1385	200
1385	200
1385	200
1385	200
1390	200
1390	200
1390	200
1390	200
1390	200
1390	200
1390	200
1390	200
1390	200
1390	200
1390	200
1390	200
1390	200
1390	200
1390	200
1390	200
1390	200
1390	200
1390	200
1390	200
1395	200
1395	200
1395	200
1395	200
1395	200
1395	200
1395	200
1395	200
1395	200
1395	200
1395	200
1395	200
1395	200
1395	200
1395	200
1395	200
1395	200
1395	200
1395	200
1395	200
1400	200
1400	200
1400	200
1400	200
1400	200
1400	200
1400	200
1400	200
1400	200
1400	200
1400	200
1400	200
1400	200
1400	200
1400	200
1400	200
1400	200
1400	200
1400	200
1400	200
1405	200
1405	200
1405	200
1405	200
1405	200
1405	200
1405	200
1405	200
1405	200
1405	200
1405	200
1405	200
1405	200
1405	200
1405	200
1405	200
1405	200
1405	200
1405	200
1405	200
1410	200
1410	200
1410	200
1410	200
1410	200
1410	200
1410	200
1410	200
1410	200
1410	200
1410	200
1410	200
1410	200
1410	200
1410	200
1410	200
1410	200
1410	200
1410	200
1410	200
1415	200
1415	200
1415	200
1415	200
1415	200
1415	200
1415	200
1415	200
1415	200
1415	200
1415	200
1415	200
1415	200
1415	200
1415	200
1415	200
1415	200
1415	200
1415	200
1415	200
1420	200
1420	200
1420	200
1420	200
1420	200
1420	200
1420	200
1420	200
1420	200
1420	200
1420	200
1420	200
1420	200
1420	200
1420	200
1420	200
1420	200
1420	200
1420	200
1420	200
1425	200
1425	200
1425	200
1425	200
1425	200
1425	200
1425	200
1425	200
1425	200
1425	200
1425	200
1425	200
1425	200
1425	200
1425	200
1425	200
1425	200
1425	200
1425	200
1425	200
1430	200
1430	200
1430	200
1430	200
1430	200
1430	200
1430	200
1430	200
1430	200
1430	200
1430	200
1430	200
1430	200
1430	200
1430	200
1430	200
1430	200
1430	200
1430	200
1430	200
1435	200
1435	200
1435	200
1435	200
1435	200
1435	200
1435	200
1435	200
1435	200
1435	200
1435	200
1435	200
1435	200
1435	200
1435	200
1435	200
1435	200
1435	200
1435	200
1435	200
1440	200
1440	200
1440	200
1440	200
1440	200
1440	200
1440	200
1440	200
1440	200
1440	200
1440	200
1440	200
1440	200
1440	200
1440	200
1440	200
1440	200
1440	200
1440	200
1440	200
1445	200
1445	200
1445	200
1445	200
1445	200
1445	200
1445	200
1445	200
1445	200
1445	200
1445	200
1445	200
1445	200
1445	200
1445	200
1445	200
1445	200
1445	200
1445	200
1445	200
1450	200
1450	200
1450	200
1450	200
1450	200
1450	200
1450	200
1450	200
1450	200
1450	200
1450	200
1450	200
1450	200
1450	200
1450	200
1450	200
1450	200
1450	200
1450	200
1450	200
1455	200
1455	200
1455	200
1455	200
1455	200
1455	200
1455	200
1455	200
1455	200
1455	200
1455	200
1455	200
1455	200
1455	200
1455	200
1455	200
1455	200
1455	200
1455	200
1455	200
1460	200
1460	200
1460	200
1460	200
1460	200
1460	200
1460	200
1460	200
1460	200
1460	200
1460	200
1460	200
1460	200
1460	200
1460	200
1460	200
1460	200
1460	200
1460	200
1460	200
1465	200
1465	200
1465	200
1465	200
1465	200
1465	200
1465	200
1465	200
1465	200
1465	200
1465	200
1465	200
1465	200
1465	200
1465	200
1465	200
1465	200
1465	200
1465	200
1465	200
1470	200
1470	200
1470	200
1470	200
1470	200
1470	200
1470	200
1470	200
1470	200
1470	200
1470	200
1470	200
1470	200
1470	200
1470	200
1470	200
1470	200
1470	200
1470	200
1470	200
1475	200
1475	200
1475	200
1475	200
1475	200
1475	200
1475	200
1475	200
1475	200
1475	200
1475	200
1475	200
1475	200
1475	200
1475	200
1475	200
1475	200
1475	200
1475	200
1475	200
1480	200
1480	200
1480	200
1480	200
1480	200
1480	200
1480	200
1480	200
1480	200
1480	200
1480	200
1480	200
1480	200
1480	200
1480	200
1480	200
1480	200
1480	200
1480	200
1480	200
1485	200
1485	200
1485	200
1485	200
1485	200
1485	200
1485	200
1485	200
1485	200
1485	200
1485	200
1485	200
1485	200
1485	200
1485	200
1485	200
1485	200
1485	200
1485	200
1485	200
1490	200
1490	200
1490	200
1490	200
1490	200
1490	200
1490	200
1490	200
1490	200
1490	200
1490	200
1490	200
1490	200
1490	200
1490	200
1490	200
1490	200
1490	200
1490	200
1490	200
1495	200
1495	200
1495	200
1495	200
1495	200
1495	200
1495	200
1495	200
1495	200
1495	200
1495	200
1495	200
1495	200
1495	200
1495	200
1495	200
1495	200
1495	200
1495	200
1495	200
1500	200
1500	200
1500	200
1500	200
1500	200
1500	200
1500	200
1500	200
1500	200
1500	200
1500	200
1500	200
1500	200
1500	200
1500	200
1500	200
1500	200
1500	200
1500	200
1500	200
1505	200
1505	200
1505	200
1505	200
1505	200
1505	200
1505	200
1505	200
1505	200
1505	200
1505	200
1505	200
1505	200
1505	200
1505	200
1505	200
1505	200
1505	200
1505	200
1505	200
1510	200
1510	200
1510	200
1510	200
1510	200
1510	200
1510	200
1510	200
1510	200
1510	200
1510	200
1510	200
1510	200
1510	200
1510	200
1510	200
1510	200
1510	200
1510	200
1510	200
1515	200
1515	200
1515	200
1515	200
1515	200
1515	200
1515	200
1515	200
1515	200
1515	200
1515	200
1515	200
1515	200
1515	200
1515	200
1515	200
1515	200
1515	200
1515	200
1515	200
1520	200
1520	200
1520	200
1520	200
1520	200
1520	200
1520	200
1520	200
1520	200
1520	200
1520	200
1520	200
1520	200
1520	200
1520	200
1520	200
1520	200
1520	200
1520	200
1520	200
1525	200
1525	200
1525	200
1525	200
1525	200
1525	200
1525	200
1525	200
1525	200
1525	200
1525	200
1525	200
1525	200
1525	200
1525	200
1525	200
1525	200
1525	200
1525	200
1525	200
1530	200
1530	200
1530	200
1530	200
1530	200
1530	200
1530	200
1530	200
1530	200
1530	200
1530	200
1530	200
1530	200
1530	200
1530	200
1530	200
1530	200
1530	200
1530	200
1530	200
1535	200
1535	200
1535	200
1535	200
1535	200
1535	200
1535	200
1535	200
1535	200
1535	200
1535	200
1535	200
1535	200
1535	200
1535	200
1535	200
1535	200
1535	200
1535	200
1535	200
1540	200
1540	200
1540	200
1540	200
1540	200
1540	200
1540	200
1540	200
1540	200
1540	200
1540	200
1540	200
1540	200
1540	200
1540	200
1540	200
1540	200
1540	200
1540	200
1540	200
1545	200
1545	200
1545	200
1545	200
1545	200
1545	200
1545	200
1545	200
1545	200
1545	200
1545	200
1545	200
1545	200
1545	200
1545	200
1545	200
1545	200
1545	200
1545	200
1545	200
1550	200
1550	200
1550	200
1550	200
1550	200
1550	200
1550	200
1550	200
1550	200
1550	200
1550	200
1550	200
1550	200
1550	200
1550	200
1550	200
1550	200
1550	200
1550	200
1550	200
1555	200
1555	200
1555	200
1555	200
1555	200
1555	200
1555	200
1555	200
1555	200
1555	200
1555	200
1555	200
1555	200
1555	200
1555	200
1555	200
1555	200
1555	200
1555	200
1555	200
1560	200
1560	200
1560	200
1560	200
1560	200
1560	200
1560	200
1560	200
1560	200
1560	200
1560	200
1560	200
1560	200
1560	200
1560	200
1560	200
1560	200
1560	200
1560	200
1560	200
1565	200
1565	200
1565	200
1565	200
1565	200
1565	200
1565	200
1565	200
1565	200
1565	200
1565	200
1565	200
1565	200
1565	200
1565	200
1565	200
1565	200
1565	200
1565	200
1565	200
1570	200
1570	200
1570	200
1570	200
1570	200
1570	200
1570	200
1570	200
1570	200
1570	200
1570	200
1570	200
1570	200
1570	200
1570	200
1570	200
1570	200
1570	200
1570	200
1570	200
1575	200
1575	200
1575	200
1575	200
1575	200
1575	200
1575	200
1575	200
1575	200
1575	200
1575	200
1575	200
1575	200
1575	200
1575	200
1575	200
1575	200
1575	200
1575	200
1575	200
1580	200
1580	200
1580	200
1580	200
1580	200
1580	200
1580	200
1580	200
1580	200
1580	200
1580	200
1580	200
1580	200
1580	200
1580	200
1580	200
1580	200
1580	200
1580	200
1580	200
1585	200
1585	200
1585	200
1585	200
1585	200
1585	200
1585	200
1585	200
1585	200
1585	200
1585	200
1585	200
1585	200
1585	200
1585	200
1585	200
1585	200
1585	200
1585	200
1585	200
1590	200
1590	200
1590	200
1590	200
1590	200
1590	200
1590	200
1590	200
1590	200
1590	200
1590	200
1590	200
1590	200
1590	200
1590	200
1590	200
1590	200
1590	200
1590	200
1590	200
1595	200
1595	200
1595	200
1595	200
1595	200
1595	200
1595	200
1595	200
1595	200
1595	200
1595	200
1595	200
1595	200
1595	200
1595	200
1595	200
1595	200
1595	200
1595	200
1595	200
1600	200
1600	200
1600	200
1600	200
1600	200
1600	200
1600	200
1600	200
1600	200
1600	200
1600	200
1600	200
1600	200
1600	200
1600	200
1600	200
1600	200
1600	200
1600	200
1600	200
1605	200
1605	200
1605	200
1605	200
1605	200
1605	200
1605	200
1605	200
1605	200
1605	200
1605	200
1605	200
1605	200
1605	200
1605	200
1605	200
1605	200
1605	200
1605	200
1605	200
1610	200
1610	200
1610	200
1610	200
1610	200
1610	200
1610	200
1610	200
1610	200
1610	200
1610	200
1610	200
1610	200
1610	200
1610	200
1610	200
1610	200
1610	200
1610	200
1610	200
1615	200
1615	200
1615	200
1615	200
1615	200
1615	200
1615	200
1615	200
1615	200
1615	200
1615	200
1615	200
1615	200
1615	200
1615	200
1615	200
1615	200
1615	200
1615	200
1615	200
1620	200
1620	200
1620	200
1620	200
1620	200
1620	200
1620	200
1620	200
1620	200
1620	200
1620	200
1620	200
1620	200
1620	200
1620	200
1620	200
1620	200
1620	200
1620	200
1620	200
1625	200
1625	200
1625	200
1625	200
1625	200
1625	200
1625	200
1625	200
1625	200
1625	200
1625	200
1625	200
1625	200
1625	200
1625	200
1625	200
1625	200
1625	200
1625	200
1625	200
1630	200
1630	200
1630	200
1630	200
1630	200
1630	200
1630	200
1630	200
1630	200
1630	200
1630	200
1630	200
1630	200
1630	200
1630	200
1630	200
1630	200
1630	200
1630	200
1630	200
1635	200
1635	200
1635	200
1635	200
1635	200
1635	200
1635	200
1635	200
1635	200
1635	200
1635	200
1635	200
1635	200
1635	200
1635	200
1635	200
1635	200
1635	200
1635	200
1635	200
1640	200
1640	200
1640	200
1640	200
1640	200
1640	200
1640	200
1640	200
1640	200
1640	200
1640	200
1640	200
1640	200
1640	200
1640	200
1640	200
1640	200
1640	200
1640	200
1640	200
1645	200
1645	200
1645	200
1645	200
1645	200
1645	200
1645	200
1645	200
1645	200
1645	200
1645	200
1645	200
1645	200
1645	200
1645	200
1645	200
1645	200
1645	200
1645	200
1645	200
1650	200
1650	200
1650	200
1650	200
1650	200
1650	200
1650	200
1650	200
1650	200
1650	200
1650	200
1650	200
1650	200
1650	200
1650	200
1650	200
1650	200
1650	200
1650	200
1650	200
1655	200
1655	200
1655	200
1655	200
1655	200
1655	200
1655	200
1655	200
1655	200
1655	200
1655	200
1655	200
1655	200
1655	200
1655	200
1655	200
1655	200
1655	200
1655	200
1655	200
1660	200
1660	200
1660	200
1660	200
1660	200
1660	200
1660	200
1660	200
1660	200
1660	200
1660	200
1660	200
1660	200
1660	200
1660	200
1660	200
1660	200
1660	200
1660	200
1660	200
1665	200
1665	200
1665	200
1665	200
1665	200
1665	200
1665	200
1665	200
1665	200
1665	200
1665	200
1665	200
1665	200
1665	200
1665	200
1665	200
1665	200
1665	200
1665	200
1665	200
1670	200
1670	200
1670	200
1670	200
1670	200
1670	200
1670	200
1670	200
1670	200
1670	200
1670	200
1670	200
1670	200
1670	200
1670	200
1670	200
1670	200
1670	200
1670	200
1670	200
1675	200
1675	200
1675	200
1675	200
1675	200
1675	200
1675	200
1675	200
1675	200
1675	200
1675	200
1675	200
1675	200
1675	200
1675	200
1675	200
1675	200
1675	200
1675	200
1675	200
1680	200
1680	200
1680	200
1680	200
1680	200
1680	200
1680	200
1680	200
1680	200
1680	200
1680	200
1680	200
1680	200
1680	200
1680	200
1680	200
1680	200
1680	200
1680	200
1680	200
1685	200
1685	200
1685	200
1685	200
1685	200
1685	200
1685	200
1685	200
1685	200
1685	200
1685	200
1685	200
1685	200
1685	200
1685	200
1685	200
1685	200
1685	200
1685	200
1685	200
1690	200
1690	200
1690	200
1690	200
1690	200
1690	200
1690	200
1690	200
1690	200
1690	200
1690	200
1690	200
1690	200
1690	200
1690	200
1690	200
1690	200
1690	200
1690	200
1690	200
1695	200
1695	200
1695	200
1695	200
1695	200
1695	200
1695	200
1695	200
1695	200
1695	200
1695	200
1695	200
1695	200
1695	200
1695	200
1695	200
1695	200
1695	200
1695	200
1695	200
1700	200
1700	200
1700	200
1700	200
1700	200
1700	200
1700	200
1700	200
1700	200
1700	200
1700	200
1700	200
1700	200
1700	200
1700	200
1700	200
1700	200
1700	200
1700	200
1700	200
1705	200
1705	200
1705	200
1705	200
1705	200
1705	200
1705	200
1705	200
1705	200
1705	200
1705	200
1705	200
1705	200
1705	200
1705	200
1705	200
1705	200
1705	200
1705	200
1705	200
1710	200
1710	200
1710	200
1710	200
1710	200
1710	200
1710	200
1710	200
1710	200
1710	200
1710	200
1710	200
1710	200
1710	200
1710	200
1710	200
1710	200
1710	200
1710	200
1710	200
1715	200
1715	200
1715	200
1715	200
1715	200
1715	200
1715	200
1715	200
1715	200
1715	200
1715	200
1715	200
1715	200
1715	200
1715	200
1715	200
1715	200
1715	200
1715	200
1715	200
1720	200
1720	200
1720	200
1720	200
1720	200
1720	200
1720	200
1720	200
1720	200
1720	200
1720	200
1720	200
1720	200
1720	200
1720	200
1720	200
1720	200
1720	200
1720	200
1720	200
1725	200
1725	200
1725	200
1725	200
1725	200
1725	200
1725	200
1725	200
1725	200
1725	200
1725	200
1725	200
1725	200
1725	200
1725	200
1725	200
1725	200
1725	200
1725	200
1725	200
1730	200
1730	200
1730	200
1730	200
1730	200
1730	200
1730	200
1730	200
1730	200
1730	200
1730	200
1730	200
1730	200
1730	200
1730	200
1730	200
1730	200
1730	200
1730	200
1730	200
1735	200
1735	200
1735	200
1735	200
1735	200
1735	200
1735	200
1735	200
1735	200
1735	200
1735	200
1735	200
1735	200
1735	200
1735	200
1735	200
1735	200
1735	200
1735	200
1735	200
1740	200
1740	200
1740	200
1740	200
1740	200
1740	200
1740	200
1740	200
1740	200
1740	200
1740	200
1740	200
1740	200
1740	200
1740	200
1740	200
1740	200
1740	200
1740	200
1740	200
1745	200
1745	200
1745	200
1745	200
1745	200
1745	200
1745	200
1745	200
1745	200
1745	200
1745	200
1745	200
1745	200
1745	200
1745	200
1745	200
1745	200
1745	200
1745	200
1745	200
1750	200
1750	200
1750	200
1750	200
1750	200
1750	200
1750	200
1750	200
1750	200
1750	200
1750	200
1750	200
1750	200
1750	200
1750	200
1750	200
1750	200
1750	200
1750	200
1750	200
1755	200
1755	200
1755	200
1755	200
1755	200
1755	200
1755	200
1755	200
1755	200
1755	200
1755	200
1755	200
1755	200
1755	200
1755	200
1755	200
1755	200
1755	200
1755	200
1755	200
1760	200
1760	200
1760	200
1760	200
1760	200
1760	200
1760	200
1760	200
1760	200
1760	200
1760	200
1760	200
1760	200
1760	200
1760	200
1760	200
1760	200
1760	200
1760	200
1760	200
1765	200
1765	200
1765	200
1765	200
1765	200
1765	200
1765	200
1765	200
1765	200
1765	200
1765	200
1765	200
1765	200
1765	200
1765	200
1765	200
1765	200
1765	200
1765	200
1765	200
1770	200
1770	200
1770	200
1770	200
1770	200
1770	200
1770	200
1770	200
1770	200
1770	200
1770	200
1770	200
1770	200
1770	200
1770	200
1770	200
1770	200
1770	200
1770	200
1770	200
1775	200
1775	200
1775	200
1775	200
1775	200
1775	200
1775	200
1775	200
1775	200
1775	200
1775	200
1775	200
1775	200
1775	200
1775	200
1775	200
1775	200
1775	200
1775	200
1775	200
1780	200
1780	200
1780	200
1780	200
1780	200
1780	200
1780	200
1780	200
1780	200
1780	200
1780	200
1780	200
1780	200
1780	200
1780	200
1780	200
1780	200
1780	200
1780	200
1780	200
1785	200
1785	200
1785	200
1785	200
1785	200
1785	200
1785	200
1785	200
1785	200
1785	200
1785	200
1785	200
1785	200
1785	200
1785	200
1785	200
1785	200
1785	200
1785	200
1785	200
1790	200
1790	200
1790	200
1790	200
1790	200
1790	200
1790	200
1790	200
1790	200
1790	200
1790	200
1790	200
1790	200
1790	200
1790	200
1790	200
1790	200
1790	200
1790	200
1790	200
1795	200
1795	200
1795	200
1795	200
1795	200
1795	200
1795	200
1795	200
1795	200
1795	200
1795	200
1795	200
1795	200
1795	200
1795	200
1795	200
1795	200
1795	200
1795	200
1795	200
1800	200
1800	200
1800	200
1800	200
1800	200
1800	200
1800	200
1800	200
1800	200
1800	200
1800	200
1800	200
1800	200
1800	200
1800	200
1800	200
1800	200
1800	200
1800	200
1800	200
1805	200
1805	200
1805	200
1805	200
1805	200
1805	200
1805	200
1805	200
1805	200
1805	200
1805	200
1805	200
1805	200
1805	200
1805	200
1805	200
1805	200
1805	200
1805	200
1805	200
1810	200
1810	200
1810	200
1810	200
1810	200
1810	200
1810	200
1810	200
1810	200
1810	200
1810	200
1810	200
1810	200
1810	200
1810	200
1810	200
1810	200
1810	200
1810	200
1810	200
1815	200
1815	200
1815	200
1815	200
1815	200
1815	200
1815	200
1815	200
1815	200
1815	200
1815	200
1815	200
1815	200
1815	200
1815	200
1815	200
1815	200
1815	200
1815	200
1815	200
1820	200
1820	200
1820	200
1820	200
1820	200
1820	200
1820	200
1820	200
1820	200
1820	200
1820	200
1820	200
1820	200
1820	200
1820	200
1820	200
1820	200
1820	200
1820	200
1820	200
1825	200
1825	200
1825	200
1825	200
1825	200
1825	200
1825	200
1825	200
1825	200
1825	200
1825	200
1825	200
1825	200
1825	200
1825	200
1825	200
1825	200
1825	200
1825	200
1825	200
1830	200
1830	200
1830	200
1830	200
1830	200
1830	200
1830	200
1830	200
1830	200
1830	200
1830	200
1830	200
1830	200
1830	200
1830	200
1830	200
1830	200
1830	200
1830	200
1830	200
1835	200
1835	200
1835	200
1835	200
1835	200
1835	200
1835	200
1835	200
1835	200
1835	200
1835	200
1835	200
1835	200
1835	200
1835	200
1835	200
1835	200
1835	200
1835	200
1835	200
1840	200
1840	200
1840	200
1840	200
1840	200
1840	200
1840	200
1840	200
1840	200
1840	200
1840	200
1840	200
1840	200
1840	200
1840	200
1840	200
1840	200
1840	200
1840	200
1840	200
1845	200
1845	200
1845	200
1845	200
1845	200
1845	200
1845	200
1845	200
1845	200
1845	200
1845	200
1845	200
1845	200
1845	200
1845	200
1845	200
1845	200
1845	200
1845	200
1845	200
1850	200
1850	200
1850	200
1850	200
1850	200
1850	200
1850	200
1850	200
1850	200
1850	200
1850	200
1850	200
1850	200
1850	200
1850	200
1850	200
1850	200
1850	200
1850	200
1850	200
1855	200
1855	200
1855	200
1855	200
1855	200
1855	200
1855	200
1855	200
1855	200
1855	200
1855	200
1855	200
1855	200
1855	200
1855	200
1855	200
1855	200
1855	200
1855	200
1855	200
1860	200
1860	200
1860	200
1860	200
1860	200
1860	200
1860	200
1860	200
1860	200
1860	200
1860	200
1860	200
1860	200
1860	200
1860	200
1860	200
1860	200
1860	200
1860	200
1860	200
1865	200
1865	200
1865	200
1865	200
1865	200
1865	200
1865	200
1865	200
1865	200
1865	200
1865	200
1865	200
1865	200
1865	200
1865	200
1865	200
1865	200
1865	200
1865	200
1865	200
1870	200
1870	200
1870	200
1870	200
1870	200
1870	200
1870	200
1870	200
1870	200
1870	200
1870	200
1870	200
1870	200
1870	200
1870	200
1870	200
1870	200
1870	200
1870	200
1870	200
1875	200
1875	200
1875	200
1875	200
1875	200
1875	200
1875	200
1875	200
1875	200
1875	200
1875	200
1875	200
1875	200
1875	200
1875	200
1875	200
1875	200
1875	200
1875	200
1875	200
1880	200
1880	200
1880	200
1880	200
1880	200
1880	200
1880	200
1880	200
1880	200
1880	200
1880	200
1880	200
1880	200
1880	200
1880	200
1880	200
1880	200
1880	200
1880	200
1880	200
1885	200
1885	200
1885	200
1885	200
1885	200
1885	200
1885	200
1885	200
1885	200
1885	200
1885	200
1885	200
1885	200
1885	200
1885	200
1885	200
1885	200
1885	200
1885	200
1885	200
1890	200
1890	200
1890	200
1890	200
1890	200
1890	200
1890	200
1890	200
1890	200
1890	200
1890	200
1890	200
1890	200
1890	200
1890	200
1890	200
1890	200
1890	200
1890	200
1890	200
1895	200
1895	200
1895	200
1895	200
1895	200
1895	200
1895	200
1895	200
1895	200
1895	200
1895	200
1895	200
1895	200
1895	200
1895	200
1895	200
1895	200
1895	200
1895	200
1895	200
1900	200
1900	200
1900	200
1900	200
1900	200
1900	200
1900	200
1900	200
1900	200
1900	200
1900	200
1900	200
1900	200
1900	200
1900	200
1900	200
1900	200
1900	200
1900	200
1900	200
1905	200
1905	200
1905	200
1905	200
1905	200
1905	200
1905	200
1905	200
1905	200
1905	200
1905	200
1905	200
1905	200
1905	200
1905	200
1905	200
1905	200
1905	200
1905	200
1905	200
1910	200
1910	200
1910	200
1910	200
1910	200
1910	200
1910	200
1910	200
1910	200
1910	200
1910	200
1910	200
1910	200
1910	200
1910	200
1910	200
1910	200
1910	200
1910	200
1910	200
1915	200
1915	200
1915	200
1915	200
1915	200
1915	200
1915	200
1915	200
1915	200
1915	200
1915	200
1915	200
1915	200
1915	200
1915	200
1915	200
1915	200
1915	200
1915	200
1915	200
1920	200
1920	200
1920	200
1920	200
1920	200
1920	200
1920	200
1920	200
1920	200
1920	200
1920	200
1920	200
1920	200
1920	200
1920	200
1920	200
1920	200
1920	200
1920	200
1920	200
1925	200
1925	200
1925	200
1925	200
1925	200
1925	200
1925	200
1925	200
1925	200
1925	200
1925	200
1925	200
1925	200
1925	200
1925	200
1925	200
1925	200
1925	200
1925	200
1925	200
1930	200
1930	200
1930	200
1930	200
1930	200
1930	200
1930	200
1930	200
1930	200
1930	200
1930	200
1930	200
1930	200
1930	200
1930	200
1930	200
1930	200
1930	200
1930	200
1930	200
1935	200
1935	200
1935	200
1935	200
1935	200
1935	200
1935	200
1935	200
1935	200
1935	200
1935	200
1935	200
1935	200
1935	200
1935	200
1935	200
1935	200
1935	200
1935	200
1935	200
1940	200
1940	200
1940	200
1940	200
1940	200
1940	200
1940	200
1940	200
1940	200
1940	200
1940	200
1940	200
1940	200
1940	200
1940	200
1940	200
1940	200
1940	200
1940	200
1940	200
1945	200
1945	200
1945	200
1945	200
1945	200
1945	200
1945	200
1945	200
1945	200
1945	200
1945	200
1945	200
1945	200
1945	200
1945	200
1945	200
1945	200
1945	200
1945	200
1945	200
1950	200
1950	200
1950	200
1950	200
1950	200
1950	200
1950	200
1950	200
1950	200
1950	200
1950	200
1950	200
1950	200
1950	200
1950	200
1950	200
1950	200
1950	200
1950	200
1950	200
1955	200
1955	200
1955	200
1955	200
1955	200
1955	200
1955	200
1955	200
1955	200
1955	200
1955	200
1955	200
1955	200
1955	200
1955	200
1955	200
1955	200
1955	200
1955	200
1955	200
1960	200
1960	200
1960	200
1960	200
1960	200
1960	200
1960	200
1960	200
1960	200
1960	200
1960	200
1960	200
1960	200
1960	200
1960	200
1960	200
1960	200
1960	200
1960	200
1960	200
1965	200
1965	200
1965	200
1965	200
1965	200
1965	200
1965	200
1965	200
1965	200
1965	200
1965	200
1965	200
1965	200
1965	200
1965	200
1965	200
1965	200
1965	200
1965	200
1965	200
1970	200
1970	200
1970	200
1970	200
1970	200
1970	200
1970	200
1970	200
1970	200
1970	200
1970	200
1970	200
1970	200
1970	200
1970	200
1970	200
1970	200
1970	200
1970	200
1970	200
1975	200
1975	200
1975	200
1975	200
1975	200
1975	200
1975	200
1975	200
1975	200
1975	200
1975	200
1975	200
1975	200
1975	200
1975	200
1975	200
1975	200
1975	200
1975	200
1975	200
1980	200
1980	200
1980	200
1980	200
1980	200
1980	200
1980	200
1980	200
1980	200
1980	200
1980	200
1980	200
1980	200
1980	200
1980	200
1980	200
1980	200
1980	200
1980	200
1980	200
1985	200
1985	200
1985	200
1985	200
1985	200
1985	200
1985	200
1985	200
1985	200
1985	200
1985	200
1985	200
1985	200
1985	200
1985	200
1985	200
1985	200
1985	200
1985	200
1985	200
1990	200
1990	200
1990	200
1990	200
1990	200
1990	200
1990	200
1990	200
1990	200
1990	200
1990	200
1990	200
1990	200
1990	200
1990	200
1990	200
1990	200
1990	200
1990	200
1990	200
1995	200
1995	200
1995	200
1995	200
1995	200
1995	200
1995	200
1995	200
1995	200
1995	200
1995	200
1995	200
1995	200
1995	200
1995	200
1995	200
1995	200
1995	200
1995	200
1995	200
2000	200
2000	200
2000	200
2000	200
2000	200
2000	200
2000	200
2000	200
2000	200
2000	200
2000	200
2000	200
2000	200
2000	200
2000	200
2000	200
2000	200
2000	200
2000	200
2000	200
2005	200
2005	200
2005	200
2005	200
2005	200
2005	200
2005	200
2005	200
2005	200
2005	200
2005	200
2005	200
2005	200
2005	200
2005	200
2005	200
2005	200
2005	200
2005	200
2005	200
2010	200
2010	200
2010	200
2010	200
2010	200
2010	200
2010	200
2010	200
2010	200
2010	200
2010	200
2010	200
2010	200
2010	200
2010	200
2010	200
2010	200
2010	200
2010	200
2010	200
2015	200
2015	200
2015	200
2015	200
2015	200
2015	200
2015	200
2015	200
2015	200
2015	200
2015	200
2015	200
2015	200
2015	200
2015	200
2015	200
2015	200
2015	200
2015	200
2015	200
2020	200
2020	200
2020	200
2020	200
2020	200
2020	200
2020	200
2020	200
2020	200
2020	200
2020	200
2020	200
2020	200
2020	200
2020	200
2020	200
2020	200
2020	200
2020	200
2020	200
2025	200
2025	200
2025	200
2025	200
2025	200
2025	200
2025	200
2025	200
2025	200
2025	200
2025	200
2025	200
2025	200
2025	200
2025	200
2025	200
2025	200
2025	200
2025	200
2025	200
2030	200
2030	200
2030	200
2030	200
2030	200
2030	200
2030	200
2030	200
2030	200
2030	200
2030	200
2030	200
2030	200
2030	200
2030	200
2030	200
2030	200
2030	200
2030	200
2030	200
2035	200
2035	200
2035	200
2035	200
2035	200
2035	200
2035	200
2035	200
2035	200
2035	200
2035	200
2035	200
2035	200
2035	200
2035	200
2035	200
2035	200
2035	200
2035	200
2035	200
2040	200
2040	200
2040	200
2040	200
2040	200
2040	200
2040	200
2040	200
2040	200
2040	200
2040	200
2040	200
2040	200
2040	200
2040	200
2040	200
2040	200
2040	200
2040	200
2040	200
2045	200
2045	200
2045	200
2045	200
2045	200
2045	200
2045	200
2045	200
2045	200
2045	200
2045	200
2045	200
2045	200
2045	200
2045	200
2045	200
2045	200
2045	200
2045	200
2045	200
2050	200
2050	200
2050	200
2050	200
2050	200
2050	200
2050	200
2050	200
2050	200
2050	200
2050	200
2050	200
2050	200
2050	200
2050	200
2050	200
2050	200
2050	200
2050	200
2050	200
2055	200
2055	200
2055	200
2055	200
2055	200
2055	200
2055	200
2055	200
2055	200
2055	200
2055	200
2055	200
2055	200
2055	200
2055	200
2055	200
2055	200
2055	200
2055	200
2055	200
2060	200
2060	200
2060	200
2060	200
2060	200
2060	200
2060	200
2060	200
2060	200
2060	200
2060	200
2060	200
2060	200
2060	200
2060	200
2060	200
2060	200
2060	200
2060	200
2060	200
2065	200
2065	200
2065	200
2065	200
2065	200
2065	200
2065	200
2065	200
2065	200
2065	200
2065	200
2065	200
2065	200
2065	200
2065	200
2065	200
2065	200
2065	200
2065	200
2065	200
2070	200
2070	200
2070	200
2070	200
2070	200
2070	200
2070	200
2070	200
2070	200
2070	200
2070	200
2070	200
2070	200
2070	200
2070	200
2070	200
2070	200
2070	200
2070	200
2070	200
2075	200
2075	200
2075	200
2075	200
2075	200
2075	200
2075	200
2075	200
2075	200
2075	200
2075	200
2075	200
2075	200
2075	200
2075	200
2075	200
2075	200
2075	200
2075	200
2075	200
2080	200
2080	200
2080	200
2080	200
2080	200
2080	200
2080	200
2080	200
2080	200
2080	200
2080	200
2080	200
2080	200
2080	200
2080	200
2080	200
2080	200
2080	200
2080	200
2080	200
2085	200
2085	200
2085	200
2085	200
2085	200
2085	200
2085	200
2085	200
2085	200
2085	200
2085	200
2085	200
2085	200
2085	200
2085	200
2085	200
2085	200
2085	200
2085	200
2085	200
2090	200
2090	200
2090	200
2090	200
2090	200
2090	200
2090	200
2090	200
2090	200
2090	200
2090	200
2090	200
2090	200
2090	200
2090	200
2090	200
2090	200
2090	200
2090	200
2090	200
2095	200
2095	200
2095	200
2095	200
2095	200
2095	200
2095	200
2095	200
2095	200
2095	200
2095	200
2095	200
2095	200
2095	200
2095	200
2095	200
2095	200
2095	200
2095	200
2095	200
2100	200
2100	200
2100	200
2100	200
2100	200
2100	200
2100	200
2100	200
2100	200
2100	200
2100	200
2100	200
2100	200
2100	200
2100	200
2100	200
2100	200
2100	200
2100	200
2100	200
2105	200
2105	200
2105	200
2105	200
2105	200
2105	200
2105	200
2105	200
2105	200
2105	200
2105	200
2105	200
2105	200
2105	200
2105	200
2105	200
2105	200
2105	200
2105	200
2105	200
2110	200
2110	200
2110	200
2110	200
2110	200
2110	200
2110	200
2110	200
2110	200
2110	200
2110	200
2110	200
2110	200
2110	200
2110	200
2110	200
2110	200
2110	200
2110	200
2110	200
2115	200
2115	200
2115	200
2115	200
2115	200
2115	200
2115	200
2115	200
2115	200
2115	200
2115	200
2115	200
2115	200
2115	200
2115	200
2115	200
2115	200
2115	200
2115	200
2115	200
2120	200
2120	200
2120	200
2120	200
2120	200
2120	200
2120	200
2120	200
2120	200
2120	200
2120	200
2120	200
2120	200
2120	200
2120	200
2120	200
2120	200
2120	200
2120	200
2120	200
2125	200
2125	200
2125	200
2125	200
2125	200
2125	200
2125	200
2125	200
2125	200
2125	200
2125	200
2125	200
2125	200
2125	200
2125	200
2125	200
2125	200
2125	200
2125	200
2125	200
2130	200
2130	200
2130	200
2130	200
2130	200
2130	200
2130	200
2130	200
2130	200
2130	200
2130	200
2130	200
2130	200
2130	200
2130	200
2130	200
2130	200
2130	200
2130	200
2130	200
2135	200
2135	200
2135	200
2135	200
2135	200
2135	200
2135	200
2135	200
2135	200
2135	200
2135	200
2135	200
2135	200
2135	200
2135	200
2135	200
2135	200
2135	200
2135	200
2135	200
2140	200
2140	200
2140	200
2140	200
2140	200
2140	200
2140	200
2140	200
2140	200
2140	200
2140	200
2140	200
2140	200
2140	200
2140	200
2140	200
2140	200
2140	200
2140	200
2140	200
2145	200
2145	200
2145	200
2145	200
2145	200
2145	200
2145	200
2145	200
2145	200
2145	200
2145	200
2145	200
2145	200
2145	200
2145	200
2145	200
2145	200
2145	200
2145	200
2145	200
2150	200
2150	200
2150	200
2150	200
2150	200
2150	200
2150	200
2150	200
2150	200
2150	200
2150	200
2150	200
2150	200
2150	200
2150	200
2150	200
2150	200
2150	200
2150	200
2150	200
2155	200
2155	200
2155	200
2155	200
2155	200
2155	200
2155	200
2155	200
2155	200
2155	200
2155	200
2155	200
2155	200
2155	200
2155	200
2155	200
2155	200
2155	200
2155	200
2155	200
2160	200
2160	200
2160	200
2160	200
2160	200
2160	200
2160	200
2160	200
2160	200
2160	200
2160	200
2160	200
2160	200
2160	200
2160	200
2160	200
2160	200
2160	200
2160	200
2160	200
2165	200
2165	200
2165	200
2165	200
2165	200
2165	200
2165	200
2165	200
2165	200
2165	200
2165	200
2165	200
2165	200
2165	200
2165	200
2165	200
2165	200
2165	200
2165	200
2165	200
2170	200
2170	200
2170	200
2170	200
2170	200
2170	200
2170	200
2170	200
2170	200
2170	200
2170	200
2170	200
2170	200
2170	200
2170	200
2170	200
2170	200
2170	200
2170	200
2170	200
2175	200
2175	200
2175	200
2175	200
2175	200
2175	200
2175	200
2175	200
2175	200
2175	200
2175	200
2175	200
2175	200
2175	200
2175	200
2175	200
2175	200
2175	200
2175	200
2175	200
2180	200
2180	200
2180	200
2180	200
2180	200
2180	200
2180	200
2180	200
2180	200
2180	200
2180	200
2180	200
2180	200
2180	200
2180	200
2180	200
2180	200
2180	200
2180	200
2180	200
2185	200
2185	200
2185	200
2185	200
2185	200
2185	200
2185	200
2185	200
2185	200
2185	200
2185	200
2185	200
2185	200
2185	200
2185	200
2185	200
2185	200
2185	200
2185	200
2185	200
2190	200
2190	200
2190	200
2190	200
2190	200
2190	200
2190	200
2190	200
2190	200
2190	200
2190	200
2190	200
2190	200
2190	200
2190	200
2190	200
2190	200
2190	200
2190	200
2190	200
2195	200
2195	200
2195	200
2195	200
2195	200
2195	200
2195	200
2195	200
2195	200
2195	200
2195	200
2195	200
2195	200
2195	200
2195	200
2195	200
2195	200
2195	200
2195	200
2195	200
2200	200
2200	200
2200	200
2200	200
2200	200
2200	200
2200	200
2200	200
2200	200
2200	200
2200	200
2200	200
2200	200
2200	200
2200	200
2200	200
2200	200
2200	200
2200	200
2200	200
2205	200
2205	200
2205	200
2205	200
2205	200
2205	200
2205	200
2205	200
2205	200
2205	200
2205	200
2205	200
2205	200
2205	200
2205	200
2205	200
2205	200
2205	200
2205	200
2205	200
2210	200
2210	200
2210	200
2210	200
2210	200
2210	200
2210	200
2210	200
2210	200
2210	200
2210	200
2210	200
2210	200
2210	200
2210	200
2210	200
2210	200
2210	200
2210	200
2210	200
2215	200
2215	200
2215	200
2215	200
2215	200
2215	200
2215	200
2215	200
2215	200
2215	200
2215	200
2215	200
2215	200
2215	200
2215	200
2215	200
2215	200
2215	200
2215	200
2215	200
2220	200
2220	200
2220	200
2220	200
2220	200
2220	200
2220	200
2220	200
2220	200
2220	200
2220	200
2220	200
2220	200
2220	200
2220	200
2220	200
2220	200
2220	200
2220	200
2220	200
2225	200
2225	200
2225	200
2225	200
2225	200
2225	200
2225	200
2225	200
2225	200
2225	200
2225	200
2225	200
2225	200
2225	200
2225	200
2225	200
2225	200
2225	200
2225	200
2225	200
2230	200
2230	200
2230	200
2230	200
2230	200
2230	200
2230	200
2230	200
2230	200
2230	200
2230	200
2230	200
2230	200
2230	200
2230	200
2230	200
2230	200
2230	200
2230	200
2230	200
2235	200
2235	200
2235	200
2235	200
2235	200
2235	200
2235	200
2235	200
2235	200
2235	200
2235	200
2235	200
2235	200
2235	200
2235	200
2235	200
2235	200
2235	200
2235	200
2235	200
2240	200
2240	200
2240	200
2240	200
2240	200
2240	200
2240	200
2240	200
2240	200
2240	200
2240	200
2240	200
2240	200
2240	200
2240	200
2240	200
2240	200
2240	200
2240	200
2240	200
2245	200
2245	200
2245	200
2245	200
2245	200
2245	200
2245	200
2245	200
2245	200
2245	200
2245	200
2245	200
2245	200
2245	200
2245	200
2245	200
2245	200
2245	200
2245	200
2245	200
2250	200
2250	200
2250	200
2250	200
2250	200
2250	200
2250	200
2250	200
2250	200
2250	200
2250	200
2250	200
2250	200
2250	200
2250	200
2250	200
2250	200
2250	200
2250	200
2250	200
2255	200
2255	200
2255	200
2255	200
2255	200
2255	200
2255	200
2255	200
2255	200
2255	200
2255	200
2255	200
2255	200
2255	200
2255	200
2255	200
2255	200
2255	200
2255	200
2255	200
2260	200
2260	200
2260	200
2260	200
2260	200
2260	200
2260	200
2260	200
2260	200
2260	200
2260	200
2260	200
2260	200
2260	200
2260	200
2260	200
2260	200
2260	200
2260	200
2260	200
2265	200
2265	200
2265	200
2265	200
2265	200
2265	200
2265	200
2265	200
2265	200
2265	200
2265	200
2265	200
2265	200
2265	200
2265	200
2265	200
2265	200
2265	200
2265	200
2265	200
2270	200
2270	200
2270	200
2270	200
2270	200
2270	200
2270	200
2270	200
2270	200
2270	200
2270	200
2270	200
2270	200
2270	200
2270	200
2270	200
2270	200
2270	200
2270	200
2270	200
2275	200
2275	200
2275	200
2275	200
2275	200
2275	200
2275	200
2275	200
2275	200
2275	200
2275	200
2275	200
2275	200
2275	200
2275	200
2275	200
2275	200
2275	200
2275	200
2275	200
2280	200
2280	200
2280	200
2280	200
2280	200
2280	200
2280	200
2280	200
2280	200
2280	200
2280	200
2280	200
2280	200
2280	200
2280	200
2280	200
2280	200
2280	200
2280	200
2280	200
2285	200
2285	200
2285	200
2285	200
2285	200
2285	200
2285	200
2285	200
2285	200
2285	200
2285	200
2285	200
2285	200
2285	200
2285	200
2285	200
2285	200
2285	200
2285	200
2285	200
2290	200
2290	200
2290	200
2290	200
2290	200
2290	200
2290	200
2290	200
2290	200
2290	200
2290	200
2290	200
2290	200
2290	200
2290	200
2290	200
2290	200
2290	200
2290	200
2290	200
2295	200
2295	200
2295	200
2295	200
2295	200
2295	200
2295	200
2295	200
2295	200
2295	200
2295	200
2295	200
2295	200
2295	200
2295	200
2295	200
2295	200
2295	200
2295	200
2295	200
2300	200
2300	200
2300	200
2300	200
2300	200
2300	200
2300	200
2300	200
2300	200
2300	200
2300	200
2300	200
2300	200
2300	200
2300	200
2300	200
2300	200
2300	200
2300	200
2300	200
2305	200
2305	200
2305	200
2305	200
2305	200
2305	200
2305	200
2305	200
2305	200
2305	200
2305	200
2305	200
2305	200
2305	200
2305	200
2305	200
2305	200
2305	200
2305	200
2305	200
2310	200
2310	200
2310	200
2310	200
2310	200
2310	200
2310	200
2310	200
2310	200
2310	200
2310	200
2310	200
2310	200
2310	200
2310	200
2310	200
2310	200
2310	200
2310	200
2310	200
2315	200
2315	200
2315	200
2315	200
2315	200
2315	200
2315	200
2315	200
2315	200
2315	200
2315	200
2315	200
2315	200
2315	200
2315	200
2315	200
2315	200
2315	200
2315	200
2315	200
2320	200
2320	200
2320	200
2320	200
2320	200
2320	200
2320	200
2320	200
2320	200
2320	200
2320	200
2320	200
2320	200
2320	200
2320	200
2320	200
2320	200
2320	200
2320	200
2320	200
2325	200
2325	200
2325	200
2325	200
2325	200
2325	200
2325	200
2325	200
2325	200
2325	200
2325	200
2325	200
2325	200
2325	200
2325	200
2325	200
2325	200
2325	200
2325	200
2325	200
2330	200
2330	200
2330	200
2330	200
2330	200
2330	200
2330	200
2330	200
2330	200
2330	200
2330	200
2330	200
2330	200
2330	200
2330	200
2330	200
2330	200
2330	200
2330	200
2330	200
2335	200
2335	200
2335	200
2335	200
2335	200
2335	200
2335	200
2335	200
2335	200
2335	200
2335	200
2335	200
2335	200
2335	200
2335	200
2335	200
2335	200
2335	200
2335	200
2335	200
2340	200
2340	200
2340	200
2340	200
2340	200
2340	200
2340	200
2340	200
2340	200
2340	200
2340	200
2340	200
2340	200
2340	200
2340	200
2340	200
2340	200
2340	200
2340	200
2340	200
2345	200
2345	200
2345	200
2345	200
2345	200
2345	200
2345	200
2345	200
2345	200
2345	200
2345	200
2345	200
2345	200
2345	200
2345	200
2345	200
2345	200
2345	200
2345	200
2345	200
2350	200
2350	200
2350	200
2350	200
2350	200
2350	200
2350	200
2350	200
2350	200
2350	200
2350	200
2350	200
2350	200
2350	200
2350	200
2350	200
2350	200
2350	200
2350	200
2350	200
2355	200
2355	200
2355	200
2355	200
2355	200
2355	200
2355	200
2355	200
2355	200
2355	200
2355	200
2355	200
2355	200
2355	200
2355	200
2355	200
2355	200
2355	200
2355	200
2355	200
2360	200
2360	200
2360	200
2360	200
2360	200
2360	200
2360	200
2360	200
2360	200
2360	200
2360	200
2360	200
2360	200
2360	200
2360	200
2360	200
2360	200
2360	200
2360	200
2360	200
2365	200
2365	200
2365	200
2365	200
2365	200
2365	200
2365	200
2365	200
2365	200
2365	200
2365	200
2365	200
2365	200
2365	200
2365	200
2365	200
2365	200
2365	200
2365	200
2365	200
2370	200
2370	200
2370	200
2370	200
2370	200
2370	200
2370	200
2370	200
2370	200
2370	200
2370	200
2370	200
2370	200
2370	200
2370	200
2370	200
2370	200
2370	200
2370	200
2370	200
2375	200
2375	200
2375	200
2375	200
2375	200
2375	200
2375	200
2375	200
2375	200
2375	200
2375	200
2375	200
2375	200
2375	200
2375	200
2375	200
2375	200
2375	200
2375	200
2375	200
2380	200
2380	200
2380	200
2380	200
2380	200
2380	200
2380	200
2380	200
2380	200
2380	200
2380	200
2380	200
2380	200
2380	200
2380	200
2380	200
2380	200
2380	200
2380	200
2380	200
2385	200
2385	200
2385	200
2385	200
2385	200
2385	200
2385	200
2385	200
2385	200
2385	200
2385	200
2385	200
2385	200
2385	200
2385	200
2385	200
2385	200
2385	200
2385	200
2385	200
2390	200
2390	200
2390	200
2390	200
2390	200
2390	200
2390	200
2390	200
2390	200
2390	200
2390	200
2390	200
2390	200
2390	200
2390	200
2390	200
2390	200
2390	200
2390	200
2390	200
2395	200
2395	200
2395	200
2395	200
2395	200
2395	200
2395	200
2395	200
2395	200
2395	200
2395	200
2395	200
2395	200
2395	200
2395	200
2395	200
2395	200
2395	200
2395	200
2395	200
2400	200
2400	200
2400	200
2400	200
2400	200
2400	200
2400	200
2400	200
2400	200
2400	200
2400	200
2400	200
2400	200
2400	200
2400	200
2400	200
2400	200
2400	200
2400	200
2400	200
2405	200
2405	200
2405	200
2405	200
2405	200
2405	200
2405	200
2405	200
2405	200
2405	200
2405	200
2405	200
2405	200
2405	200
2405	200
2405	200
2405	200
2405	200
2405	200
2405	200
2410	200
2410	200
2410	200
2410	200
2410	200
2410	200
2410	200
2410	200
2410	200
2410	200
2410	200
2410	200
2410	200
2410	200
2410	200
2410	200
2410	200
2410	200
2410	200
2410	200
2415	200
2415	200
2415	200
2415	200
2415	200
2415	200
2415	200
2415	200
2415	200
2415	200
2415	200
2415	200
2415	200
2415	200
2415	200
2415	200
2415	200
2415	200
2415	200
2415	200
2420	200
2420	200
2420	200
2420	200
2420	200
2420	200
2420	200
2420	200
2420	200
2420	200
2420	200
2420	200
2420	200
2420	200
2420	200
2420	200
2420	200
2420	200
2420	200
2420	200
2425	200
2425	200
2425	200
2425	200
2425	200
2425	200
2425	200
2425	200
2425	200
2425	200
2425	200
2425	200
2425	200
2425	200
2425	200
2425	200
2425	200
2425	200
2425	200
2425	200
2430	200
2430	200
2430	200
2430	200
2430	200
2430	200
2430	200
2430	200
2430	200
2430	200
2430	200
2430	200
2430	200
2430	200
2430	200
2430	200
2430	200
2430	200
2430	200
2430	200
2435	200
2435	200
2435	200
2435	200
2435	200
2435	200
2435	200
2435	200
2435	200
2435	200
2435	200
2435	200
2435	200
2435	200
2435	200
2435	200
2435	200
2435	200
2435	200
2435	200
2440	200
2440	200
2440	200
2440	200
2440	200
2440	200
2440	200
2440	200
2440	200
2440	200
2440	200
2440	200
2440	200
2440	200
2440	200
2440	200
2440	200
2440	200
2440	200
2440	200
2445	200
2445	200
2445	200
2445	200
2445	200
2445	200
2445	200
2445	200
2445	200
2445	200
2445	200
2445	200
2445	200
2445	200
2445	200
2445	200
2445	200
2445	200
2445	200
2445	200
2450	200
2450	200
2450	200
2450	200
2450	200
2450	200
2450	200
2450	200
2450	200
2450	200
2450	200
2450	200
2450	200
2450	200
2450	200
2450	200
2450	200
2450	200
2450	200
2450	200
2455	200
2455	200
2455	200
2455	200
2455	200
2455	200
2455	200
2455	200
2455	200
2455	200
2455	200
2455	200
2455	200
2455	200
2455	200
2455	200
2455	200
2455	200
2455	200
2455	200
2460	200
2460	200
2460	200
2460	200
2460	200
2460	200
2460	200
2460	200
2460	200
2460	200
2460	200
2460	200
2460	200
2460	200
2460	200
2460	200
2460	200
2460	200
2460	200
2460	200
2465	200
2465	200
2465	200
2465	200
2465	200
2465	200
2465	200
2465	200
2465	200
2465	200
2465	200
2465	200
2465	200
2465	200
2465	200
2465	200
2465	200
2465	200
2465	200
2465	200
2470	200
2470	200
2470	200
2470	200
2470	200
2470	200
2470	200
2470	200
2470	200
2470	200
2470	200
2470	200
2470	200
2470	200
2470	200
2470	200
2470	200
2470	200
2470	200
2470	200
2475	200
2475	200
2475	200
2475	200
2475	200
2475	200
2475	200
2475	200
2475	200
2475	200
2475	200
2475	200
2475	200
2475	200
2475	200
2475	200
2475	200
2475	200
2475	200
2475	200
2480	200
2480	200
2480	200
2480	200
2480	200
2480	200
2480	200
2480	200
2480	200
2480	200
2480	200
2480	200
2480	200
2480	200
2480	200
2480	200
2480	200
2480	200
2480	200
2480	200
2485	200
2485	200
2485	200
2485	200
2485	200
2485	200
2485	200
2485	200
2485	200
2485	200
2485	200
2485	200
2485	200
2485	200
2485	200
2485	200
2485	200
2485	200
2485	200
2485	200
2490	200
2490	200
2490	200
2490	200
2490	200
2490	200
2490	200
2490	200
2490	200
2490	200
2490	200
2490	200
2490	200
2490	200
2490	200
2490	200
2490	200
2490	200
2490	200
2490	200
2495	200
2495	200
2495	200
2495	200
2495	200
2495	200
2495	200
2495	200
2495	200
2495	200
2495	200
2495	200
2495	200
2495	200
2495	200
2495	200
2495	200
2495	200
2495	200
2495	200
2500	200
2500	200
2500	200
2500	200
2500	200
2500	200
2500	200
2500	200
2500	200
2500	200
2500	200
2500	200
2500	200
2500	200
2500	200
2500	200
2500	200
2500	200
2500	200
2500	200
