0	10
0	10
0	10
0	10
0	10
100	10
100	10
100	10
100	10
100	10
200	10
200	10
200	10
200	10
200	10
300	10
300	10
300	10
300	10
300	10
400	10
400	10
400	10
400	10
400	10
500	10
500	10
500	10
500	10
500	10
600	10
600	10
600	10
600	10
600	10
700	10
700	10
700	10
700	10
700	10
800	10
800	10
800	10
800	10
800	10
900	10
900	10
900	10
900	10
900	10
1000	10
1000	10
1000	10
1000	10
1000	10
1100	10
1100	10
1100	10
1100	10
1100	10
1200	10
1200	10
1200	10
1200	10
1200	10
1300	10
1300	10
1300	10
1300	10
1300	10
1400	10
1400	10
1400	10
1400	10
1400	10
1500	10
1500	10
1500	10
1500	10
1500	10
1600	10
1600	10
1600	10
1600	10
1600	10
1700	10
1700	10
1700	10
1700	10
1700	10
1800	10
1800	10
1800	10
1800	10
1800	10
1900	10
1900	10
1900	10
1900	10
1900	10
2000	10
2000	10
2000	10
2000	10
2000	10
2100	10
2100	10
2100	10
2100	10
2100	10
2200	10
2200	10
2200	10
2200	10
2200	10
2300	10
2300	10
2300	10
2300	10
2300	10
2400	10
2400	10
2400	10
2400	10
2400	10
2500	10
2500	10
2500	10
2500	10
2500	10
2600	10
2600	10
2600	10
2600	10
2600	10
2700	10
2700	10
2700	10
2700	10
2700	10
2800	10
2800	10
2800	10
2800	10
2800	10
2900	10
2900	10
2900	10
2900	10
2900	10
3000	10
3000	10
3000	10
3000	10
3000	10
3100	10
3100	10
3100	10
3100	10
3100	10
3200	10
3200	10
3200	10
3200	10
3200	10
3300	10
3300	10
3300	10
3300	10
3300	10
3400	10
3400	10
3400	10
3400	10
3400	10
3500	10
3500	10
3500	10
3500	10
3500	10
3600	10
3600	10
3600	10
3600	10
3600	10
3700	10
3700	10
3700	10
3700	10
3700	10
3800	10
3800	10
3800	10
3800	10
3800	10
3900	10
3900	10
3900	10
3900	10
3900	10
4000	10
4000	10
4000	10
4000	10
4000	10
4100	10
4100	10
4100	10
4100	10
4100	10
4200	10
4200	10
4200	10
4200	10
4200	10
4300	10
4300	10
4300	10
4300	10
4300	10
4400	10
4400	10
4400	10
4400	10
4400	10
4500	10
4500	10
4500	10
4500	10
4500	10
4600	10
4600	10
4600	10
4600	10
4600	10
4700	10
4700	10
4700	10
4700	10
4700	10
4800	10
4800	10
4800	10
4800	10
4800	10
4900	10
4900	10
4900	10
4900	10
4900	10
5000	10
5000	10
5000	10
5000	10
5000	10
5100	10
5100	10
5100	10
5100	10
5100	10
5200	10
5200	10
5200	10
5200	10
5200	10
5300	10
5300	10
5300	10
5300	10
5300	10
5400	10
5400	10
5400	10
5400	10
5400	10
5500	10
5500	10
5500	10
5500	10
5500	10
5600	10
5600	10
5600	10
5600	10
5600	10
5700	10
5700	10
5700	10
5700	10
5700	10
5800	10
5800	10
5800	10
5800	10
5800	10
5900	10
5900	10
5900	10
5900	10
5900	10
6000	10
6000	10
6000	10
6000	10
6000	10
6100	10
6100	10
6100	10
6100	10
6100	10
6200	10
6200	10
6200	10
6200	10
6200	10
6300	10
6300	10
6300	10
6300	10
6300	10
6400	10
6400	10
6400	10
6400	10
6400	10
6500	10
6500	10
6500	10
6500	10
6500	10
6600	10
6600	10
6600	10
6600	10
6600	10
6700	10
6700	10
6700	10
6700	10
6700	10
6800	10
6800	10
6800	10
6800	10
6800	10
6900	10
6900	10
6900	10
6900	10
6900	10
7000	10
7000	10
7000	10
7000	10
7000	10
7100	10
7100	10
7100	10
7100	10
7100	10
7200	10
7200	10
7200	10
7200	10
7200	10
7300	10
7300	10
7300	10
7300	10
7300	10
7400	10
7400	10
7400	10
7400	10
7400	10
7500	10
7500	10
7500	10
7500	10
7500	10
7600	10
7600	10
7600	10
7600	10
7600	10
7700	10
7700	10
7700	10
7700	10
7700	10
7800	10
7800	10
7800	10
7800	10
7800	10
7900	10
7900	10
7900	10
7900	10
7900	10
8000	10
8000	10
8000	10
8000	10
8000	10
8100	10
8100	10
8100	10
8100	10
8100	10
8200	10
8200	10
8200	10
8200	10
8200	10
8300	10
8300	10
8300	10
8300	10
8300	10
8400	10
8400	10
8400	10
8400	10
8400	10
8500	10
8500	10
8500	10
8500	10
8500	10
8600	10
8600	10
8600	10
8600	10
8600	10
8700	10
8700	10
8700	10
8700	10
8700	10
8800	10
8800	10
8800	10
8800	10
8800	10
8900	10
8900	10
8900	10
8900	10
8900	10
9000	10
9000	10
9000	10
9000	10
9000	10
9100	10
9100	10
9100	10
9100	10
9100	10
9200	10
9200	10
9200	10
9200	10
9200	10
9300	10
9300	10
9300	10
9300	10
9300	10
9400	10
9400	10
9400	10
9400	10
9400	10
9500	10
9500	10
9500	10
9500	10
9500	10
9600	10
9600	10
9600	10
9600	10
9600	10
9700	10
9700	10
9700	10
9700	10
9700	10
9800	10
9800	10
9800	10
9800	10
9800	10
9900	10
9900	10
9900	10
9900	10
9900	10
10000	10
10000	10
10000	10
10000	10
10000	10
10100	10
10100	10
10100	10
10100	10
10100	10
10200	10
10200	10
10200	10
10200	10
10200	10
10300	10
10300	10
10300	10
10300	10
10300	10
10400	10
10400	10
10400	10
10400	10
10400	10
10500	10
10500	10
10500	10
10500	10
10500	10
10600	10
10600	10
10600	10
10600	10
10600	10
10700	10
10700	10
10700	10
10700	10
10700	10
10800	10
10800	10
10800	10
10800	10
10800	10
10900	10
10900	10
10900	10
10900	10
10900	10
11000	10
11000	10
11000	10
11000	10
11000	10
11100	10
11100	10
11100	10
11100	10
11100	10
11200	10
11200	10
11200	10
11200	10
11200	10
11300	10
11300	10
11300	10
11300	10
11300	10
11400	10
11400	10
11400	10
11400	10
11400	10
11500	10
11500	10
11500	10
11500	10
11500	10
11600	10
11600	10
11600	10
11600	10
11600	10
11700	10
11700	10
11700	10
11700	10
11700	10
11800	10
11800	10
11800	10
11800	10
11800	10
11900	10
11900	10
11900	10
11900	10
11900	10
12000	10
12000	10
12000	10
12000	10
12000	10
12100	10
12100	10
12100	10
12100	10
12100	10
12200	10
12200	10
12200	10
12200	10
12200	10
12300	10
12300	10
12300	10
12300	10
12300	10
12400	10
12400	10
12400	10
12400	10
12400	10
12500	10
12500	10
12500	10
12500	10
12500	10
12600	10
12600	10
12600	10
12600	10
12600	10
12700	10
12700	10
12700	10
12700	10
12700	10
12800	10
12800	10
12800	10
12800	10
12800	10
12900	10
12900	10
12900	10
12900	10
12900	10
13000	10
13000	10
13000	10
13000	10
13000	10
13100	10
13100	10
13100	10
13100	10
13100	10
13200	10
13200	10
13200	10
13200	10
13200	10
13300	10
13300	10
13300	10
13300	10
13300	10
13400	10
13400	10
13400	10
13400	10
13400	10
13500	10
13500	10
13500	10
13500	10
13500	10
13600	10
13600	10
13600	10
13600	10
13600	10
13700	10
13700	10
13700	10
13700	10
13700	10
13800	10
13800	10
13800	10
13800	10
13800	10
13900	10
13900	10
13900	10
13900	10
13900	10
14000	10
14000	10
14000	10
14000	10
14000	10
14100	10
14100	10
14100	10
14100	10
14100	10
14200	10
14200	10
14200	10
14200	10
14200	10
14300	10
14300	10
14300	10
14300	10
14300	10
14400	10
14400	10
14400	10
14400	10
14400	10
14500	10
14500	10
14500	10
14500	10
14500	10
14600	10
14600	10
14600	10
14600	10
14600	10
14700	10
14700	10
14700	10
14700	10
14700	10
14800	10
14800	10
14800	10
14800	10
14800	10
14900	10
14900	10
14900	10
14900	10
14900	10
15000	10
15000	10
15000	10
15000	10
15000	10
15100	10
15100	10
15100	10
15100	10
15100	10
15200	10
15200	10
15200	10
15200	10
15200	10
15300	10
15300	10
15300	10
15300	10
15300	10
15400	10
15400	10
15400	10
15400	10
15400	10
15500	10
15500	10
15500	10
15500	10
15500	10
15600	10
15600	10
15600	10
15600	10
15600	10
15700	10
15700	10
15700	10
15700	10
15700	10
15800	10
15800	10
15800	10
15800	10
15800	10
15900	10
15900	10
15900	10
15900	10
15900	10
16000	10
16000	10
16000	10
16000	10
16000	10
16100	10
16100	10
16100	10
16100	10
16100	10
16200	10
16200	10
16200	10
16200	10
16200	10
16300	10
16300	10
16300	10
16300	10
16300	10
16400	10
16400	10
16400	10
16400	10
16400	10
16500	10
16500	10
16500	10
16500	10
16500	10
16600	10
16600	10
16600	10
16600	10
16600	10
16700	10
16700	10
16700	10
16700	10
16700	10
16800	10
16800	10
16800	10
16800	10
16800	10
16900	10
16900	10
16900	10
16900	10
16900	10
17000	10
17000	10
17000	10
17000	10
17000	10
17100	10
17100	10
17100	10
17100	10
17100	10
17200	10
17200	10
17200	10
17200	10
17200	10
17300	10
17300	10
17300	10
17300	10
17300	10
17400	10
17400	10
17400	10
17400	10
17400	10
17500	10
17500	10
17500	10
17500	10
17500	10
17600	10
17600	10
17600	10
17600	10
17600	10
17700	10
17700	10
17700	10
17700	10
17700	10
17800	10
17800	10
17800	10
17800	10
17800	10
17900	10
17900	10
17900	10
17900	10
17900	10
18000	10
18000	10
18000	10
18000	10
18000	10
18100	10
18100	10
18100	10
18100	10
18100	10
18200	10
18200	10
18200	10
18200	10
18200	10
18300	10
18300	10
18300	10
18300	10
18300	10
18400	10
18400	10
18400	10
18400	10
18400	10
18500	10
18500	10
18500	10
18500	10
18500	10
18600	10
18600	10
18600	10
18600	10
18600	10
18700	10
18700	10
18700	10
18700	10
18700	10
18800	10
18800	10
18800	10
18800	10
18800	10
18900	10
18900	10
18900	10
18900	10
18900	10
19000	10
19000	10
19000	10
19000	10
19000	10
19100	10
19100	10
19100	10
19100	10
19100	10
19200	10
19200	10
19200	10
19200	10
19200	10
19300	10
19300	10
19300	10
19300	10
19300	10
19400	10
19400	10
19400	10
19400	10
19400	10
19500	10
19500	10
19500	10
19500	10
19500	10
19600	10
19600	10
19600	10
19600	10
19600	10
19700	10
19700	10
19700	10
19700	10
19700	10
19800	10
19800	10
19800	10
19800	10
19800	10
19900	10
19900	10
19900	10
19900	10
19900	10
20000	10
20000	10
20000	10
20000	10
20000	10
20100	10
20100	10
20100	10
20100	10
20100	10
20200	10
20200	10
20200	10
20200	10
20200	10
20300	10
20300	10
20300	10
20300	10
20300	10
20400	10
20400	10
20400	10
20400	10
20400	10
20500	10
20500	10
20500	10
20500	10
20500	10
20600	10
20600	10
20600	10
20600	10
20600	10
20700	10
20700	10
20700	10
20700	10
20700	10
20800	10
20800	10
20800	10
20800	10
20800	10
20900	10
20900	10
20900	10
20900	10
20900	10
21000	10
21000	10
21000	10
21000	10
21000	10
21100	10
21100	10
21100	10
21100	10
21100	10
21200	10
21200	10
21200	10
21200	10
21200	10
21300	10
21300	10
21300	10
21300	10
21300	10
21400	10
21400	10
21400	10
21400	10
21400	10
21500	10
21500	10
21500	10
21500	10
21500	10
21600	10
21600	10
21600	10
21600	10
21600	10
21700	10
21700	10
21700	10
21700	10
21700	10
21800	10
21800	10
21800	10
21800	10
21800	10
21900	10
21900	10
21900	10
21900	10
21900	10
22000	10
22000	10
22000	10
22000	10
22000	10
22100	10
22100	10
22100	10
22100	10
22100	10
22200	10
22200	10
22200	10
22200	10
22200	10
22300	10
22300	10
22300	10
22300	10
22300	10
22400	10
22400	10
22400	10
22400	10
22400	10
22500	10
22500	10
22500	10
22500	10
22500	10
22600	10
22600	10
22600	10
22600	10
22600	10
22700	10
22700	10
22700	10
22700	10
22700	10
22800	10
22800	10
22800	10
22800	10
22800	10
22900	10
22900	10
22900	10
22900	10
22900	10
23000	10
23000	10
23000	10
23000	10
23000	10
23100	10
23100	10
23100	10
23100	10
23100	10
23200	10
23200	10
23200	10
23200	10
23200	10
23300	10
23300	10
23300	10
23300	10
23300	10
23400	10
23400	10
23400	10
23400	10
23400	10
23500	10
23500	10
23500	10
23500	10
23500	10
23600	10
23600	10
23600	10
23600	10
23600	10
23700	10
23700	10
23700	10
23700	10
23700	10
23800	10
23800	10
23800	10
23800	10
23800	10
23900	10
23900	10
23900	10
23900	10
23900	10
24000	10
24000	10
24000	10
24000	10
24000	10
24100	10
24100	10
24100	10
24100	10
24100	10
24200	10
24200	10
24200	10
24200	10
24200	10
24300	10
24300	10
24300	10
24300	10
24300	10
24400	10
24400	10
24400	10
24400	10
24400	10
24500	10
24500	10
24500	10
24500	10
24500	10
24600	10
24600	10
24600	10
24600	10
24600	10
24700	10
24700	10
24700	10
24700	10
24700	10
24800	10
24800	10
24800	10
24800	10
24800	10
24900	10
24900	10
24900	10
24900	10
24900	10
25000	10
25000	10
25000	10
25000	10
25000	10
25100	10
25100	10
25100	10
25100	10
25100	10
25200	10
25200	10
25200	10
25200	10
25200	10
25300	10
25300	10
25300	10
25300	10
25300	10
25400	10
25400	10
25400	10
25400	10
25400	10
25500	10
25500	10
25500	10
25500	10
25500	10
25600	10
25600	10
25600	10
25600	10
25600	10
25700	10
25700	10
25700	10
25700	10
25700	10
25800	10
25800	10
25800	10
25800	10
25800	10
25900	10
25900	10
25900	10
25900	10
25900	10
26000	10
26000	10
26000	10
26000	10
26000	10
26100	10
26100	10
26100	10
26100	10
26100	10
26200	10
26200	10
26200	10
26200	10
26200	10
26300	10
26300	10
26300	10
26300	10
26300	10
26400	10
26400	10
26400	10
26400	10
26400	10
26500	10
26500	10
26500	10
26500	10
26500	10
26600	10
26600	10
26600	10
26600	10
26600	10
26700	10
26700	10
26700	10
26700	10
26700	10
26800	10
26800	10
26800	10
26800	10
26800	10
26900	10
26900	10
26900	10
26900	10
26900	10
27000	10
27000	10
27000	10
27000	10
27000	10
27100	10
27100	10
27100	10
27100	10
27100	10
27200	10
27200	10
27200	10
27200	10
27200	10
27300	10
27300	10
27300	10
27300	10
27300	10
27400	10
27400	10
27400	10
27400	10
27400	10
27500	10
27500	10
27500	10
27500	10
27500	10
27600	10
27600	10
27600	10
27600	10
27600	10
27700	10
27700	10
27700	10
27700	10
27700	10
27800	10
27800	10
27800	10
27800	10
27800	10
27900	10
27900	10
27900	10
27900	10
27900	10
28000	10
28000	10
28000	10
28000	10
28000	10
28100	10
28100	10
28100	10
28100	10
28100	10
28200	10
28200	10
28200	10
28200	10
28200	10
28300	10
28300	10
28300	10
28300	10
28300	10
28400	10
28400	10
28400	10
28400	10
28400	10
28500	10
28500	10
28500	10
28500	10
28500	10
28600	10
28600	10
28600	10
28600	10
28600	10
28700	10
28700	10
28700	10
28700	10
28700	10
28800	10
28800	10
28800	10
28800	10
28800	10
28900	10
28900	10
28900	10
28900	10
28900	10
29000	10
29000	10
29000	10
29000	10
29000	10
29100	10
29100	10
29100	10
29100	10
29100	10
29200	10
29200	10
29200	10
29200	10
29200	10
29300	10
29300	10
29300	10
29300	10
29300	10
29400	10
29400	10
29400	10
29400	10
29400	10
29500	10
29500	10
29500	10
29500	10
29500	10
29600	10
29600	10
29600	10
29600	10
29600	10
29700	10
29700	10
29700	10
29700	10
29700	10
29800	10
29800	10
29800	10
29800	10
29800	10
29900	10
29900	10
29900	10
29900	10
29900	10
30000	10
30000	10
30000	10
30000	10
30000	10
30100	10
30100	10
30100	10
30100	10
30100	10
30200	10
30200	10
30200	10
30200	10
30200	10
30300	10
30300	10
30300	10
30300	10
30300	10
30400	10
30400	10
30400	10
30400	10
30400	10
30500	10
30500	10
30500	10
30500	10
30500	10
30600	10
30600	10
30600	10
30600	10
30600	10
30700	10
30700	10
30700	10
30700	10
30700	10
30800	10
30800	10
30800	10
30800	10
30800	10
30900	10
30900	10
30900	10
30900	10
30900	10
31000	10
31000	10
31000	10
31000	10
31000	10
31100	10
31100	10
31100	10
31100	10
31100	10
31200	10
31200	10
31200	10
31200	10
31200	10
31300	10
31300	10
31300	10
31300	10
31300	10
31400	10
31400	10
31400	10
31400	10
31400	10
31500	10
31500	10
31500	10
31500	10
31500	10
31600	10
31600	10
31600	10
31600	10
31600	10
31700	10
31700	10
31700	10
31700	10
31700	10
31800	10
31800	10
31800	10
31800	10
31800	10
31900	10
31900	10
31900	10
31900	10
31900	10
32000	10
32000	10
32000	10
32000	10
32000	10
32100	10
32100	10
32100	10
32100	10
32100	10
32200	10
32200	10
32200	10
32200	10
32200	10
32300	10
32300	10
32300	10
32300	10
32300	10
32400	10
32400	10
32400	10
32400	10
32400	10
32500	10
32500	10
32500	10
32500	10
32500	10
32600	10
32600	10
32600	10
32600	10
32600	10
32700	10
32700	10
32700	10
32700	10
32700	10
32800	10
32800	10
32800	10
32800	10
32800	10
32900	10
32900	10
32900	10
32900	10
32900	10
33000	10
33000	10
33000	10
33000	10
33000	10
33100	10
33100	10
33100	10
33100	10
33100	10
33200	10
33200	10
33200	10
33200	10
33200	10
33300	10
33300	10
33300	10
33300	10
33300	10
33400	10
33400	10
33400	10
33400	10
33400	10
33500	10
33500	10
33500	10
33500	10
33500	10
33600	10
33600	10
33600	10
33600	10
33600	10
33700	10
33700	10
33700	10
33700	10
33700	10
33800	10
33800	10
33800	10
33800	10
33800	10
33900	10
33900	10
33900	10
33900	10
33900	10
34000	10
34000	10
34000	10
34000	10
34000	10
34100	10
34100	10
34100	10
34100	10
34100	10
34200	10
34200	10
34200	10
34200	10
34200	10
34300	10
34300	10
34300	10
34300	10
34300	10
34400	10
34400	10
34400	10
34400	10
34400	10
34500	10
34500	10
34500	10
34500	10
34500	10
34600	10
34600	10
34600	10
34600	10
34600	10
34700	10
34700	10
34700	10
34700	10
34700	10
34800	10
34800	10
34800	10
34800	10
34800	10
34900	10
34900	10
34900	10
34900	10
34900	10
35000	10
35000	10
35000	10
35000	10
35000	10
35100	10
35100	10
35100	10
35100	10
35100	10
35200	10
35200	10
35200	10
35200	10
35200	10
35300	10
35300	10
35300	10
35300	10
35300	10
35400	10
35400	10
35400	10
35400	10
35400	10
35500	10
35500	10
35500	10
35500	10
35500	10
35600	10
35600	10
35600	10
35600	10
35600	10
35700	10
35700	10
35700	10
35700	10
35700	10
35800	10
35800	10
35800	10
35800	10
35800	10
35900	10
35900	10
35900	10
35900	10
35900	10
36000	10
36000	10
36000	10
36000	10
36000	10
36100	10
36100	10
36100	10
36100	10
36100	10
36200	10
36200	10
36200	10
36200	10
36200	10
36300	10
36300	10
36300	10
36300	10
36300	10
36400	10
36400	10
36400	10
36400	10
36400	10
36500	10
36500	10
36500	10
36500	10
36500	10
36600	10
36600	10
36600	10
36600	10
36600	10
36700	10
36700	10
36700	10
36700	10
36700	10
36800	10
36800	10
36800	10
36800	10
36800	10
36900	10
36900	10
36900	10
36900	10
36900	10
37000	10
37000	10
37000	10
37000	10
37000	10
37100	10
37100	10
37100	10
37100	10
37100	10
37200	10
37200	10
37200	10
37200	10
37200	10
37300	10
37300	10
37300	10
37300	10
37300	10
37400	10
37400	10
37400	10
37400	10
37400	10
37500	10
37500	10
37500	10
37500	10
37500	10
37600	10
37600	10
37600	10
37600	10
37600	10
37700	10
37700	10
37700	10
37700	10
37700	10
37800	10
37800	10
37800	10
37800	10
37800	10
37900	10
37900	10
37900	10
37900	10
37900	10
38000	10
38000	10
38000	10
38000	10
38000	10
38100	10
38100	10
38100	10
38100	10
38100	10
38200	10
38200	10
38200	10
38200	10
38200	10
38300	10
38300	10
38300	10
38300	10
38300	10
38400	10
38400	10
38400	10
38400	10
38400	10
38500	10
38500	10
38500	10
38500	10
38500	10
38600	10
38600	10
38600	10
38600	10
38600	10
38700	10
38700	10
38700	10
38700	10
38700	10
38800	10
38800	10
38800	10
38800	10
38800	10
38900	10
38900	10
38900	10
38900	10
38900	10
39000	10
39000	10
39000	10
39000	10
39000	10
39100	10
39100	10
39100	10
39100	10
39100	10
39200	10
39200	10
39200	10
39200	10
39200	10
39300	10
39300	10
39300	10
39300	10
39300	10
39400	10
39400	10
39400	10
39400	10
39400	10
39500	10
39500	10
39500	10
39500	10
39500	10
39600	10
39600	10
39600	10
39600	10
39600	10
39700	10
39700	10
39700	10
39700	10
39700	10
39800	10
39800	10
39800	10
39800	10
39800	10
39900	10
39900	10
39900	10
39900	10
39900	10
40000	10
40000	10
40000	10
40000	10
40000	10
40100	10
40100	10
40100	10
40100	10
40100	10
40200	10
40200	10
40200	10
40200	10
40200	10
40300	10
40300	10
40300	10
40300	10
40300	10
40400	10
40400	10
40400	10
40400	10
40400	10
40500	10
40500	10
40500	10
40500	10
40500	10
40600	10
40600	10
40600	10
40600	10
40600	10
40700	10
40700	10
40700	10
40700	10
40700	10
40800	10
40800	10
40800	10
40800	10
40800	10
40900	10
40900	10
40900	10
40900	10
40900	10
41000	10
41000	10
41000	10
41000	10
41000	10
41100	10
41100	10
41100	10
41100	10
41100	10
41200	10
41200	10
41200	10
41200	10
41200	10
41300	10
41300	10
41300	10
41300	10
41300	10
41400	10
41400	10
41400	10
41400	10
41400	10
41500	10
41500	10
41500	10
41500	10
41500	10
41600	10
41600	10
41600	10
41600	10
41600	10
41700	10
41700	10
41700	10
41700	10
41700	10
41800	10
41800	10
41800	10
41800	10
41800	10
41900	10
41900	10
41900	10
41900	10
41900	10
42000	10
42000	10
42000	10
42000	10
42000	10
42100	10
42100	10
42100	10
42100	10
42100	10
42200	10
42200	10
42200	10
42200	10
42200	10
42300	10
42300	10
42300	10
42300	10
42300	10
42400	10
42400	10
42400	10
42400	10
42400	10
42500	10
42500	10
42500	10
42500	10
42500	10
42600	10
42600	10
42600	10
42600	10
42600	10
42700	10
42700	10
42700	10
42700	10
42700	10
42800	10
42800	10
42800	10
42800	10
42800	10
42900	10
42900	10
42900	10
42900	10
42900	10
43000	10
43000	10
43000	10
43000	10
43000	10
43100	10
43100	10
43100	10
43100	10
43100	10
43200	10
43200	10
43200	10
43200	10
43200	10
43300	10
43300	10
43300	10
43300	10
43300	10
43400	10
43400	10
43400	10
43400	10
43400	10
43500	10
43500	10
43500	10
43500	10
43500	10
43600	10
43600	10
43600	10
43600	10
43600	10
43700	10
43700	10
43700	10
43700	10
43700	10
43800	10
43800	10
43800	10
43800	10
43800	10
43900	10
43900	10
43900	10
43900	10
43900	10
44000	10
44000	10
44000	10
44000	10
44000	10
44100	10
44100	10
44100	10
44100	10
44100	10
44200	10
44200	10
44200	10
44200	10
44200	10
44300	10
44300	10
44300	10
44300	10
44300	10
44400	10
44400	10
44400	10
44400	10
44400	10
44500	10
44500	10
44500	10
44500	10
44500	10
44600	10
44600	10
44600	10
44600	10
44600	10
44700	10
44700	10
44700	10
44700	10
44700	10
44800	10
44800	10
44800	10
44800	10
44800	10
44900	10
44900	10
44900	10
44900	10
44900	10
45000	10
45000	10
45000	10
45000	10
45000	10
45100	10
45100	10
45100	10
45100	10
45100	10
45200	10
45200	10
45200	10
45200	10
45200	10
45300	10
45300	10
45300	10
45300	10
45300	10
45400	10
45400	10
45400	10
45400	10
45400	10
45500	10
45500	10
45500	10
45500	10
45500	10
45600	10
45600	10
45600	10
45600	10
45600	10
45700	10
45700	10
45700	10
45700	10
45700	10
45800	10
45800	10
45800	10
45800	10
45800	10
45900	10
45900	10
45900	10
45900	10
45900	10
46000	10
46000	10
46000	10
46000	10
46000	10
46100	10
46100	10
46100	10
46100	10
46100	10
46200	10
46200	10
46200	10
46200	10
46200	10
46300	10
46300	10
46300	10
46300	10
46300	10
46400	10
46400	10
46400	10
46400	10
46400	10
46500	10
46500	10
46500	10
46500	10
46500	10
46600	10
46600	10
46600	10
46600	10
46600	10
46700	10
46700	10
46700	10
46700	10
46700	10
46800	10
46800	10
46800	10
46800	10
46800	10
46900	10
46900	10
46900	10
46900	10
46900	10
47000	10
47000	10
47000	10
47000	10
47000	10
47100	10
47100	10
47100	10
47100	10
47100	10
47200	10
47200	10
47200	10
47200	10
47200	10
47300	10
47300	10
47300	10
47300	10
47300	10
47400	10
47400	10
47400	10
47400	10
47400	10
47500	10
47500	10
47500	10
47500	10
47500	10
47600	10
47600	10
47600	10
47600	10
47600	10
47700	10
47700	10
47700	10
47700	10
47700	10
47800	10
47800	10
47800	10
47800	10
47800	10
47900	10
47900	10
47900	10
47900	10
47900	10
48000	10
48000	10
48000	10
48000	10
48000	10
48100	10
48100	10
48100	10
48100	10
48100	10
48200	10
48200	10
48200	10
48200	10
48200	10
48300	10
48300	10
48300	10
48300	10
48300	10
48400	10
48400	10
48400	10
48400	10
48400	10
48500	10
48500	10
48500	10
48500	10
48500	10
48600	10
48600	10
48600	10
48600	10
48600	10
48700	10
48700	10
48700	10
48700	10
48700	10
48800	10
48800	10
48800	10
48800	10
48800	10
48900	10
48900	10
48900	10
48900	10
48900	10
49000	10
49000	10
49000	10
49000	10
49000	10
49100	10
49100	10
49100	10
49100	10
49100	10
49200	10
49200	10
49200	10
49200	10
49200	10
49300	10
49300	10
49300	10
49300	10
49300	10
49400	10
49400	10
49400	10
49400	10
49400	10
49500	10
49500	10
49500	10
49500	10
49500	10
49600	10
49600	10
49600	10
49600	10
49600	10
49700	10
49700	10
49700	10
49700	10
49700	10
49800	10
49800	10
49800	10
49800	10
49800	10
49900	10
49900	10
49900	10
49900	10
49900	10
50000	10
50000	10
50000	10
50000	10
50000	10
50100	10
50100	10
50100	10
50100	10
50100	10
50200	10
50200	10
50200	10
50200	10
50200	10
50300	10
50300	10
50300	10
50300	10
50300	10
50400	10
50400	10
50400	10
50400	10
50400	10
50500	10
50500	10
50500	10
50500	10
50500	10
50600	10
50600	10
50600	10
50600	10
50600	10
50700	10
50700	10
50700	10
50700	10
50700	10
50800	10
50800	10
50800	10
50800	10
50800	10
50900	10
50900	10
50900	10
50900	10
50900	10
51000	10
51000	10
51000	10
51000	10
51000	10
51100	10
51100	10
51100	10
51100	10
51100	10
51200	10
51200	10
51200	10
51200	10
51200	10
51300	10
51300	10
51300	10
51300	10
51300	10
51400	10
51400	10
51400	10
51400	10
51400	10
51500	10
51500	10
51500	10
51500	10
51500	10
51600	10
51600	10
51600	10
51600	10
51600	10
51700	10
51700	10
51700	10
51700	10
51700	10
51800	10
51800	10
51800	10
51800	10
51800	10
51900	10
51900	10
51900	10
51900	10
51900	10
52000	10
52000	10
52000	10
52000	10
52000	10
52100	10
52100	10
52100	10
52100	10
52100	10
52200	10
52200	10
52200	10
52200	10
52200	10
52300	10
52300	10
52300	10
52300	10
52300	10
52400	10
52400	10
52400	10
52400	10
52400	10
52500	10
52500	10
52500	10
52500	10
52500	10
52600	10
52600	10
52600	10
52600	10
52600	10
52700	10
52700	10
52700	10
52700	10
52700	10
52800	10
52800	10
52800	10
52800	10
52800	10
52900	10
52900	10
52900	10
52900	10
52900	10
53000	10
53000	10
53000	10
53000	10
53000	10
53100	10
53100	10
53100	10
53100	10
53100	10
53200	10
53200	10
53200	10
53200	10
53200	10
53300	10
53300	10
53300	10
53300	10
53300	10
53400	10
53400	10
53400	10
53400	10
53400	10
53500	10
53500	10
53500	10
53500	10
53500	10
53600	10
53600	10
53600	10
53600	10
53600	10
53700	10
53700	10
53700	10
53700	10
53700	10
53800	10
53800	10
53800	10
53800	10
53800	10
53900	10
53900	10
53900	10
53900	10
53900	10
54000	10
54000	10
54000	10
54000	10
54000	10
54100	10
54100	10
54100	10
54100	10
54100	10
54200	10
54200	10
54200	10
54200	10
54200	10
54300	10
54300	10
54300	10
54300	10
54300	10
54400	10
54400	10
54400	10
54400	10
54400	10
54500	10
54500	10
54500	10
54500	10
54500	10
54600	10
54600	10
54600	10
54600	10
54600	10
54700	10
54700	10
54700	10
54700	10
54700	10
54800	10
54800	10
54800	10
54800	10
54800	10
54900	10
54900	10
54900	10
54900	10
54900	10
55000	10
55000	10
55000	10
55000	10
55000	10
55100	10
55100	10
55100	10
55100	10
55100	10
55200	10
55200	10
55200	10
55200	10
55200	10
55300	10
55300	10
55300	10
55300	10
55300	10
55400	10
55400	10
55400	10
55400	10
55400	10
55500	10
55500	10
55500	10
55500	10
55500	10
55600	10
55600	10
55600	10
55600	10
55600	10
55700	10
55700	10
55700	10
55700	10
55700	10
55800	10
55800	10
55800	10
55800	10
55800	10
55900	10
55900	10
55900	10
55900	10
55900	10
56000	10
56000	10
56000	10
56000	10
56000	10
56100	10
56100	10
56100	10
56100	10
56100	10
56200	10
56200	10
56200	10
56200	10
56200	10
56300	10
56300	10
56300	10
56300	10
56300	10
56400	10
56400	10
56400	10
56400	10
56400	10
56500	10
56500	10
56500	10
56500	10
56500	10
56600	10
56600	10
56600	10
56600	10
56600	10
56700	10
56700	10
56700	10
56700	10
56700	10
56800	10
56800	10
56800	10
56800	10
56800	10
56900	10
56900	10
56900	10
56900	10
56900	10
57000	10
57000	10
57000	10
57000	10
57000	10
57100	10
57100	10
57100	10
57100	10
57100	10
57200	10
57200	10
57200	10
57200	10
57200	10
57300	10
57300	10
57300	10
57300	10
57300	10
57400	10
57400	10
57400	10
57400	10
57400	10
57500	10
57500	10
57500	10
57500	10
57500	10
57600	10
57600	10
57600	10
57600	10
57600	10
57700	10
57700	10
57700	10
57700	10
57700	10
57800	10
57800	10
57800	10
57800	10
57800	10
57900	10
57900	10
57900	10
57900	10
57900	10
58000	10
58000	10
58000	10
58000	10
58000	10
58100	10
58100	10
58100	10
58100	10
58100	10
58200	10
58200	10
58200	10
58200	10
58200	10
58300	10
58300	10
58300	10
58300	10
58300	10
58400	10
58400	10
58400	10
58400	10
58400	10
58500	10
58500	10
58500	10
58500	10
58500	10
58600	10
58600	10
58600	10
58600	10
58600	10
58700	10
58700	10
58700	10
58700	10
58700	10
58800	10
58800	10
58800	10
58800	10
58800	10
58900	10
58900	10
58900	10
58900	10
58900	10
59000	10
59000	10
59000	10
59000	10
59000	10
59100	10
59100	10
59100	10
59100	10
59100	10
59200	10
59200	10
59200	10
59200	10
59200	10
59300	10
59300	10
59300	10
59300	10
59300	10
59400	10
59400	10
59400	10
59400	10
59400	10
59500	10
59500	10
59500	10
59500	10
59500	10
59600	10
59600	10
59600	10
59600	10
59600	10
59700	10
59700	10
59700	10
59700	10
59700	10
59800	10
59800	10
59800	10
59800	10
59800	10
59900	10
59900	10
59900	10
59900	10
59900	10
60000	10
60000	10
60000	10
60000	10
60000	10
60100	10
60100	10
60100	10
60100	10
60100	10
60200	10
60200	10
60200	10
60200	10
60200	10
60300	10
60300	10
60300	10
60300	10
60300	10
60400	10
60400	10
60400	10
60400	10
60400	10
60500	10
60500	10
60500	10
60500	10
60500	10
60600	10
60600	10
60600	10
60600	10
60600	10
60700	10
60700	10
60700	10
60700	10
60700	10
60800	10
60800	10
60800	10
60800	10
60800	10
60900	10
60900	10
60900	10
60900	10
60900	10
61000	10
61000	10
61000	10
61000	10
61000	10
61100	10
61100	10
61100	10
61100	10
61100	10
61200	10
61200	10
61200	10
61200	10
61200	10
61300	10
61300	10
61300	10
61300	10
61300	10
61400	10
61400	10
61400	10
61400	10
61400	10
61500	10
61500	10
61500	10
61500	10
61500	10
61600	10
61600	10
61600	10
61600	10
61600	10
61700	10
61700	10
61700	10
61700	10
61700	10
61800	10
61800	10
61800	10
61800	10
61800	10
61900	10
61900	10
61900	10
61900	10
61900	10
62000	10
62000	10
62000	10
62000	10
62000	10
62100	10
62100	10
62100	10
62100	10
62100	10
62200	10
62200	10
62200	10
62200	10
62200	10
62300	10
62300	10
62300	10
62300	10
62300	10
62400	10
62400	10
62400	10
62400	10
62400	10
62500	10
62500	10
62500	10
62500	10
62500	10
62600	10
62600	10
62600	10
62600	10
62600	10
62700	10
62700	10
62700	10
62700	10
62700	10
62800	10
62800	10
62800	10
62800	10
62800	10
62900	10
62900	10
62900	10
62900	10
62900	10
63000	10
63000	10
63000	10
63000	10
63000	10
63100	10
63100	10
63100	10
63100	10
63100	10
63200	10
63200	10
63200	10
63200	10
63200	10
63300	10
63300	10
63300	10
63300	10
63300	10
63400	10
63400	10
63400	10
63400	10
63400	10
63500	10
63500	10
63500	10
63500	10
63500	10
63600	10
63600	10
63600	10
63600	10
63600	10
63700	10
63700	10
63700	10
63700	10
63700	10
63800	10
63800	10
63800	10
63800	10
63800	10
63900	10
63900	10
63900	10
63900	10
63900	10
64000	10
64000	10
64000	10
64000	10
64000	10
64100	10
64100	10
64100	10
64100	10
64100	10
64200	10
64200	10
64200	10
64200	10
64200	10
64300	10
64300	10
64300	10
64300	10
64300	10
64400	10
64400	10
64400	10
64400	10
64400	10
64500	10
64500	10
64500	10
64500	10
64500	10
64600	10
64600	10
64600	10
64600	10
64600	10
64700	10
64700	10
64700	10
64700	10
64700	10
64800	10
64800	10
64800	10
64800	10
64800	10
64900	10
64900	10
64900	10
64900	10
64900	10
65000	10
65000	10
65000	10
65000	10
65000	10
65100	10
65100	10
65100	10
65100	10
65100	10
65200	10
65200	10
65200	10
65200	10
65200	10
65300	10
65300	10
65300	10
65300	10
65300	10
65400	10
65400	10
65400	10
65400	10
65400	10
65500	10
65500	10
65500	10
65500	10
65500	10
65600	10
65600	10
65600	10
65600	10
65600	10
65700	10
65700	10
65700	10
65700	10
65700	10
65800	10
65800	10
65800	10
65800	10
65800	10
65900	10
65900	10
65900	10
65900	10
65900	10
66000	10
66000	10
66000	10
66000	10
66000	10
66100	10
66100	10
66100	10
66100	10
66100	10
66200	10
66200	10
66200	10
66200	10
66200	10
66300	10
66300	10
66300	10
66300	10
66300	10
66400	10
66400	10
66400	10
66400	10
66400	10
66500	10
66500	10
66500	10
66500	10
66500	10
66600	10
66600	10
66600	10
66600	10
66600	10
66700	10
66700	10
66700	10
66700	10
66700	10
66800	10
66800	10
66800	10
66800	10
66800	10
66900	10
66900	10
66900	10
66900	10
66900	10
67000	10
67000	10
67000	10
67000	10
67000	10
67100	10
67100	10
67100	10
67100	10
67100	10
67200	10
67200	10
67200	10
67200	10
67200	10
67300	10
67300	10
67300	10
67300	10
67300	10
67400	10
67400	10
67400	10
67400	10
67400	10
67500	10
67500	10
67500	10
67500	10
67500	10
67600	10
67600	10
67600	10
67600	10
67600	10
67700	10
67700	10
67700	10
67700	10
67700	10
67800	10
67800	10
67800	10
67800	10
67800	10
67900	10
67900	10
67900	10
67900	10
67900	10
68000	10
68000	10
68000	10
68000	10
68000	10
68100	10
68100	10
68100	10
68100	10
68100	10
68200	10
68200	10
68200	10
68200	10
68200	10
68300	10
68300	10
68300	10
68300	10
68300	10
68400	10
68400	10
68400	10
68400	10
68400	10
68500	10
68500	10
68500	10
68500	10
68500	10
68600	10
68600	10
68600	10
68600	10
68600	10
68700	10
68700	10
68700	10
68700	10
68700	10
68800	10
68800	10
68800	10
68800	10
68800	10
68900	10
68900	10
68900	10
68900	10
68900	10
69000	10
69000	10
69000	10
69000	10
69000	10
69100	10
69100	10
69100	10
69100	10
69100	10
69200	10
69200	10
69200	10
69200	10
69200	10
69300	10
69300	10
69300	10
69300	10
69300	10
69400	10
69400	10
69400	10
69400	10
69400	10
69500	10
69500	10
69500	10
69500	10
69500	10
69600	10
69600	10
69600	10
69600	10
69600	10
69700	10
69700	10
69700	10
69700	10
69700	10
69800	10
69800	10
69800	10
69800	10
69800	10
69900	10
69900	10
69900	10
69900	10
69900	10
70000	10
70000	10
70000	10
70000	10
70000	10
70100	10
70100	10
70100	10
70100	10
70100	10
70200	10
70200	10
70200	10
70200	10
70200	10
70300	10
70300	10
70300	10
70300	10
70300	10
70400	10
70400	10
70400	10
70400	10
70400	10
70500	10
70500	10
70500	10
70500	10
70500	10
70600	10
70600	10
70600	10
70600	10
70600	10
70700	10
70700	10
70700	10
70700	10
70700	10
70800	10
70800	10
70800	10
70800	10
70800	10
70900	10
70900	10
70900	10
70900	10
70900	10
71000	10
71000	10
71000	10
71000	10
71000	10
71100	10
71100	10
71100	10
71100	10
71100	10
71200	10
71200	10
71200	10
71200	10
71200	10
71300	10
71300	10
71300	10
71300	10
71300	10
71400	10
71400	10
71400	10
71400	10
71400	10
71500	10
71500	10
71500	10
71500	10
71500	10
71600	10
71600	10
71600	10
71600	10
71600	10
71700	10
71700	10
71700	10
71700	10
71700	10
71800	10
71800	10
71800	10
71800	10
71800	10
71900	10
71900	10
71900	10
71900	10
71900	10
72000	10
72000	10
72000	10
72000	10
72000	10
72100	10
72100	10
72100	10
72100	10
72100	10
72200	10
72200	10
72200	10
72200	10
72200	10
72300	10
72300	10
72300	10
72300	10
72300	10
72400	10
72400	10
72400	10
72400	10
72400	10
72500	10
72500	10
72500	10
72500	10
72500	10
72600	10
72600	10
72600	10
72600	10
72600	10
72700	10
72700	10
72700	10
72700	10
72700	10
72800	10
72800	10
72800	10
72800	10
72800	10
72900	10
72900	10
72900	10
72900	10
72900	10
73000	10
73000	10
73000	10
73000	10
73000	10
73100	10
73100	10
73100	10
73100	10
73100	10
73200	10
73200	10
73200	10
73200	10
73200	10
73300	10
73300	10
73300	10
73300	10
73300	10
73400	10
73400	10
73400	10
73400	10
73400	10
73500	10
73500	10
73500	10
73500	10
73500	10
73600	10
73600	10
73600	10
73600	10
73600	10
73700	10
73700	10
73700	10
73700	10
73700	10
73800	10
73800	10
73800	10
73800	10
73800	10
73900	10
73900	10
73900	10
73900	10
73900	10
74000	10
74000	10
74000	10
74000	10
74000	10
74100	10
74100	10
74100	10
74100	10
74100	10
74200	10
74200	10
74200	10
74200	10
74200	10
74300	10
74300	10
74300	10
74300	10
74300	10
74400	10
74400	10
74400	10
74400	10
74400	10
74500	10
74500	10
74500	10
74500	10
74500	10
74600	10
74600	10
74600	10
74600	10
74600	10
74700	10
74700	10
74700	10
74700	10
74700	10
74800	10
74800	10
74800	10
74800	10
74800	10
74900	10
74900	10
74900	10
74900	10
74900	10
75000	10
75000	10
75000	10
75000	10
75000	10
75100	10
75100	10
75100	10
75100	10
75100	10
75200	10
75200	10
75200	10
75200	10
75200	10
75300	10
75300	10
75300	10
75300	10
75300	10
75400	10
75400	10
75400	10
75400	10
75400	10
75500	10
75500	10
75500	10
75500	10
75500	10
75600	10
75600	10
75600	10
75600	10
75600	10
75700	10
75700	10
75700	10
75700	10
75700	10
75800	10
75800	10
75800	10
75800	10
75800	10
75900	10
75900	10
75900	10
75900	10
75900	10
76000	10
76000	10
76000	10
76000	10
76000	10
76100	10
76100	10
76100	10
76100	10
76100	10
76200	10
76200	10
76200	10
76200	10
76200	10
76300	10
76300	10
76300	10
76300	10
76300	10
76400	10
76400	10
76400	10
76400	10
76400	10
76500	10
76500	10
76500	10
76500	10
76500	10
76600	10
76600	10
76600	10
76600	10
76600	10
76700	10
76700	10
76700	10
76700	10
76700	10
76800	10
76800	10
76800	10
76800	10
76800	10
76900	10
76900	10
76900	10
76900	10
76900	10
77000	10
77000	10
77000	10
77000	10
77000	10
77100	10
77100	10
77100	10
77100	10
77100	10
77200	10
77200	10
77200	10
77200	10
77200	10
77300	10
77300	10
77300	10
77300	10
77300	10
77400	10
77400	10
77400	10
77400	10
77400	10
77500	10
77500	10
77500	10
77500	10
77500	10
77600	10
77600	10
77600	10
77600	10
77600	10
77700	10
77700	10
77700	10
77700	10
77700	10
77800	10
77800	10
77800	10
77800	10
77800	10
77900	10
77900	10
77900	10
77900	10
77900	10
78000	10
78000	10
78000	10
78000	10
78000	10
78100	10
78100	10
78100	10
78100	10
78100	10
78200	10
78200	10
78200	10
78200	10
78200	10
78300	10
78300	10
78300	10
78300	10
78300	10
78400	10
78400	10
78400	10
78400	10
78400	10
78500	10
78500	10
78500	10
78500	10
78500	10
78600	10
78600	10
78600	10
78600	10
78600	10
78700	10
78700	10
78700	10
78700	10
78700	10
78800	10
78800	10
78800	10
78800	10
78800	10
78900	10
78900	10
78900	10
78900	10
78900	10
79000	10
79000	10
79000	10
79000	10
79000	10
79100	10
79100	10
79100	10
79100	10
79100	10
79200	10
79200	10
79200	10
79200	10
79200	10
79300	10
79300	10
79300	10
79300	10
79300	10
79400	10
79400	10
79400	10
79400	10
79400	10
79500	10
79500	10
79500	10
79500	10
79500	10
79600	10
79600	10
79600	10
79600	10
79600	10
79700	10
79700	10
79700	10
79700	10
79700	10
79800	10
79800	10
79800	10
79800	10
79800	10
79900	10
79900	10
79900	10
79900	10
79900	10
80000	10
80000	10
80000	10
80000	10
80000	10
80100	10
80100	10
80100	10
80100	10
80100	10
80200	10
80200	10
80200	10
80200	10
80200	10
80300	10
80300	10
80300	10
80300	10
80300	10
80400	10
80400	10
80400	10
80400	10
80400	10
80500	10
80500	10
80500	10
80500	10
80500	10
80600	10
80600	10
80600	10
80600	10
80600	10
80700	10
80700	10
80700	10
80700	10
80700	10
80800	10
80800	10
80800	10
80800	10
80800	10
80900	10
80900	10
80900	10
80900	10
80900	10
81000	10
81000	10
81000	10
81000	10
81000	10
81100	10
81100	10
81100	10
81100	10
81100	10
81200	10
81200	10
81200	10
81200	10
81200	10
81300	10
81300	10
81300	10
81300	10
81300	10
81400	10
81400	10
81400	10
81400	10
81400	10
81500	10
81500	10
81500	10
81500	10
81500	10
81600	10
81600	10
81600	10
81600	10
81600	10
81700	10
81700	10
81700	10
81700	10
81700	10
81800	10
81800	10
81800	10
81800	10
81800	10
81900	10
81900	10
81900	10
81900	10
81900	10
82000	10
82000	10
82000	10
82000	10
82000	10
82100	10
82100	10
82100	10
82100	10
82100	10
82200	10
82200	10
82200	10
82200	10
82200	10
82300	10
82300	10
82300	10
82300	10
82300	10
82400	10
82400	10
82400	10
82400	10
82400	10
82500	10
82500	10
82500	10
82500	10
82500	10
82600	10
82600	10
82600	10
82600	10
82600	10
82700	10
82700	10
82700	10
82700	10
82700	10
82800	10
82800	10
82800	10
82800	10
82800	10
82900	10
82900	10
82900	10
82900	10
82900	10
83000	10
83000	10
83000	10
83000	10
83000	10
83100	10
83100	10
83100	10
83100	10
83100	10
83200	10
83200	10
83200	10
83200	10
83200	10
83300	10
83300	10
83300	10
83300	10
83300	10
83400	10
83400	10
83400	10
83400	10
83400	10
83500	10
83500	10
83500	10
83500	10
83500	10
83600	10
83600	10
83600	10
83600	10
83600	10
83700	10
83700	10
83700	10
83700	10
83700	10
83800	10
83800	10
83800	10
83800	10
83800	10
83900	10
83900	10
83900	10
83900	10
83900	10
84000	10
84000	10
84000	10
84000	10
84000	10
84100	10
84100	10
84100	10
84100	10
84100	10
84200	10
84200	10
84200	10
84200	10
84200	10
84300	10
84300	10
84300	10
84300	10
84300	10
84400	10
84400	10
84400	10
84400	10
84400	10
84500	10
84500	10
84500	10
84500	10
84500	10
84600	10
84600	10
84600	10
84600	10
84600	10
84700	10
84700	10
84700	10
84700	10
84700	10
84800	10
84800	10
84800	10
84800	10
84800	10
84900	10
84900	10
84900	10
84900	10
84900	10
85000	10
85000	10
85000	10
85000	10
85000	10
85100	10
85100	10
85100	10
85100	10
85100	10
85200	10
85200	10
85200	10
85200	10
85200	10
85300	10
85300	10
85300	10
85300	10
85300	10
85400	10
85400	10
85400	10
85400	10
85400	10
85500	10
85500	10
85500	10
85500	10
85500	10
85600	10
85600	10
85600	10
85600	10
85600	10
85700	10
85700	10
85700	10
85700	10
85700	10
85800	10
85800	10
85800	10
85800	10
85800	10
85900	10
85900	10
85900	10
85900	10
85900	10
86000	10
86000	10
86000	10
86000	10
86000	10
86100	10
86100	10
86100	10
86100	10
86100	10
86200	10
86200	10
86200	10
86200	10
86200	10
86300	10
86300	10
86300	10
86300	10
86300	10
86400	10
86400	10
86400	10
86400	10
86400	10
86500	10
86500	10
86500	10
86500	10
86500	10
86600	10
86600	10
86600	10
86600	10
86600	10
86700	10
86700	10
86700	10
86700	10
86700	10
86800	10
86800	10
86800	10
86800	10
86800	10
86900	10
86900	10
86900	10
86900	10
86900	10
87000	10
87000	10
87000	10
87000	10
87000	10
87100	10
87100	10
87100	10
87100	10
87100	10
87200	10
87200	10
87200	10
87200	10
87200	10
87300	10
87300	10
87300	10
87300	10
87300	10
87400	10
87400	10
87400	10
87400	10
87400	10
87500	10
87500	10
87500	10
87500	10
87500	10
87600	10
87600	10
87600	10
87600	10
87600	10
87700	10
87700	10
87700	10
87700	10
87700	10
87800	10
87800	10
87800	10
87800	10
87800	10
87900	10
87900	10
87900	10
87900	10
87900	10
88000	10
88000	10
88000	10
88000	10
88000	10
88100	10
88100	10
88100	10
88100	10
88100	10
88200	10
88200	10
88200	10
88200	10
88200	10
88300	10
88300	10
88300	10
88300	10
88300	10
88400	10
88400	10
88400	10
88400	10
88400	10
88500	10
88500	10
88500	10
88500	10
88500	10
88600	10
88600	10
88600	10
88600	10
88600	10
88700	10
88700	10
88700	10
88700	10
88700	10
88800	10
88800	10
88800	10
88800	10
88800	10
88900	10
88900	10
88900	10
88900	10
88900	10
89000	10
89000	10
89000	10
89000	10
89000	10
89100	10
89100	10
89100	10
89100	10
89100	10
89200	10
89200	10
89200	10
89200	10
89200	10
89300	10
89300	10
89300	10
89300	10
89300	10
89400	10
89400	10
89400	10
89400	10
89400	10
89500	10
89500	10
89500	10
89500	10
89500	10
89600	10
89600	10
89600	10
89600	10
89600	10
89700	10
89700	10
89700	10
89700	10
89700	10
89800	10
89800	10
89800	10
89800	10
89800	10
89900	10
89900	10
89900	10
89900	10
89900	10
90000	10
90000	10
90000	10
90000	10
90000	10
90100	10
90100	10
90100	10
90100	10
90100	10
90200	10
90200	10
90200	10
90200	10
90200	10
90300	10
90300	10
90300	10
90300	10
90300	10
90400	10
90400	10
90400	10
90400	10
90400	10
90500	10
90500	10
90500	10
90500	10
90500	10
90600	10
90600	10
90600	10
90600	10
90600	10
90700	10
90700	10
90700	10
90700	10
90700	10
90800	10
90800	10
90800	10
90800	10
90800	10
90900	10
90900	10
90900	10
90900	10
90900	10
91000	10
91000	10
91000	10
91000	10
91000	10
91100	10
91100	10
91100	10
91100	10
91100	10
91200	10
91200	10
91200	10
91200	10
91200	10
91300	10
91300	10
91300	10
91300	10
91300	10
91400	10
91400	10
91400	10
91400	10
91400	10
91500	10
91500	10
91500	10
91500	10
91500	10
91600	10
91600	10
91600	10
91600	10
91600	10
91700	10
91700	10
91700	10
91700	10
91700	10
91800	10
91800	10
91800	10
91800	10
91800	10
91900	10
91900	10
91900	10
91900	10
91900	10
92000	10
92000	10
92000	10
92000	10
92000	10
92100	10
92100	10
92100	10
92100	10
92100	10
92200	10
92200	10
92200	10
92200	10
92200	10
92300	10
92300	10
92300	10
92300	10
92300	10
92400	10
92400	10
92400	10
92400	10
92400	10
92500	10
92500	10
92500	10
92500	10
92500	10
92600	10
92600	10
92600	10
92600	10
92600	10
92700	10
92700	10
92700	10
92700	10
92700	10
92800	10
92800	10
92800	10
92800	10
92800	10
92900	10
92900	10
92900	10
92900	10
92900	10
93000	10
93000	10
93000	10
93000	10
93000	10
93100	10
93100	10
93100	10
93100	10
93100	10
93200	10
93200	10
93200	10
93200	10
93200	10
93300	10
93300	10
93300	10
93300	10
93300	10
93400	10
93400	10
93400	10
93400	10
93400	10
93500	10
93500	10
93500	10
93500	10
93500	10
93600	10
93600	10
93600	10
93600	10
93600	10
93700	10
93700	10
93700	10
93700	10
93700	10
93800	10
93800	10
93800	10
93800	10
93800	10
93900	10
93900	10
93900	10
93900	10
93900	10
94000	10
94000	10
94000	10
94000	10
94000	10
94100	10
94100	10
94100	10
94100	10
94100	10
94200	10
94200	10
94200	10
94200	10
94200	10
94300	10
94300	10
94300	10
94300	10
94300	10
94400	10
94400	10
94400	10
94400	10
94400	10
94500	10
94500	10
94500	10
94500	10
94500	10
94600	10
94600	10
94600	10
94600	10
94600	10
94700	10
94700	10
94700	10
94700	10
94700	10
94800	10
94800	10
94800	10
94800	10
94800	10
94900	10
94900	10
94900	10
94900	10
94900	10
95000	10
95000	10
95000	10
95000	10
95000	10
95100	10
95100	10
95100	10
95100	10
95100	10
95200	10
95200	10
95200	10
95200	10
95200	10
95300	10
95300	10
95300	10
95300	10
95300	10
95400	10
95400	10
95400	10
95400	10
95400	10
95500	10
95500	10
95500	10
95500	10
95500	10
95600	10
95600	10
95600	10
95600	10
95600	10
95700	10
95700	10
95700	10
95700	10
95700	10
95800	10
95800	10
95800	10
95800	10
95800	10
95900	10
95900	10
95900	10
95900	10
95900	10
96000	10
96000	10
96000	10
96000	10
96000	10
96100	10
96100	10
96100	10
96100	10
96100	10
96200	10
96200	10
96200	10
96200	10
96200	10
96300	10
96300	10
96300	10
96300	10
96300	10
96400	10
96400	10
96400	10
96400	10
96400	10
96500	10
96500	10
96500	10
96500	10
96500	10
96600	10
96600	10
96600	10
96600	10
96600	10
96700	10
96700	10
96700	10
96700	10
96700	10
96800	10
96800	10
96800	10
96800	10
96800	10
96900	10
96900	10
96900	10
96900	10
96900	10
97000	10
97000	10
97000	10
97000	10
97000	10
97100	10
97100	10
97100	10
97100	10
97100	10
97200	10
97200	10
97200	10
97200	10
97200	10
97300	10
97300	10
97300	10
97300	10
97300	10
97400	10
97400	10
97400	10
97400	10
97400	10
97500	10
97500	10
97500	10
97500	10
97500	10
97600	10
97600	10
97600	10
97600	10
97600	10
97700	10
97700	10
97700	10
97700	10
97700	10
97800	10
97800	10
97800	10
97800	10
97800	10
97900	10
97900	10
97900	10
97900	10
97900	10
98000	10
98000	10
98000	10
98000	10
98000	10
98100	10
98100	10
98100	10
98100	10
98100	10
98200	10
98200	10
98200	10
98200	10
98200	10
98300	10
98300	10
98300	10
98300	10
98300	10
98400	10
98400	10
98400	10
98400	10
98400	10
98500	10
98500	10
98500	10
98500	10
98500	10
98600	10
98600	10
98600	10
98600	10
98600	10
98700	10
98700	10
98700	10
98700	10
98700	10
98800	10
98800	10
98800	10
98800	10
98800	10
98900	10
98900	10
98900	10
98900	10
98900	10
99000	10
99000	10
99000	10
99000	10
99000	10
99100	10
99100	10
99100	10
99100	10
99100	10
99200	10
99200	10
99200	10
99200	10
99200	10
99300	10
99300	10
99300	10
99300	10
99300	10
99400	10
99400	10
99400	10
99400	10
99400	10
99500	10
99500	10
99500	10
99500	10
99500	10
99600	10
99600	10
99600	10
99600	10
99600	10
99700	10
99700	10
99700	10
99700	10
99700	10
99800	10
99800	10
99800	10
99800	10
99800	10
99900	10
99900	10
99900	10
99900	10
99900	10
100000	10
100000	10
100000	10
100000	10
100000	10
100100	10
100100	10
100100	10
100100	10
100100	10
100200	10
100200	10
100200	10
100200	10
100200	10
100300	10
100300	10
100300	10
100300	10
100300	10
100400	10
100400	10
100400	10
100400	10
100400	10
100500	10
100500	10
100500	10
100500	10
100500	10
100600	10
100600	10
100600	10
100600	10
100600	10
100700	10
100700	10
100700	10
100700	10
100700	10
100800	10
100800	10
100800	10
100800	10
100800	10
100900	10
100900	10
100900	10
100900	10
100900	10
101000	10
101000	10
101000	10
101000	10
101000	10
101100	10
101100	10
101100	10
101100	10
101100	10
101200	10
101200	10
101200	10
101200	10
101200	10
101300	10
101300	10
101300	10
101300	10
101300	10
101400	10
101400	10
101400	10
101400	10
101400	10
101500	10
101500	10
101500	10
101500	10
101500	10
101600	10
101600	10
101600	10
101600	10
101600	10
101700	10
101700	10
101700	10
101700	10
101700	10
101800	10
101800	10
101800	10
101800	10
101800	10
101900	10
101900	10
101900	10
101900	10
101900	10
102000	10
102000	10
102000	10
102000	10
102000	10
102100	10
102100	10
102100	10
102100	10
102100	10
102200	10
102200	10
102200	10
102200	10
102200	10
102300	10
102300	10
102300	10
102300	10
102300	10
102400	10
102400	10
102400	10
102400	10
102400	10
102500	10
102500	10
102500	10
102500	10
102500	10
102600	10
102600	10
102600	10
102600	10
102600	10
102700	10
102700	10
102700	10
102700	10
102700	10
102800	10
102800	10
102800	10
102800	10
102800	10
102900	10
102900	10
102900	10
102900	10
102900	10
103000	10
103000	10
103000	10
103000	10
103000	10
103100	10
103100	10
103100	10
103100	10
103100	10
103200	10
103200	10
103200	10
103200	10
103200	10
103300	10
103300	10
103300	10
103300	10
103300	10
103400	10
103400	10
103400	10
103400	10
103400	10
103500	10
103500	10
103500	10
103500	10
103500	10
103600	10
103600	10
103600	10
103600	10
103600	10
103700	10
103700	10
103700	10
103700	10
103700	10
103800	10
103800	10
103800	10
103800	10
103800	10
103900	10
103900	10
103900	10
103900	10
103900	10
104000	10
104000	10
104000	10
104000	10
104000	10
104100	10
104100	10
104100	10
104100	10
104100	10
104200	10
104200	10
104200	10
104200	10
104200	10
104300	10
104300	10
104300	10
104300	10
104300	10
104400	10
104400	10
104400	10
104400	10
104400	10
104500	10
104500	10
104500	10
104500	10
104500	10
104600	10
104600	10
104600	10
104600	10
104600	10
104700	10
104700	10
104700	10
104700	10
104700	10
104800	10
104800	10
104800	10
104800	10
104800	10
104900	10
104900	10
104900	10
104900	10
104900	10
105000	10
105000	10
105000	10
105000	10
105000	10
105100	10
105100	10
105100	10
105100	10
105100	10
105200	10
105200	10
105200	10
105200	10
105200	10
105300	10
105300	10
105300	10
105300	10
105300	10
105400	10
105400	10
105400	10
105400	10
105400	10
105500	10
105500	10
105500	10
105500	10
105500	10
105600	10
105600	10
105600	10
105600	10
105600	10
105700	10
105700	10
105700	10
105700	10
105700	10
105800	10
105800	10
105800	10
105800	10
105800	10
105900	10
105900	10
105900	10
105900	10
105900	10
106000	10
106000	10
106000	10
106000	10
106000	10
106100	10
106100	10
106100	10
106100	10
106100	10
106200	10
106200	10
106200	10
106200	10
106200	10
106300	10
106300	10
106300	10
106300	10
106300	10
106400	10
106400	10
106400	10
106400	10
106400	10
106500	10
106500	10
106500	10
106500	10
106500	10
106600	10
106600	10
106600	10
106600	10
106600	10
106700	10
106700	10
106700	10
106700	10
106700	10
106800	10
106800	10
106800	10
106800	10
106800	10
106900	10
106900	10
106900	10
106900	10
106900	10
107000	10
107000	10
107000	10
107000	10
107000	10
107100	10
107100	10
107100	10
107100	10
107100	10
107200	10
107200	10
107200	10
107200	10
107200	10
107300	10
107300	10
107300	10
107300	10
107300	10
107400	10
107400	10
107400	10
107400	10
107400	10
107500	10
107500	10
107500	10
107500	10
107500	10
107600	10
107600	10
107600	10
107600	10
107600	10
107700	10
107700	10
107700	10
107700	10
107700	10
107800	10
107800	10
107800	10
107800	10
107800	10
107900	10
107900	10
107900	10
107900	10
107900	10
108000	10
108000	10
108000	10
108000	10
108000	10
108100	10
108100	10
108100	10
108100	10
108100	10
108200	10
108200	10
108200	10
108200	10
108200	10
108300	10
108300	10
108300	10
108300	10
108300	10
108400	10
108400	10
108400	10
108400	10
108400	10
108500	10
108500	10
108500	10
108500	10
108500	10
108600	10
108600	10
108600	10
108600	10
108600	10
108700	10
108700	10
108700	10
108700	10
108700	10
108800	10
108800	10
108800	10
108800	10
108800	10
108900	10
108900	10
108900	10
108900	10
108900	10
109000	10
109000	10
109000	10
109000	10
109000	10
109100	10
109100	10
109100	10
109100	10
109100	10
109200	10
109200	10
109200	10
109200	10
109200	10
109300	10
109300	10
109300	10
109300	10
109300	10
109400	10
109400	10
109400	10
109400	10
109400	10
109500	10
109500	10
109500	10
109500	10
109500	10
109600	10
109600	10
109600	10
109600	10
109600	10
109700	10
109700	10
109700	10
109700	10
109700	10
109800	10
109800	10
109800	10
109800	10
109800	10
109900	10
109900	10
109900	10
109900	10
109900	10
110000	10
110000	10
110000	10
110000	10
110000	10
110100	10
110100	10
110100	10
110100	10
110100	10
110200	10
110200	10
110200	10
110200	10
110200	10
110300	10
110300	10
110300	10
110300	10
110300	10
110400	10
110400	10
110400	10
110400	10
110400	10
110500	10
110500	10
110500	10
110500	10
110500	10
110600	10
110600	10
110600	10
110600	10
110600	10
110700	10
110700	10
110700	10
110700	10
110700	10
110800	10
110800	10
110800	10
110800	10
110800	10
110900	10
110900	10
110900	10
110900	10
110900	10
111000	10
111000	10
111000	10
111000	10
111000	10
111100	10
111100	10
111100	10
111100	10
111100	10
111200	10
111200	10
111200	10
111200	10
111200	10
111300	10
111300	10
111300	10
111300	10
111300	10
111400	10
111400	10
111400	10
111400	10
111400	10
111500	10
111500	10
111500	10
111500	10
111500	10
111600	10
111600	10
111600	10
111600	10
111600	10
111700	10
111700	10
111700	10
111700	10
111700	10
111800	10
111800	10
111800	10
111800	10
111800	10
111900	10
111900	10
111900	10
111900	10
111900	10
112000	10
112000	10
112000	10
112000	10
112000	10
112100	10
112100	10
112100	10
112100	10
112100	10
112200	10
112200	10
112200	10
112200	10
112200	10
112300	10
112300	10
112300	10
112300	10
112300	10
112400	10
112400	10
112400	10
112400	10
112400	10
112500	10
112500	10
112500	10
112500	10
112500	10
112600	10
112600	10
112600	10
112600	10
112600	10
112700	10
112700	10
112700	10
112700	10
112700	10
112800	10
112800	10
112800	10
112800	10
112800	10
112900	10
112900	10
112900	10
112900	10
112900	10
113000	10
113000	10
113000	10
113000	10
113000	10
113100	10
113100	10
113100	10
113100	10
113100	10
113200	10
113200	10
113200	10
113200	10
113200	10
113300	10
113300	10
113300	10
113300	10
113300	10
113400	10
113400	10
113400	10
113400	10
113400	10
113500	10
113500	10
113500	10
113500	10
113500	10
113600	10
113600	10
113600	10
113600	10
113600	10
113700	10
113700	10
113700	10
113700	10
113700	10
113800	10
113800	10
113800	10
113800	10
113800	10
113900	10
113900	10
113900	10
113900	10
113900	10
114000	10
114000	10
114000	10
114000	10
114000	10
114100	10
114100	10
114100	10
114100	10
114100	10
114200	10
114200	10
114200	10
114200	10
114200	10
114300	10
114300	10
114300	10
114300	10
114300	10
114400	10
114400	10
114400	10
114400	10
114400	10
114500	10
114500	10
114500	10
114500	10
114500	10
114600	10
114600	10
114600	10
114600	10
114600	10
114700	10
114700	10
114700	10
114700	10
114700	10
114800	10
114800	10
114800	10
114800	10
114800	10
114900	10
114900	10
114900	10
114900	10
114900	10
115000	10
115000	10
115000	10
115000	10
115000	10
115100	10
115100	10
115100	10
115100	10
115100	10
115200	10
115200	10
115200	10
115200	10
115200	10
115300	10
115300	10
115300	10
115300	10
115300	10
115400	10
115400	10
115400	10
115400	10
115400	10
115500	10
115500	10
115500	10
115500	10
115500	10
115600	10
115600	10
115600	10
115600	10
115600	10
115700	10
115700	10
115700	10
115700	10
115700	10
115800	10
115800	10
115800	10
115800	10
115800	10
115900	10
115900	10
115900	10
115900	10
115900	10
116000	10
116000	10
116000	10
116000	10
116000	10
116100	10
116100	10
116100	10
116100	10
116100	10
116200	10
116200	10
116200	10
116200	10
116200	10
116300	10
116300	10
116300	10
116300	10
116300	10
116400	10
116400	10
116400	10
116400	10
116400	10
116500	10
116500	10
116500	10
116500	10
116500	10
116600	10
116600	10
116600	10
116600	10
116600	10
116700	10
116700	10
116700	10
116700	10
116700	10
116800	10
116800	10
116800	10
116800	10
116800	10
116900	10
116900	10
116900	10
116900	10
116900	10
117000	10
117000	10
117000	10
117000	10
117000	10
117100	10
117100	10
117100	10
117100	10
117100	10
117200	10
117200	10
117200	10
117200	10
117200	10
117300	10
117300	10
117300	10
117300	10
117300	10
117400	10
117400	10
117400	10
117400	10
117400	10
117500	10
117500	10
117500	10
117500	10
117500	10
117600	10
117600	10
117600	10
117600	10
117600	10
117700	10
117700	10
117700	10
117700	10
117700	10
117800	10
117800	10
117800	10
117800	10
117800	10
117900	10
117900	10
117900	10
117900	10
117900	10
118000	10
118000	10
118000	10
118000	10
118000	10
118100	10
118100	10
118100	10
118100	10
118100	10
118200	10
118200	10
118200	10
118200	10
118200	10
118300	10
118300	10
118300	10
118300	10
118300	10
118400	10
118400	10
118400	10
118400	10
118400	10
118500	10
118500	10
118500	10
118500	10
118500	10
118600	10
118600	10
118600	10
118600	10
118600	10
118700	10
118700	10
118700	10
118700	10
118700	10
118800	10
118800	10
118800	10
118800	10
118800	10
118900	10
118900	10
118900	10
118900	10
118900	10
119000	10
119000	10
119000	10
119000	10
119000	10
119100	10
119100	10
119100	10
119100	10
119100	10
119200	10
119200	10
119200	10
119200	10
119200	10
119300	10
119300	10
119300	10
119300	10
119300	10
119400	10
119400	10
119400	10
119400	10
119400	10
119500	10
119500	10
119500	10
119500	10
119500	10
119600	10
119600	10
119600	10
119600	10
119600	10
119700	10
119700	10
119700	10
119700	10
119700	10
119800	10
119800	10
119800	10
119800	10
119800	10
119900	10
119900	10
119900	10
119900	10
119900	10
120000	10
120000	10
120000	10
120000	10
120000	10
120100	10
120100	10
120100	10
120100	10
120100	10
120200	10
120200	10
120200	10
120200	10
120200	10
120300	10
120300	10
120300	10
120300	10
120300	10
120400	10
120400	10
120400	10
120400	10
120400	10
120500	10
120500	10
120500	10
120500	10
120500	10
120600	10
120600	10
120600	10
120600	10
120600	10
120700	10
120700	10
120700	10
120700	10
120700	10
120800	10
120800	10
120800	10
120800	10
120800	10
120900	10
120900	10
120900	10
120900	10
120900	10
121000	10
121000	10
121000	10
121000	10
121000	10
121100	10
121100	10
121100	10
121100	10
121100	10
121200	10
121200	10
121200	10
121200	10
121200	10
121300	10
121300	10
121300	10
121300	10
121300	10
121400	10
121400	10
121400	10
121400	10
121400	10
121500	10
121500	10
121500	10
121500	10
121500	10
121600	10
121600	10
121600	10
121600	10
121600	10
121700	10
121700	10
121700	10
121700	10
121700	10
121800	10
121800	10
121800	10
121800	10
121800	10
121900	10
121900	10
121900	10
121900	10
121900	10
122000	10
122000	10
122000	10
122000	10
122000	10
122100	10
122100	10
122100	10
122100	10
122100	10
122200	10
122200	10
122200	10
122200	10
122200	10
122300	10
122300	10
122300	10
122300	10
122300	10
122400	10
122400	10
122400	10
122400	10
122400	10
122500	10
122500	10
122500	10
122500	10
122500	10
122600	10
122600	10
122600	10
122600	10
122600	10
122700	10
122700	10
122700	10
122700	10
122700	10
122800	10
122800	10
122800	10
122800	10
122800	10
122900	10
122900	10
122900	10
122900	10
122900	10
123000	10
123000	10
123000	10
123000	10
123000	10
123100	10
123100	10
123100	10
123100	10
123100	10
123200	10
123200	10
123200	10
123200	10
123200	10
123300	10
123300	10
123300	10
123300	10
123300	10
123400	10
123400	10
123400	10
123400	10
123400	10
123500	10
123500	10
123500	10
123500	10
123500	10
123600	10
123600	10
123600	10
123600	10
123600	10
123700	10
123700	10
123700	10
123700	10
123700	10
123800	10
123800	10
123800	10
123800	10
123800	10
123900	10
123900	10
123900	10
123900	10
123900	10
124000	10
124000	10
124000	10
124000	10
124000	10
124100	10
124100	10
124100	10
124100	10
124100	10
124200	10
124200	10
124200	10
124200	10
124200	10
124300	10
124300	10
124300	10
124300	10
124300	10
124400	10
124400	10
124400	10
124400	10
124400	10
124500	10
124500	10
124500	10
124500	10
124500	10
124600	10
124600	10
124600	10
124600	10
124600	10
124700	10
124700	10
124700	10
124700	10
124700	10
124800	10
124800	10
124800	10
124800	10
124800	10
124900	10
124900	10
124900	10
124900	10
124900	10
125000	10
125000	10
125000	10
125000	10
125000	10
125100	10
125100	10
125100	10
125100	10
125100	10
125200	10
125200	10
125200	10
125200	10
125200	10
125300	10
125300	10
125300	10
125300	10
125300	10
125400	10
125400	10
125400	10
125400	10
125400	10
125500	10
125500	10
125500	10
125500	10
125500	10
125600	10
125600	10
125600	10
125600	10
125600	10
125700	10
125700	10
125700	10
125700	10
125700	10
125800	10
125800	10
125800	10
125800	10
125800	10
125900	10
125900	10
125900	10
125900	10
125900	10
126000	10
126000	10
126000	10
126000	10
126000	10
126100	10
126100	10
126100	10
126100	10
126100	10
126200	10
126200	10
126200	10
126200	10
126200	10
126300	10
126300	10
126300	10
126300	10
126300	10
126400	10
126400	10
126400	10
126400	10
126400	10
126500	10
126500	10
126500	10
126500	10
126500	10
126600	10
126600	10
126600	10
126600	10
126600	10
126700	10
126700	10
126700	10
126700	10
126700	10
126800	10
126800	10
126800	10
126800	10
126800	10
126900	10
126900	10
126900	10
126900	10
126900	10
127000	10
127000	10
127000	10
127000	10
127000	10
127100	10
127100	10
127100	10
127100	10
127100	10
127200	10
127200	10
127200	10
127200	10
127200	10
127300	10
127300	10
127300	10
127300	10
127300	10
127400	10
127400	10
127400	10
127400	10
127400	10
127500	10
127500	10
127500	10
127500	10
127500	10
127600	10
127600	10
127600	10
127600	10
127600	10
127700	10
127700	10
127700	10
127700	10
127700	10
127800	10
127800	10
127800	10
127800	10
127800	10
127900	10
127900	10
127900	10
127900	10
127900	10
128000	10
128000	10
128000	10
128000	10
128000	10
128100	10
128100	10
128100	10
128100	10
128100	10
128200	10
128200	10
128200	10
128200	10
128200	10
128300	10
128300	10
128300	10
128300	10
128300	10
128400	10
128400	10
128400	10
128400	10
128400	10
128500	10
128500	10
128500	10
128500	10
128500	10
128600	10
128600	10
128600	10
128600	10
128600	10
128700	10
128700	10
128700	10
128700	10
128700	10
128800	10
128800	10
128800	10
128800	10
128800	10
128900	10
128900	10
128900	10
128900	10
128900	10
129000	10
129000	10
129000	10
129000	10
129000	10
129100	10
129100	10
129100	10
129100	10
129100	10
129200	10
129200	10
129200	10
129200	10
129200	10
129300	10
129300	10
129300	10
129300	10
129300	10
129400	10
129400	10
129400	10
129400	10
129400	10
129500	10
129500	10
129500	10
129500	10
129500	10
129600	10
129600	10
129600	10
129600	10
129600	10
129700	10
129700	10
129700	10
129700	10
129700	10
129800	10
129800	10
129800	10
129800	10
129800	10
129900	10
129900	10
129900	10
129900	10
129900	10
130000	10
130000	10
130000	10
130000	10
130000	10
130100	10
130100	10
130100	10
130100	10
130100	10
130200	10
130200	10
130200	10
130200	10
130200	10
130300	10
130300	10
130300	10
130300	10
130300	10
130400	10
130400	10
130400	10
130400	10
130400	10
130500	10
130500	10
130500	10
130500	10
130500	10
130600	10
130600	10
130600	10
130600	10
130600	10
130700	10
130700	10
130700	10
130700	10
130700	10
130800	10
130800	10
130800	10
130800	10
130800	10
130900	10
130900	10
130900	10
130900	10
130900	10
131000	10
131000	10
131000	10
131000	10
131000	10
131100	10
131100	10
131100	10
131100	10
131100	10
131200	10
131200	10
131200	10
131200	10
131200	10
131300	10
131300	10
131300	10
131300	10
131300	10
131400	10
131400	10
131400	10
131400	10
131400	10
131500	10
131500	10
131500	10
131500	10
131500	10
131600	10
131600	10
131600	10
131600	10
131600	10
131700	10
131700	10
131700	10
131700	10
131700	10
131800	10
131800	10
131800	10
131800	10
131800	10
131900	10
131900	10
131900	10
131900	10
131900	10
132000	10
132000	10
132000	10
132000	10
132000	10
132100	10
132100	10
132100	10
132100	10
132100	10
132200	10
132200	10
132200	10
132200	10
132200	10
132300	10
132300	10
132300	10
132300	10
132300	10
132400	10
132400	10
132400	10
132400	10
132400	10
132500	10
132500	10
132500	10
132500	10
132500	10
132600	10
132600	10
132600	10
132600	10
132600	10
132700	10
132700	10
132700	10
132700	10
132700	10
132800	10
132800	10
132800	10
132800	10
132800	10
132900	10
132900	10
132900	10
132900	10
132900	10
133000	10
133000	10
133000	10
133000	10
133000	10
133100	10
133100	10
133100	10
133100	10
133100	10
133200	10
133200	10
133200	10
133200	10
133200	10
133300	10
133300	10
133300	10
133300	10
133300	10
133400	10
133400	10
133400	10
133400	10
133400	10
133500	10
133500	10
133500	10
133500	10
133500	10
133600	10
133600	10
133600	10
133600	10
133600	10
133700	10
133700	10
133700	10
133700	10
133700	10
133800	10
133800	10
133800	10
133800	10
133800	10
133900	10
133900	10
133900	10
133900	10
133900	10
134000	10
134000	10
134000	10
134000	10
134000	10
134100	10
134100	10
134100	10
134100	10
134100	10
134200	10
134200	10
134200	10
134200	10
134200	10
134300	10
134300	10
134300	10
134300	10
134300	10
134400	10
134400	10
134400	10
134400	10
134400	10
134500	10
134500	10
134500	10
134500	10
134500	10
134600	10
134600	10
134600	10
134600	10
134600	10
134700	10
134700	10
134700	10
134700	10
134700	10
134800	10
134800	10
134800	10
134800	10
134800	10
134900	10
134900	10
134900	10
134900	10
134900	10
135000	10
135000	10
135000	10
135000	10
135000	10
135100	10
135100	10
135100	10
135100	10
135100	10
135200	10
135200	10
135200	10
135200	10
135200	10
135300	10
135300	10
135300	10
135300	10
135300	10
135400	10
135400	10
135400	10
135400	10
135400	10
135500	10
135500	10
135500	10
135500	10
135500	10
135600	10
135600	10
135600	10
135600	10
135600	10
135700	10
135700	10
135700	10
135700	10
135700	10
135800	10
135800	10
135800	10
135800	10
135800	10
135900	10
135900	10
135900	10
135900	10
135900	10
136000	10
136000	10
136000	10
136000	10
136000	10
136100	10
136100	10
136100	10
136100	10
136100	10
136200	10
136200	10
136200	10
136200	10
136200	10
136300	10
136300	10
136300	10
136300	10
136300	10
136400	10
136400	10
136400	10
136400	10
136400	10
136500	10
136500	10
136500	10
136500	10
136500	10
136600	10
136600	10
136600	10
136600	10
136600	10
136700	10
136700	10
136700	10
136700	10
136700	10
136800	10
136800	10
136800	10
136800	10
136800	10
136900	10
136900	10
136900	10
136900	10
136900	10
137000	10
137000	10
137000	10
137000	10
137000	10
137100	10
137100	10
137100	10
137100	10
137100	10
137200	10
137200	10
137200	10
137200	10
137200	10
137300	10
137300	10
137300	10
137300	10
137300	10
137400	10
137400	10
137400	10
137400	10
137400	10
137500	10
137500	10
137500	10
137500	10
137500	10
137600	10
137600	10
137600	10
137600	10
137600	10
137700	10
137700	10
137700	10
137700	10
137700	10
137800	10
137800	10
137800	10
137800	10
137800	10
137900	10
137900	10
137900	10
137900	10
137900	10
138000	10
138000	10
138000	10
138000	10
138000	10
138100	10
138100	10
138100	10
138100	10
138100	10
138200	10
138200	10
138200	10
138200	10
138200	10
138300	10
138300	10
138300	10
138300	10
138300	10
138400	10
138400	10
138400	10
138400	10
138400	10
138500	10
138500	10
138500	10
138500	10
138500	10
138600	10
138600	10
138600	10
138600	10
138600	10
138700	10
138700	10
138700	10
138700	10
138700	10
138800	10
138800	10
138800	10
138800	10
138800	10
138900	10
138900	10
138900	10
138900	10
138900	10
139000	10
139000	10
139000	10
139000	10
139000	10
139100	10
139100	10
139100	10
139100	10
139100	10
139200	10
139200	10
139200	10
139200	10
139200	10
139300	10
139300	10
139300	10
139300	10
139300	10
139400	10
139400	10
139400	10
139400	10
139400	10
139500	10
139500	10
139500	10
139500	10
139500	10
139600	10
139600	10
139600	10
139600	10
139600	10
139700	10
139700	10
139700	10
139700	10
139700	10
139800	10
139800	10
139800	10
139800	10
139800	10
139900	10
139900	10
139900	10
139900	10
139900	10
140000	10
140000	10
140000	10
140000	10
140000	10
140100	10
140100	10
140100	10
140100	10
140100	10
140200	10
140200	10
140200	10
140200	10
140200	10
140300	10
140300	10
140300	10
140300	10
140300	10
140400	10
140400	10
140400	10
140400	10
140400	10
140500	10
140500	10
140500	10
140500	10
140500	10
140600	10
140600	10
140600	10
140600	10
140600	10
140700	10
140700	10
140700	10
140700	10
140700	10
140800	10
140800	10
140800	10
140800	10
140800	10
140900	10
140900	10
140900	10
140900	10
140900	10
141000	10
141000	10
141000	10
141000	10
141000	10
141100	10
141100	10
141100	10
141100	10
141100	10
141200	10
141200	10
141200	10
141200	10
141200	10
141300	10
141300	10
141300	10
141300	10
141300	10
141400	10
141400	10
141400	10
141400	10
141400	10
141500	10
141500	10
141500	10
141500	10
141500	10
141600	10
141600	10
141600	10
141600	10
141600	10
141700	10
141700	10
141700	10
141700	10
141700	10
141800	10
141800	10
141800	10
141800	10
141800	10
141900	10
141900	10
141900	10
141900	10
141900	10
142000	10
142000	10
142000	10
142000	10
142000	10
142100	10
142100	10
142100	10
142100	10
142100	10
142200	10
142200	10
142200	10
142200	10
142200	10
142300	10
142300	10
142300	10
142300	10
142300	10
142400	10
142400	10
142400	10
142400	10
142400	10
142500	10
142500	10
142500	10
142500	10
142500	10
142600	10
142600	10
142600	10
142600	10
142600	10
142700	10
142700	10
142700	10
142700	10
142700	10
142800	10
142800	10
142800	10
142800	10
142800	10
142900	10
142900	10
142900	10
142900	10
142900	10
143000	10
143000	10
143000	10
143000	10
143000	10
143100	10
143100	10
143100	10
143100	10
143100	10
143200	10
143200	10
143200	10
143200	10
143200	10
143300	10
143300	10
143300	10
143300	10
143300	10
143400	10
143400	10
143400	10
143400	10
143400	10
143500	10
143500	10
143500	10
143500	10
143500	10
143600	10
143600	10
143600	10
143600	10
143600	10
143700	10
143700	10
143700	10
143700	10
143700	10
143800	10
143800	10
143800	10
143800	10
143800	10
143900	10
143900	10
143900	10
143900	10
143900	10
144000	10
144000	10
144000	10
144000	10
144000	10
144100	10
144100	10
144100	10
144100	10
144100	10
144200	10
144200	10
144200	10
144200	10
144200	10
144300	10
144300	10
144300	10
144300	10
144300	10
144400	10
144400	10
144400	10
144400	10
144400	10
144500	10
144500	10
144500	10
144500	10
144500	10
144600	10
144600	10
144600	10
144600	10
144600	10
144700	10
144700	10
144700	10
144700	10
144700	10
144800	10
144800	10
144800	10
144800	10
144800	10
144900	10
144900	10
144900	10
144900	10
144900	10
145000	10
145000	10
145000	10
145000	10
145000	10
145100	10
145100	10
145100	10
145100	10
145100	10
145200	10
145200	10
145200	10
145200	10
145200	10
145300	10
145300	10
145300	10
145300	10
145300	10
145400	10
145400	10
145400	10
145400	10
145400	10
145500	10
145500	10
145500	10
145500	10
145500	10
145600	10
145600	10
145600	10
145600	10
145600	10
145700	10
145700	10
145700	10
145700	10
145700	10
145800	10
145800	10
145800	10
145800	10
145800	10
145900	10
145900	10
145900	10
145900	10
145900	10
146000	10
146000	10
146000	10
146000	10
146000	10
146100	10
146100	10
146100	10
146100	10
146100	10
146200	10
146200	10
146200	10
146200	10
146200	10
146300	10
146300	10
146300	10
146300	10
146300	10
146400	10
146400	10
146400	10
146400	10
146400	10
146500	10
146500	10
146500	10
146500	10
146500	10
146600	10
146600	10
146600	10
146600	10
146600	10
146700	10
146700	10
146700	10
146700	10
146700	10
146800	10
146800	10
146800	10
146800	10
146800	10
146900	10
146900	10
146900	10
146900	10
146900	10
147000	10
147000	10
147000	10
147000	10
147000	10
147100	10
147100	10
147100	10
147100	10
147100	10
147200	10
147200	10
147200	10
147200	10
147200	10
147300	10
147300	10
147300	10
147300	10
147300	10
147400	10
147400	10
147400	10
147400	10
147400	10
147500	10
147500	10
147500	10
147500	10
147500	10
147600	10
147600	10
147600	10
147600	10
147600	10
147700	10
147700	10
147700	10
147700	10
147700	10
147800	10
147800	10
147800	10
147800	10
147800	10
147900	10
147900	10
147900	10
147900	10
147900	10
148000	10
148000	10
148000	10
148000	10
148000	10
148100	10
148100	10
148100	10
148100	10
148100	10
148200	10
148200	10
148200	10
148200	10
148200	10
148300	10
148300	10
148300	10
148300	10
148300	10
148400	10
148400	10
148400	10
148400	10
148400	10
148500	10
148500	10
148500	10
148500	10
148500	10
148600	10
148600	10
148600	10
148600	10
148600	10
148700	10
148700	10
148700	10
148700	10
148700	10
148800	10
148800	10
148800	10
148800	10
148800	10
148900	10
148900	10
148900	10
148900	10
148900	10
149000	10
149000	10
149000	10
149000	10
149000	10
149100	10
149100	10
149100	10
149100	10
149100	10
149200	10
149200	10
149200	10
149200	10
149200	10
149300	10
149300	10
149300	10
149300	10
149300	10
149400	10
149400	10
149400	10
149400	10
149400	10
149500	10
149500	10
149500	10
149500	10
149500	10
149600	10
149600	10
149600	10
149600	10
149600	10
149700	10
149700	10
149700	10
149700	10
149700	10
149800	10
149800	10
149800	10
149800	10
149800	10
149900	10
149900	10
149900	10
149900	10
149900	10
150000	10
150000	10
150000	10
150000	10
150000	10
150100	10
150100	10
150100	10
150100	10
150100	10
150200	10
150200	10
150200	10
150200	10
150200	10
150300	10
150300	10
150300	10
150300	10
150300	10
150400	10
150400	10
150400	10
150400	10
150400	10
150500	10
150500	10
150500	10
150500	10
150500	10
150600	10
150600	10
150600	10
150600	10
150600	10
150700	10
150700	10
150700	10
150700	10
150700	10
150800	10
150800	10
150800	10
150800	10
150800	10
150900	10
150900	10
150900	10
150900	10
150900	10
151000	10
151000	10
151000	10
151000	10
151000	10
151100	10
151100	10
151100	10
151100	10
151100	10
151200	10
151200	10
151200	10
151200	10
151200	10
151300	10
151300	10
151300	10
151300	10
151300	10
151400	10
151400	10
151400	10
151400	10
151400	10
151500	10
151500	10
151500	10
151500	10
151500	10
151600	10
151600	10
151600	10
151600	10
151600	10
151700	10
151700	10
151700	10
151700	10
151700	10
151800	10
151800	10
151800	10
151800	10
151800	10
151900	10
151900	10
151900	10
151900	10
151900	10
152000	10
152000	10
152000	10
152000	10
152000	10
152100	10
152100	10
152100	10
152100	10
152100	10
152200	10
152200	10
152200	10
152200	10
152200	10
152300	10
152300	10
152300	10
152300	10
152300	10
152400	10
152400	10
152400	10
152400	10
152400	10
152500	10
152500	10
152500	10
152500	10
152500	10
152600	10
152600	10
152600	10
152600	10
152600	10
152700	10
152700	10
152700	10
152700	10
152700	10
152800	10
152800	10
152800	10
152800	10
152800	10
152900	10
152900	10
152900	10
152900	10
152900	10
153000	10
153000	10
153000	10
153000	10
153000	10
153100	10
153100	10
153100	10
153100	10
153100	10
153200	10
153200	10
153200	10
153200	10
153200	10
153300	10
153300	10
153300	10
153300	10
153300	10
153400	10
153400	10
153400	10
153400	10
153400	10
153500	10
153500	10
153500	10
153500	10
153500	10
153600	10
153600	10
153600	10
153600	10
153600	10
153700	10
153700	10
153700	10
153700	10
153700	10
153800	10
153800	10
153800	10
153800	10
153800	10
153900	10
153900	10
153900	10
153900	10
153900	10
154000	10
154000	10
154000	10
154000	10
154000	10
154100	10
154100	10
154100	10
154100	10
154100	10
154200	10
154200	10
154200	10
154200	10
154200	10
154300	10
154300	10
154300	10
154300	10
154300	10
154400	10
154400	10
154400	10
154400	10
154400	10
154500	10
154500	10
154500	10
154500	10
154500	10
154600	10
154600	10
154600	10
154600	10
154600	10
154700	10
154700	10
154700	10
154700	10
154700	10
154800	10
154800	10
154800	10
154800	10
154800	10
154900	10
154900	10
154900	10
154900	10
154900	10
155000	10
155000	10
155000	10
155000	10
155000	10
155100	10
155100	10
155100	10
155100	10
155100	10
155200	10
155200	10
155200	10
155200	10
155200	10
155300	10
155300	10
155300	10
155300	10
155300	10
155400	10
155400	10
155400	10
155400	10
155400	10
155500	10
155500	10
155500	10
155500	10
155500	10
155600	10
155600	10
155600	10
155600	10
155600	10
155700	10
155700	10
155700	10
155700	10
155700	10
155800	10
155800	10
155800	10
155800	10
155800	10
155900	10
155900	10
155900	10
155900	10
155900	10
156000	10
156000	10
156000	10
156000	10
156000	10
156100	10
156100	10
156100	10
156100	10
156100	10
156200	10
156200	10
156200	10
156200	10
156200	10
156300	10
156300	10
156300	10
156300	10
156300	10
156400	10
156400	10
156400	10
156400	10
156400	10
156500	10
156500	10
156500	10
156500	10
156500	10
156600	10
156600	10
156600	10
156600	10
156600	10
156700	10
156700	10
156700	10
156700	10
156700	10
156800	10
156800	10
156800	10
156800	10
156800	10
156900	10
156900	10
156900	10
156900	10
156900	10
157000	10
157000	10
157000	10
157000	10
157000	10
157100	10
157100	10
157100	10
157100	10
157100	10
157200	10
157200	10
157200	10
157200	10
157200	10
157300	10
157300	10
157300	10
157300	10
157300	10
157400	10
157400	10
157400	10
157400	10
157400	10
157500	10
157500	10
157500	10
157500	10
157500	10
157600	10
157600	10
157600	10
157600	10
157600	10
157700	10
157700	10
157700	10
157700	10
157700	10
157800	10
157800	10
157800	10
157800	10
157800	10
157900	10
157900	10
157900	10
157900	10
157900	10
158000	10
158000	10
158000	10
158000	10
158000	10
158100	10
158100	10
158100	10
158100	10
158100	10
158200	10
158200	10
158200	10
158200	10
158200	10
158300	10
158300	10
158300	10
158300	10
158300	10
158400	10
158400	10
158400	10
158400	10
158400	10
158500	10
158500	10
158500	10
158500	10
158500	10
158600	10
158600	10
158600	10
158600	10
158600	10
158700	10
158700	10
158700	10
158700	10
158700	10
158800	10
158800	10
158800	10
158800	10
158800	10
158900	10
158900	10
158900	10
158900	10
158900	10
159000	10
159000	10
159000	10
159000	10
159000	10
159100	10
159100	10
159100	10
159100	10
159100	10
159200	10
159200	10
159200	10
159200	10
159200	10
159300	10
159300	10
159300	10
159300	10
159300	10
159400	10
159400	10
159400	10
159400	10
159400	10
159500	10
159500	10
159500	10
159500	10
159500	10
159600	10
159600	10
159600	10
159600	10
159600	10
159700	10
159700	10
159700	10
159700	10
159700	10
159800	10
159800	10
159800	10
159800	10
159800	10
159900	10
159900	10
159900	10
159900	10
159900	10
160000	10
160000	10
160000	10
160000	10
160000	10
160100	10
160100	10
160100	10
160100	10
160100	10
160200	10
160200	10
160200	10
160200	10
160200	10
160300	10
160300	10
160300	10
160300	10
160300	10
160400	10
160400	10
160400	10
160400	10
160400	10
160500	10
160500	10
160500	10
160500	10
160500	10
160600	10
160600	10
160600	10
160600	10
160600	10
160700	10
160700	10
160700	10
160700	10
160700	10
160800	10
160800	10
160800	10
160800	10
160800	10
160900	10
160900	10
160900	10
160900	10
160900	10
161000	10
161000	10
161000	10
161000	10
161000	10
161100	10
161100	10
161100	10
161100	10
161100	10
161200	10
161200	10
161200	10
161200	10
161200	10
161300	10
161300	10
161300	10
161300	10
161300	10
161400	10
161400	10
161400	10
161400	10
161400	10
161500	10
161500	10
161500	10
161500	10
161500	10
161600	10
161600	10
161600	10
161600	10
161600	10
161700	10
161700	10
161700	10
161700	10
161700	10
161800	10
161800	10
161800	10
161800	10
161800	10
161900	10
161900	10
161900	10
161900	10
161900	10
162000	10
162000	10
162000	10
162000	10
162000	10
162100	10
162100	10
162100	10
162100	10
162100	10
162200	10
162200	10
162200	10
162200	10
162200	10
162300	10
162300	10
162300	10
162300	10
162300	10
162400	10
162400	10
162400	10
162400	10
162400	10
162500	10
162500	10
162500	10
162500	10
162500	10
162600	10
162600	10
162600	10
162600	10
162600	10
162700	10
162700	10
162700	10
162700	10
162700	10
162800	10
162800	10
162800	10
162800	10
162800	10
162900	10
162900	10
162900	10
162900	10
162900	10
163000	10
163000	10
163000	10
163000	10
163000	10
163100	10
163100	10
163100	10
163100	10
163100	10
163200	10
163200	10
163200	10
163200	10
163200	10
163300	10
163300	10
163300	10
163300	10
163300	10
163400	10
163400	10
163400	10
163400	10
163400	10
163500	10
163500	10
163500	10
163500	10
163500	10
163600	10
163600	10
163600	10
163600	10
163600	10
163700	10
163700	10
163700	10
163700	10
163700	10
163800	10
163800	10
163800	10
163800	10
163800	10
163900	10
163900	10
163900	10
163900	10
163900	10
164000	10
164000	10
164000	10
164000	10
164000	10
164100	10
164100	10
164100	10
164100	10
164100	10
164200	10
164200	10
164200	10
164200	10
164200	10
164300	10
164300	10
164300	10
164300	10
164300	10
164400	10
164400	10
164400	10
164400	10
164400	10
164500	10
164500	10
164500	10
164500	10
164500	10
164600	10
164600	10
164600	10
164600	10
164600	10
164700	10
164700	10
164700	10
164700	10
164700	10
164800	10
164800	10
164800	10
164800	10
164800	10
164900	10
164900	10
164900	10
164900	10
164900	10
165000	10
165000	10
165000	10
165000	10
165000	10
165100	10
165100	10
165100	10
165100	10
165100	10
165200	10
165200	10
165200	10
165200	10
165200	10
165300	10
165300	10
165300	10
165300	10
165300	10
165400	10
165400	10
165400	10
165400	10
165400	10
165500	10
165500	10
165500	10
165500	10
165500	10
165600	10
165600	10
165600	10
165600	10
165600	10
165700	10
165700	10
165700	10
165700	10
165700	10
165800	10
165800	10
165800	10
165800	10
165800	10
165900	10
165900	10
165900	10
165900	10
165900	10
166000	10
166000	10
166000	10
166000	10
166000	10
166100	10
166100	10
166100	10
166100	10
166100	10
166200	10
166200	10
166200	10
166200	10
166200	10
166300	10
166300	10
166300	10
166300	10
166300	10
166400	10
166400	10
166400	10
166400	10
166400	10
166500	10
166500	10
166500	10
166500	10
166500	10
166600	10
166600	10
166600	10
166600	10
166600	10
166700	10
166700	10
166700	10
166700	10
166700	10
166800	10
166800	10
166800	10
166800	10
166800	10
166900	10
166900	10
166900	10
166900	10
166900	10
167000	10
167000	10
167000	10
167000	10
167000	10
167100	10
167100	10
167100	10
167100	10
167100	10
167200	10
167200	10
167200	10
167200	10
167200	10
167300	10
167300	10
167300	10
167300	10
167300	10
167400	10
167400	10
167400	10
167400	10
167400	10
167500	10
167500	10
167500	10
167500	10
167500	10
167600	10
167600	10
167600	10
167600	10
167600	10
167700	10
167700	10
167700	10
167700	10
167700	10
167800	10
167800	10
167800	10
167800	10
167800	10
167900	10
167900	10
167900	10
167900	10
167900	10
168000	10
168000	10
168000	10
168000	10
168000	10
168100	10
168100	10
168100	10
168100	10
168100	10
168200	10
168200	10
168200	10
168200	10
168200	10
168300	10
168300	10
168300	10
168300	10
168300	10
168400	10
168400	10
168400	10
168400	10
168400	10
168500	10
168500	10
168500	10
168500	10
168500	10
168600	10
168600	10
168600	10
168600	10
168600	10
168700	10
168700	10
168700	10
168700	10
168700	10
168800	10
168800	10
168800	10
168800	10
168800	10
168900	10
168900	10
168900	10
168900	10
168900	10
169000	10
169000	10
169000	10
169000	10
169000	10
169100	10
169100	10
169100	10
169100	10
169100	10
169200	10
169200	10
169200	10
169200	10
169200	10
169300	10
169300	10
169300	10
169300	10
169300	10
169400	10
169400	10
169400	10
169400	10
169400	10
169500	10
169500	10
169500	10
169500	10
169500	10
169600	10
169600	10
169600	10
169600	10
169600	10
169700	10
169700	10
169700	10
169700	10
169700	10
169800	10
169800	10
169800	10
169800	10
169800	10
169900	10
169900	10
169900	10
169900	10
169900	10
170000	10
170000	10
170000	10
170000	10
170000	10
170100	10
170100	10
170100	10
170100	10
170100	10
170200	10
170200	10
170200	10
170200	10
170200	10
170300	10
170300	10
170300	10
170300	10
170300	10
170400	10
170400	10
170400	10
170400	10
170400	10
170500	10
170500	10
170500	10
170500	10
170500	10
170600	10
170600	10
170600	10
170600	10
170600	10
170700	10
170700	10
170700	10
170700	10
170700	10
170800	10
170800	10
170800	10
170800	10
170800	10
170900	10
170900	10
170900	10
170900	10
170900	10
171000	10
171000	10
171000	10
171000	10
171000	10
171100	10
171100	10
171100	10
171100	10
171100	10
171200	10
171200	10
171200	10
171200	10
171200	10
171300	10
171300	10
171300	10
171300	10
171300	10
171400	10
171400	10
171400	10
171400	10
171400	10
171500	10
171500	10
171500	10
171500	10
171500	10
171600	10
171600	10
171600	10
171600	10
171600	10
171700	10
171700	10
171700	10
171700	10
171700	10
171800	10
171800	10
171800	10
171800	10
171800	10
171900	10
171900	10
171900	10
171900	10
171900	10
172000	10
172000	10
172000	10
172000	10
172000	10
172100	10
172100	10
172100	10
172100	10
172100	10
172200	10
172200	10
172200	10
172200	10
172200	10
172300	10
172300	10
172300	10
172300	10
172300	10
172400	10
172400	10
172400	10
172400	10
172400	10
172500	10
172500	10
172500	10
172500	10
172500	10
172600	10
172600	10
172600	10
172600	10
172600	10
172700	10
172700	10
172700	10
172700	10
172700	10
172800	10
172800	10
172800	10
172800	10
172800	10
172900	10
172900	10
172900	10
172900	10
172900	10
173000	10
173000	10
173000	10
173000	10
173000	10
173100	10
173100	10
173100	10
173100	10
173100	10
173200	10
173200	10
173200	10
173200	10
173200	10
173300	10
173300	10
173300	10
173300	10
173300	10
173400	10
173400	10
173400	10
173400	10
173400	10
173500	10
173500	10
173500	10
173500	10
173500	10
173600	10
173600	10
173600	10
173600	10
173600	10
173700	10
173700	10
173700	10
173700	10
173700	10
173800	10
173800	10
173800	10
173800	10
173800	10
173900	10
173900	10
173900	10
173900	10
173900	10
174000	10
174000	10
174000	10
174000	10
174000	10
174100	10
174100	10
174100	10
174100	10
174100	10
174200	10
174200	10
174200	10
174200	10
174200	10
174300	10
174300	10
174300	10
174300	10
174300	10
174400	10
174400	10
174400	10
174400	10
174400	10
174500	10
174500	10
174500	10
174500	10
174500	10
174600	10
174600	10
174600	10
174600	10
174600	10
174700	10
174700	10
174700	10
174700	10
174700	10
174800	10
174800	10
174800	10
174800	10
174800	10
174900	10
174900	10
174900	10
174900	10
174900	10
175000	10
175000	10
175000	10
175000	10
175000	10
175100	10
175100	10
175100	10
175100	10
175100	10
175200	10
175200	10
175200	10
175200	10
175200	10
175300	10
175300	10
175300	10
175300	10
175300	10
175400	10
175400	10
175400	10
175400	10
175400	10
175500	10
175500	10
175500	10
175500	10
175500	10
175600	10
175600	10
175600	10
175600	10
175600	10
175700	10
175700	10
175700	10
175700	10
175700	10
175800	10
175800	10
175800	10
175800	10
175800	10
175900	10
175900	10
175900	10
175900	10
175900	10
176000	10
176000	10
176000	10
176000	10
176000	10
176100	10
176100	10
176100	10
176100	10
176100	10
176200	10
176200	10
176200	10
176200	10
176200	10
176300	10
176300	10
176300	10
176300	10
176300	10
176400	10
176400	10
176400	10
176400	10
176400	10
176500	10
176500	10
176500	10
176500	10
176500	10
176600	10
176600	10
176600	10
176600	10
176600	10
176700	10
176700	10
176700	10
176700	10
176700	10
176800	10
176800	10
176800	10
176800	10
176800	10
176900	10
176900	10
176900	10
176900	10
176900	10
177000	10
177000	10
177000	10
177000	10
177000	10
177100	10
177100	10
177100	10
177100	10
177100	10
177200	10
177200	10
177200	10
177200	10
177200	10
177300	10
177300	10
177300	10
177300	10
177300	10
177400	10
177400	10
177400	10
177400	10
177400	10
177500	10
177500	10
177500	10
177500	10
177500	10
177600	10
177600	10
177600	10
177600	10
177600	10
177700	10
177700	10
177700	10
177700	10
177700	10
177800	10
177800	10
177800	10
177800	10
177800	10
177900	10
177900	10
177900	10
177900	10
177900	10
178000	10
178000	10
178000	10
178000	10
178000	10
178100	10
178100	10
178100	10
178100	10
178100	10
178200	10
178200	10
178200	10
178200	10
178200	10
178300	10
178300	10
178300	10
178300	10
178300	10
178400	10
178400	10
178400	10
178400	10
178400	10
178500	10
178500	10
178500	10
178500	10
178500	10
178600	10
178600	10
178600	10
178600	10
178600	10
178700	10
178700	10
178700	10
178700	10
178700	10
178800	10
178800	10
178800	10
178800	10
178800	10
178900	10
178900	10
178900	10
178900	10
178900	10
179000	10
179000	10
179000	10
179000	10
179000	10
179100	10
179100	10
179100	10
179100	10
179100	10
179200	10
179200	10
179200	10
179200	10
179200	10
179300	10
179300	10
179300	10
179300	10
179300	10
179400	10
179400	10
179400	10
179400	10
179400	10
179500	10
179500	10
179500	10
179500	10
179500	10
179600	10
179600	10
179600	10
179600	10
179600	10
179700	10
179700	10
179700	10
179700	10
179700	10
179800	10
179800	10
179800	10
179800	10
179800	10
179900	10
179900	10
179900	10
179900	10
179900	10
180000	10
180000	10
180000	10
180000	10
180000	10
180100	10
180100	10
180100	10
180100	10
180100	10
180200	10
180200	10
180200	10
180200	10
180200	10
180300	10
180300	10
180300	10
180300	10
180300	10
180400	10
180400	10
180400	10
180400	10
180400	10
180500	10
180500	10
180500	10
180500	10
180500	10
180600	10
180600	10
180600	10
180600	10
180600	10
180700	10
180700	10
180700	10
180700	10
180700	10
180800	10
180800	10
180800	10
180800	10
180800	10
180900	10
180900	10
180900	10
180900	10
180900	10
181000	10
181000	10
181000	10
181000	10
181000	10
181100	10
181100	10
181100	10
181100	10
181100	10
181200	10
181200	10
181200	10
181200	10
181200	10
181300	10
181300	10
181300	10
181300	10
181300	10
181400	10
181400	10
181400	10
181400	10
181400	10
181500	10
181500	10
181500	10
181500	10
181500	10
181600	10
181600	10
181600	10
181600	10
181600	10
181700	10
181700	10
181700	10
181700	10
181700	10
181800	10
181800	10
181800	10
181800	10
181800	10
181900	10
181900	10
181900	10
181900	10
181900	10
182000	10
182000	10
182000	10
182000	10
182000	10
182100	10
182100	10
182100	10
182100	10
182100	10
182200	10
182200	10
182200	10
182200	10
182200	10
182300	10
182300	10
182300	10
182300	10
182300	10
182400	10
182400	10
182400	10
182400	10
182400	10
182500	10
182500	10
182500	10
182500	10
182500	10
182600	10
182600	10
182600	10
182600	10
182600	10
182700	10
182700	10
182700	10
182700	10
182700	10
182800	10
182800	10
182800	10
182800	10
182800	10
182900	10
182900	10
182900	10
182900	10
182900	10
183000	10
183000	10
183000	10
183000	10
183000	10
183100	10
183100	10
183100	10
183100	10
183100	10
183200	10
183200	10
183200	10
183200	10
183200	10
183300	10
183300	10
183300	10
183300	10
183300	10
183400	10
183400	10
183400	10
183400	10
183400	10
183500	10
183500	10
183500	10
183500	10
183500	10
183600	10
183600	10
183600	10
183600	10
183600	10
183700	10
183700	10
183700	10
183700	10
183700	10
183800	10
183800	10
183800	10
183800	10
183800	10
183900	10
183900	10
183900	10
183900	10
183900	10
184000	10
184000	10
184000	10
184000	10
184000	10
184100	10
184100	10
184100	10
184100	10
184100	10
184200	10
184200	10
184200	10
184200	10
184200	10
184300	10
184300	10
184300	10
184300	10
184300	10
184400	10
184400	10
184400	10
184400	10
184400	10
184500	10
184500	10
184500	10
184500	10
184500	10
184600	10
184600	10
184600	10
184600	10
184600	10
184700	10
184700	10
184700	10
184700	10
184700	10
184800	10
184800	10
184800	10
184800	10
184800	10
184900	10
184900	10
184900	10
184900	10
184900	10
185000	10
185000	10
185000	10
185000	10
185000	10
185100	10
185100	10
185100	10
185100	10
185100	10
185200	10
185200	10
185200	10
185200	10
185200	10
185300	10
185300	10
185300	10
185300	10
185300	10
185400	10
185400	10
185400	10
185400	10
185400	10
185500	10
185500	10
185500	10
185500	10
185500	10
185600	10
185600	10
185600	10
185600	10
185600	10
185700	10
185700	10
185700	10
185700	10
185700	10
185800	10
185800	10
185800	10
185800	10
185800	10
185900	10
185900	10
185900	10
185900	10
185900	10
186000	10
186000	10
186000	10
186000	10
186000	10
186100	10
186100	10
186100	10
186100	10
186100	10
186200	10
186200	10
186200	10
186200	10
186200	10
186300	10
186300	10
186300	10
186300	10
186300	10
186400	10
186400	10
186400	10
186400	10
186400	10
186500	10
186500	10
186500	10
186500	10
186500	10
186600	10
186600	10
186600	10
186600	10
186600	10
186700	10
186700	10
186700	10
186700	10
186700	10
186800	10
186800	10
186800	10
186800	10
186800	10
186900	10
186900	10
186900	10
186900	10
186900	10
187000	10
187000	10
187000	10
187000	10
187000	10
187100	10
187100	10
187100	10
187100	10
187100	10
187200	10
187200	10
187200	10
187200	10
187200	10
187300	10
187300	10
187300	10
187300	10
187300	10
187400	10
187400	10
187400	10
187400	10
187400	10
187500	10
187500	10
187500	10
187500	10
187500	10
187600	10
187600	10
187600	10
187600	10
187600	10
187700	10
187700	10
187700	10
187700	10
187700	10
187800	10
187800	10
187800	10
187800	10
187800	10
187900	10
187900	10
187900	10
187900	10
187900	10
188000	10
188000	10
188000	10
188000	10
188000	10
188100	10
188100	10
188100	10
188100	10
188100	10
188200	10
188200	10
188200	10
188200	10
188200	10
188300	10
188300	10
188300	10
188300	10
188300	10
188400	10
188400	10
188400	10
188400	10
188400	10
188500	10
188500	10
188500	10
188500	10
188500	10
188600	10
188600	10
188600	10
188600	10
188600	10
188700	10
188700	10
188700	10
188700	10
188700	10
188800	10
188800	10
188800	10
188800	10
188800	10
188900	10
188900	10
188900	10
188900	10
188900	10
189000	10
189000	10
189000	10
189000	10
189000	10
189100	10
189100	10
189100	10
189100	10
189100	10
189200	10
189200	10
189200	10
189200	10
189200	10
189300	10
189300	10
189300	10
189300	10
189300	10
189400	10
189400	10
189400	10
189400	10
189400	10
189500	10
189500	10
189500	10
189500	10
189500	10
189600	10
189600	10
189600	10
189600	10
189600	10
189700	10
189700	10
189700	10
189700	10
189700	10
189800	10
189800	10
189800	10
189800	10
189800	10
189900	10
189900	10
189900	10
189900	10
189900	10
190000	10
190000	10
190000	10
190000	10
190000	10
190100	10
190100	10
190100	10
190100	10
190100	10
190200	10
190200	10
190200	10
190200	10
190200	10
190300	10
190300	10
190300	10
190300	10
190300	10
190400	10
190400	10
190400	10
190400	10
190400	10
190500	10
190500	10
190500	10
190500	10
190500	10
190600	10
190600	10
190600	10
190600	10
190600	10
190700	10
190700	10
190700	10
190700	10
190700	10
190800	10
190800	10
190800	10
190800	10
190800	10
190900	10
190900	10
190900	10
190900	10
190900	10
191000	10
191000	10
191000	10
191000	10
191000	10
191100	10
191100	10
191100	10
191100	10
191100	10
191200	10
191200	10
191200	10
191200	10
191200	10
191300	10
191300	10
191300	10
191300	10
191300	10
191400	10
191400	10
191400	10
191400	10
191400	10
191500	10
191500	10
191500	10
191500	10
191500	10
191600	10
191600	10
191600	10
191600	10
191600	10
191700	10
191700	10
191700	10
191700	10
191700	10
191800	10
191800	10
191800	10
191800	10
191800	10
191900	10
191900	10
191900	10
191900	10
191900	10
192000	10
192000	10
192000	10
192000	10
192000	10
192100	10
192100	10
192100	10
192100	10
192100	10
192200	10
192200	10
192200	10
192200	10
192200	10
192300	10
192300	10
192300	10
192300	10
192300	10
192400	10
192400	10
192400	10
192400	10
192400	10
192500	10
192500	10
192500	10
192500	10
192500	10
192600	10
192600	10
192600	10
192600	10
192600	10
192700	10
192700	10
192700	10
192700	10
192700	10
192800	10
192800	10
192800	10
192800	10
192800	10
192900	10
192900	10
192900	10
192900	10
192900	10
193000	10
193000	10
193000	10
193000	10
193000	10
193100	10
193100	10
193100	10
193100	10
193100	10
193200	10
193200	10
193200	10
193200	10
193200	10
193300	10
193300	10
193300	10
193300	10
193300	10
193400	10
193400	10
193400	10
193400	10
193400	10
193500	10
193500	10
193500	10
193500	10
193500	10
193600	10
193600	10
193600	10
193600	10
193600	10
193700	10
193700	10
193700	10
193700	10
193700	10
193800	10
193800	10
193800	10
193800	10
193800	10
193900	10
193900	10
193900	10
193900	10
193900	10
194000	10
194000	10
194000	10
194000	10
194000	10
194100	10
194100	10
194100	10
194100	10
194100	10
194200	10
194200	10
194200	10
194200	10
194200	10
194300	10
194300	10
194300	10
194300	10
194300	10
194400	10
194400	10
194400	10
194400	10
194400	10
194500	10
194500	10
194500	10
194500	10
194500	10
194600	10
194600	10
194600	10
194600	10
194600	10
194700	10
194700	10
194700	10
194700	10
194700	10
194800	10
194800	10
194800	10
194800	10
194800	10
194900	10
194900	10
194900	10
194900	10
194900	10
195000	10
195000	10
195000	10
195000	10
195000	10
195100	10
195100	10
195100	10
195100	10
195100	10
195200	10
195200	10
195200	10
195200	10
195200	10
195300	10
195300	10
195300	10
195300	10
195300	10
195400	10
195400	10
195400	10
195400	10
195400	10
195500	10
195500	10
195500	10
195500	10
195500	10
195600	10
195600	10
195600	10
195600	10
195600	10
195700	10
195700	10
195700	10
195700	10
195700	10
195800	10
195800	10
195800	10
195800	10
195800	10
195900	10
195900	10
195900	10
195900	10
195900	10
196000	10
196000	10
196000	10
196000	10
196000	10
196100	10
196100	10
196100	10
196100	10
196100	10
196200	10
196200	10
196200	10
196200	10
196200	10
196300	10
196300	10
196300	10
196300	10
196300	10
196400	10
196400	10
196400	10
196400	10
196400	10
196500	10
196500	10
196500	10
196500	10
196500	10
196600	10
196600	10
196600	10
196600	10
196600	10
196700	10
196700	10
196700	10
196700	10
196700	10
196800	10
196800	10
196800	10
196800	10
196800	10
196900	10
196900	10
196900	10
196900	10
196900	10
197000	10
197000	10
197000	10
197000	10
197000	10
197100	10
197100	10
197100	10
197100	10
197100	10
197200	10
197200	10
197200	10
197200	10
197200	10
197300	10
197300	10
197300	10
197300	10
197300	10
197400	10
197400	10
197400	10
197400	10
197400	10
197500	10
197500	10
197500	10
197500	10
197500	10
197600	10
197600	10
197600	10
197600	10
197600	10
197700	10
197700	10
197700	10
197700	10
197700	10
197800	10
197800	10
197800	10
197800	10
197800	10
197900	10
197900	10
197900	10
197900	10
197900	10
198000	10
198000	10
198000	10
198000	10
198000	10
198100	10
198100	10
198100	10
198100	10
198100	10
198200	10
198200	10
198200	10
198200	10
198200	10
198300	10
198300	10
198300	10
198300	10
198300	10
198400	10
198400	10
198400	10
198400	10
198400	10
198500	10
198500	10
198500	10
198500	10
198500	10
198600	10
198600	10
198600	10
198600	10
198600	10
198700	10
198700	10
198700	10
198700	10
198700	10
198800	10
198800	10
198800	10
198800	10
198800	10
198900	10
198900	10
198900	10
198900	10
198900	10
199000	10
199000	10
199000	10
199000	10
199000	10
199100	10
199100	10
199100	10
199100	10
199100	10
199200	10
199200	10
199200	10
199200	10
199200	10
199300	10
199300	10
199300	10
199300	10
199300	10
199400	10
199400	10
199400	10
199400	10
199400	10
199500	10
199500	10
199500	10
199500	10
199500	10
199600	10
199600	10
199600	10
199600	10
199600	10
199700	10
199700	10
199700	10
199700	10
199700	10
199800	10
199800	10
199800	10
199800	10
199800	10
199900	10
199900	10
199900	10
199900	10
199900	10
200000	10
200000	10
200000	10
200000	10
200000	10
