0	30
552	99
1109	27
967	80
622	13
71	138
69	124
38	110
195	97
610	21
71	4
1001	88
70	50
770	68
71	325
73	144
55	53
78	19
112	100
1162	10
71	6
1932	385
64	20
651	135
60	23
1976	72
62	23
216	91
1696	156
538	379
62	227
1315	92
1108	132
62	8
1060	159
63	57
2140	260
63	20
1200	127
64	22
1240	110
79	61
1035	43
4112	8
69	127
18	131
77	91
33	132
1242	320
1181	121
64	15
1094	47
29	57
1523	157
305	68
1293	79
68	98
1044	86
2286	285
76	27
1084	83
1202	185
2146	358
1108	27
2361	277
68	43
18	12
1115	180
1200	87
1163	135
66	86
17	24
1041	59
29	54
17	35
1167	3
60	13
2058	360
2387	207
68	72
2233	219
66	6
18	31
1040	109
29	8
17	19
33	2
1245	132
745	8
553	68
813	58
2081	179
61	190
63	29
165	43
4238	628
1186	125
1131	110
2121	278
1199	125
66	66
1139	114
76	16
1132	80
2310	258
67	35
1107	132
64	60
1056	60
40	69
23	5
17	7
1061	189
1237	51
66	22
24	9
2206	254
60	35
1072	145
77	35
1390	3
1312	28
345	36
177	97
1260	17
370	83
591	177
1614	57
414	6
53	147
783	34
1907	18
577	110
57	98
1479	35
1262	16
1208	148
67	57
1278	102
267	2
35	111
2109	35
2475	279
3409	3
3663	120
54	124
588	333
54	40
140	94
543	313
769	31
342	402
30	7
64	102
437	152
545	33
856	98
1277	118
1056	131
53	14
1980	22
167	164
984	340
24	49
2035	260
2206	231
1140	139
1195	91
60	20
1059	122
68	5
1146	168
60	10
1154	191
2188	254
1193	111
2197	324
1120	186
1108	103
67	55
2174	166
1192	155
1115	147
31	57
2167	196
40	15
23	14
18	1
17	68
2087	277
265	12
883	89
1073	179
1213	33
90	6
1109	170
55	54
11	33
1059	78
22	34
11	1
4329	473
1123	241
1102	93
22	43
1070	91
1105	87
4203	632
1133	43
55	67
1130	88
29	19
17	12
1090	99
32	8
12	40
9	68
13	6
1065	12
22	47
11	39
9	39
2270	150
49	30
2248	298
1192	142
56	5
11	24
16	69
1063	26
1199	130
56	56
11	86
1136	69
1099	193
1622	81
65	83
19	22
40	31
3291	420
1183	90
1142	163
50	7
3237	320
59	100
11	5
1067	116
34	55
1060	67
1182	126
55	39
17	37
2180	187
50	50
23	14
2235	196
103	59
1033	122
1080	128
56	75
4205	443
1165	149
55	98
1142	33
47	56
8	30
1067	55
47	10
9	93
1093	82
42	79
3150	340
1166	112
42	53
1152	60
2302	308
1127	217
3279	325
48	24
8	29
7	14
6	49
1074	114
1109	74
2114	357
1113	79
1106	130
3212	393
21	24
8	28
1181	113
2306	241
48	31
8	18
1067	125
1084	226
1080	31
16	17
1111	175
1112	69
1114	220
1187	59
48	74
8	20
1096	45
42	54
8	56
1121	125
56	44
1093	4
41	5
8	3
7	17
6	51
1141	173
2272	211
2220	263
41	26
8	19
11	66
1056	151
2278	190
57	24
1137	172
37	36
1154	24
38	39
7	20
2293	245
39	115
1172	22
51	41
1127	112
42	99
1076	93
1142	187
2238	204
37	40
7	48
1098	137
1118	76
3200	379
20	6
7	52
5	21
5	26
5	10
2177	268
1189	56
1194	204
42	15
1165	89
37	36
1113	93
20	28
6	9
1158	107
43	26
7	59
1141	46
44	11
7	69
1093	110
1193	90
2324	324
46	69
1065	116
1075	142
1078	98
1118	154
1111	201
5182	656
1120	39
1183	162
1107	112
16	115
1103	20
16	44
4327	523
43	94
1094	29
42	113
1047	13
63	19
2086	319
1091	115
50	32
29	28
9	15
981	44
22	35
1065	93
1076	118
22	29
1044	119
2148	278
11	48
1069	162
11	4
1074	36
11	39
1069	151
1077	91
1088	108
11	113
4	17
1063	55
2061	299
1060	77
11	43
2053	277
11	24
1051	86
1059	65
11	63
1053	96
11	13
1051	200
1060	33
11	58
1052	92
11	84
3106	333
11	43
1052	159
3060	344
10	24
4	11
1051	36
18	48
3099	330
11	74
1052	101
1059	88
11	23
1052	112
10	30
4	10
3291	376
29	105
1155	44
1145	164
24	18
4	59
1111	97
23	11
1089	101
10	49
2184	185
11	29
1111	164
2190	265
23	12
1160	84
29	41
2258	267
1183	123
29	21
4	1
1109	134
23	46
4	56
4	18
1075	52
10	37
1177	73
30	63
1164	153
1181	127
28	76
2300	154
1178	153
29	16
4	34
4	49
1070	83
10	29
1082	170
1183	86
35	73
4	18
1106	16
1096	209
1173	64
29	69
4	52
1153	98
28	7
6216	703
23	82
9	30
1147	118
1128	67
4182	594
28	56
1151	38
29	96
1133	24
1204	200
2194	357
1180	114
35	22
1148	55
28	21
1153	115
28	3
4	66
4	10
1147	50
25	67
1157	94
29	85
1110	99
27	73
1157	56
29	86
4	3
1153	30
1177	243
2282	219
29	24
4	9
4	12
4	20
1154	60
1136	181
23	39
1114	158
2273	192
2185	381
29	9
1062	16
11	108
2264	209
1181	123
4324	523
35	123
1149	66
30	22
4	35
4	10
2286	178
1135	244
1177	65
28	22
4	41
1151	140
1175	151
1172	69
24	49
4	43
4	43
1124	40
28	77
9	10
4	23
1061	49
1099	103
10	98
1177	44
87	50
6	57
1037	62
24	29
4	15
4	6
1091	153
1125	63
23	1
1090	168
28	30
2173	242
10	11
4	4
4	36
2099	245
11	22
1109	62
1098	151
10	78
2188	185
10	92
1099	21
10	74
1110	183
3266	298
25	19
4	35
2091	329
2192	177
11	40
4	18
3	11
1176	171
4274	451
29	17
4	16
1151	123
29	27
4	2
4	13
4	4
1088	122
23	16
4	45
1078	22
11	31
4	46
3	2
1178	51
1176	169
30	49
1153	102
29	31
4	51
1153	68
1133	130
23	107
4306	432
1176	263
29	8
1154	121
1177	123
29	6
2150	282
1179	126
29	34
1153	75
35	20
4	69
1144	150
29	1
1153	63
35	63
1147	60
2331	266
29	18
1151	158
1177	202
40	36
5	29
1136	14
1181	139
1174	196
1124	114
29	47
5	4
4	7
2152	291
29	37
1153	76
29	6
4	77
1150	16
824	13
23	10
129	100
45	14
3111	389
186	10
333	174
2469	195
28	106
2162	181
11	88
1125	39
2205	268
11	18
1101	134
10	95
1103	19
10	12
1102	125
14	60
4	1
1105	177
1175	122
1175	98
29	90
1065	71
12	29
1171	80
1116	206
1123	158
26	2
4	2
3360	58
560	16
763	102
752	235
136	265
1210	151
23	34
1868	133
30	78
93	20
787	132
812	20
1237	181
1220	23
23	34
102	80
121	62
46	6
1174	80
3408	525
1146	66
1177	155
29	50
4	10
1554	223
1134	47
2132	335
24	20
1080	44
10	45
1126	141
26	4
14	7
1089	82
1106	135
1106	146
1096	124
11	17
4	86
1111	84
1167	128
25	17
4	32
4203	507
3275	351
1169	148
24	99
2190	170
1100	191
13	38
7	31
1257	170
1117	119
1178	30
25	123
2079	222
10	33
1075	35
11	10
4	101
4	15
1164	109
28	6
4	30
1141	7
29	55
2245	273
23	41
4	6
2289	222
25	45
1125	90
29	35
4	24
281	102
1549	68
3275	428
1783	8
3402	61
437	147
716	49
719	18
156	90
881	24
193	29
374	103
822	310
477	67
201	10
542	161
390	212
38	130
1173	125
48	29
138	35
597	141
307	4
607	64
1039	54
593	161
116	45
325	15
2814	60
657	109
24	91
1406	21
694	37
1304	118
2041	41
23	92
186	57
170	29
386	79
2342	24
1346	25
1150	5
1712	71
583	65
405	249
665	223
24	136
1490	11
835	61
1955	17
1071	29
253	291
129	14
435	21
262	85
843	232
510	17
797	15
219	31
550	5
655	148
3430	30
149	108
27	185
1887	314
417	70
24	39
1481	83
23	29
1025	75
609	683
1419	31
390	170
2732	19
716	26
1521	11
401	146
598	66
29	21
783	54
1480	297
18	23
96	33
1128	156
696	37
1218	239
238	58
28	102
402	202
24	159
1192	73
1035	53
973	27
583	206
267	26
318	157
2012	156
123	245
855	266
34	159
4353	138
24	95
44	38
15	10
758	27
596	84
1527	6
60	197
686	96
232	187
495	20
477	20
265	134
27	74
1508	56
347	63
536	57
2029	51
369	2
1965	16
2910	277
504	13
1052	42
629	137
23	95
774	191
939	71
24	260
1412	82
24	239
635	88
305	60
251	65
1278	12
45	35
1223	144
128	263
997	107
239	40
684	19
1470	288
14	60
7	19
4	19
1097	65
13	3
3263	467
2107	234
1107	83
16	44
1101	124
1106	101
13	54
2099	275
1107	65
14	24
7	56
4	11
1096	110
1108	108
16	48
3226	322
1132	244
1175	95
1114	112
1101	111
15	48
5	7
1100	218
1182	22
39	112
1157	55
34	38
2085	328
1114	13
26	5
4	23
1152	226
1169	98
35	23
4	15
1148	84
30	9
1092	143
23	17
6	64
1095	64
1139	129
23	10
2111	290
25	35
1081	131
1182	59
33	102
2290	194
1135	239
1174	30
1176	176
38	55
5	47
1157	50
2174	312
33	14
1148	138
1170	117
2176	291
1169	95
1131	148
24	46
1081	118
14	2
2100	286
1107	186
13	5
1179	65
33	23
1144	122
1181	217
2251	188
24	48
2094	315
1127	160
1135	74
1180	188
1112	64
27	13
4	19
4	28
1155	134
2193	229
24	46
2155	256
37	40
5	32
1150	90
31	48
1092	99
1173	155
31	2
1153	57
38	13
6	13
1147	194
42	39
5	13
1143	51
38	45
5	53
2290	158
35	22
1104	122
59	63
2200	231
61	14
5	85
1076	91
25	7
4	23
3359	12
23	40
1218	85
641	102
308	52
722	97
128	22
141	203
2006	21
809	103
765	86
1040	27
11	41
1712	29
126	37
427	65
454	235
2611	229
223	144
627	12
566	25
23	107
1352	88
2004	94
2131	45
30	35
4	254
4	272
631	98
23	60
1523	23
23	434
1188	38
1165	138
667	191
3567	1
23	123
1208	35
1291	104
144	194
965	6
1523	42
98	314
134	18
1526	21
107	243
114	128
440	14
682	268
2008	90
1468	157
23	113
127	30
210	8
103	23
93	134
3719	444
1107	111
1183	85
94	6
5	25
1089	149
34	51
2291	224
2268	293
1175	211
1180	62
36	39
1150	136
26	101
1158	91
1159	132
36	20
5	27
3352	397
3132	393
27	19
5	26
1154	88
36	24
5	7
1102	86
2100	325
1108	80
1107	125
13	92
2099	209
1107	108
14	8
5	91
2271	158
28	39
5	21
12	56
1048	119
1108	61
14	37
8	4
5	39
4	16
1099	46
1109	127
1183	167
1102	182
1183	56
41	128
1077	119
1180	179
1158	15
42	4
5	91
1142	71
1179	130
1129	191
25	39
4	49
1157	7
2132	347
1176	80
34	114
4103	512
1100	62
13	75
1101	115
1107	78
14	48
1105	142
23	36
1089	113
14	34
2216	155
18	39
5	23
1094	142
2205	207
17	12
5	58
1095	152
14	24
1174	76
2175	339
1176	57
34	6
2152	377
1129	20
28	3
4	32
9	5
1149	222
1089	37
20	81
1168	55
37	66
6	51
4	4
1144	24
37	48
5	55
1102	116
2112	275
1179	46
36	17
11	17
4	79
1098	138
1177	66
1121	165
24	19
3200	365
26	50
1087	150
1141	90
1101	186
19	12
1126	49
24	130
1082	53
1136	95
1112	197
1175	151
1186	101
32	105
1150	137
1177	76
40	22
1074	130
24	15
1062	94
1083	227
1094	49
14	38
4	25
1129	64
1174	242
1133	37
1172	134
36	5
5	99
1099	98
1175	177
1174	116
1172	152
43	22
2275	246
1171	213
33	7
1148	67
2311	298
32	86
1087	48
24	1
95	4
95	29
1255	113
1291	162
2291	354
1216	127
2177	310
96	53
1177	34
1172	163
82	58
1178	107
88	56
96	29
2227	187
77	46
74	6
1115	157
1152	103
88	21
1110	135
1106	122
13	77
1097	98
14	60
1101	39
13	97
1097	73
14	51
4	42
1098	98
14	25
2099	244
1114	75
14	88
84	12
1161	74
55	34
53	50
1109	76
1107	205
1106	139
1107	97
2166	226
50	19
54	31
27	51
1081	41
2081	341
1107	114
1105	135
54	16
1107	81
1106	142
55	18
1060	137
1110	110
15	32
4	56
1095	95
13	14
3196	345
24	45
1080	131
19	54
1159	105
26	19
3111	364
24	8
1080	184
1181	3
36	83
6	61
1088	105
2177	296
1112	128
2153	252
25	10
1157	51
33	5
4	45
1112	188
1180	79
2317	271
33	87
1099	44
32	2
4	52
2252	243
1173	203
1173	125
34	59
1152	127
1113	52
26	104
2245	184
1130	154
31	24
1073	168
14	8
1100	59
1108	144
15	31
7	28
4	50
1172	35
37	37
4	71
4189	459
29	40
1075	150
1107	101
15	19
5	1
1099	143
19	52
1132	73
33	26
7	11
3152	399
1171	103
2176	266
13	33
1098	157
3186	394
1182	75
32	101
1149	160
1131	124
1130	45
24	23
1093	128
31	79
1106	81
24	56
1160	147
34	7
2147	258
3182	437
2280	145
37	23
6	17
1145	237
40	5
1138	17
30	69
1136	92
25	17
1155	106
1173	252
33	2
1143	152
1178	80
1173	116
47	17
5	16
4	4
3	18
2281	225
34	1
1105	247
25	39
4	1
1157	49
1187	127
39	87
14	16
4	4
1095	50
24	84
2278	192
35	12
5	13
2288	269
33	18
1149	112
34	90
1145	73
28	41
1115	80
32	44
4	23
4	15
1071	156
1106	65
3108	425
1108	73
1107	202
14	7
14	5
3	5
3285	322
29	129
1111	32
25	9
4	107
1096	76
24	32
1154	103
39	8
14	31
4	11
1113	56
26	23
4	27
1088	82
1132	187
14	69
1180	38
34	74
1147	161
34	21
1149	16
36	49
5	72
2128	229
4175	579
1109	108
2177	259
1174	94
1120	246
1174	15
33	44
1096	171
24	40
2155	237
37	59
1156	41
1173	209
32	14
1149	116
34	41
1146	26
34	16
1150	180
1155	128
1172	129
36	41
6	34
4198	459
23	37
4	2
1156	175
34	7
1149	75
33	45
11	55
1113	159
1177	39
36	18
5	69
1085	112
1177	72
37	14
5	60
1147	64
34	121
1142	116
1109	159
1112	133
3212	343
17	24
1093	112
14	27
7	11
4	64
1096	50
14	47
4	21
2172	245
1176	51
1173	168
36	12
5	1
1145	159
1131	175
26	36
1166	119
1128	84
26	37
10	4
4	73
3133	325
35	14
1079	85
25	24
4	5
1092	177
1176	59
34	36
1147	128
2286	292
37	17
5	45
3285	328
33	31
1131	162
1149	185
27	16
4	12
1142	54
25	31
1152	183
1112	57
24	37
4	74
1154	90
3171	420
31	55
2144	211
26	12
1112	108
2195	256
1166	245
3171	367
1176	59
31	20
2194	287
1175	117
1176	225
34	45
2146	211
34	52
2288	194
36	32
12	46
1121	71
39	29
7	64
5	6
5	15
1138	117
1176	72
37	6
4	12
1145	100
42	65
15	26
5	9
4	23
1253	63
23	1
1244	242
29	9
1367	133
1428	198
1019	3
627	92
609	34
1674	3
3221	15
3134	41
24	182
150	114
976	190
727	26
1620	33
23	87
1180	76
23	577
805	154
1315	207
23	151
762	162
1140	139
930	11
860	175
940	267
22	5
3187	160
451	18
1023	15
638	15
235	86
1727	19
551	79
1787	81
754	7
712	77
25	44
4	100
4	250
975	6
1304	61
857	37
522	200
599	53
741	137
522	189
22	41
1757	233
873	14
738	22
2037	32
3389	22
23	223
912	116
23	40
1954	199
1687	76
2953	37
311	55
1176	31
1183	196
253	18
463	21
737	65
505	38
23	78
4	14
480	72
97	4
246	51
1090	211
407	112
1008	332
265	136
128	97
282	240
11	67
575	57
308	86
1462	147
1499	151
1239	614
940	45
1364	231
1170	72
32	25
4	57
9	39
3744	417
2114	298
24	33
1158	99
1084	61
2104	369
15	13
1166	112
1114	65
24	82
1080	120
1105	62
14	53
8	13
4	56
1097	92
2185	239
16	24
1076	127
14	77
1075	36
12	37
1100	193
1183	121
1174	155
1084	68
14	50
1076	121
2184	318
1175	47
44	13
5	1
4	11
4	52
1137	47
39	10
5	3
4	56
2286	245
39	46
1124	86
1176	268
1174	49
33	82
3284	327
25	23
1155	111
1174	173
1175	243
1175	73
42	4
5	1
4	20
1144	119
2174	285
1176	112
1176	141
38	17
6	14
4	38
1143	168
1187	33
46	57
5	15
4	37
1418	167
1173	114
3313	349
1173	216
2178	278
1171	116
30	74
1142	47
2177	335
38	4
7	4
5	29
5	2
1142	37
33	115
1331	64
1548	254
32	32
1945	83
23	68
1573	141
1955	349
23	35
1415	164
37	16
7	10
1142	82
38	29
7	25
4	18
2256	188
42	17
4	56
803	32
144	152
1537	166
1099	89
14	52
1098	42
2234	290
1100	201
1109	97
19	77
1170	36
33	34
1130	121
43	102
83	17
1747	126
4276	528
32	4
1146	166
38	11
6	26
11	42
1072	64
2268	252
1132	182
1178	94
1175	268
1173	28
33	8
1195	105
830	26
19	37
1453	274
2583	22
435	1
869	12
2075	41
397	45
142	162
165	34
2292	6
956	28
759	100
370	56
1456	101
123	77
735	353
1095	21
491	123
310	56
118	292
257	122
1810	212
6	72
326	3
353	258
1373	337
869	66
1172	221
1295	6
11	57
1696	214
1168	113
31	27
5	84
2428	83
23	151
114	21
142	28
2249	189
32	187
1358	165
1127	120
2098	261
1091	65
1106	123
19	6
1168	155
34	1
1102	127
1110	209
1103	92
2269	247
1098	201
14	38
5	14
1173	19
36	25
11	105
1076	64
1176	109
36	57
5	33
1147	122
36	46
5	12
1145	96
36	20
5	12
1225	99
4436	99
454	71
2321	283
213	87
11	56
1026	111
1090	160
23	9
420	365
23	31
220	47
1064	37
294	79
664	76
1689	129
159	49
188	19
129	168
1837	170
14	37
5	22
1830	234
1185	3
2705	195
642	32
1517	22
2729	196
23	99
1291	113
623	183
15	59
1647	95
2449	131
2301	24
739	97
1656	199
92	57
750	204
197	77
129	333
220	46
1014	23
494	26
577	9
930	223
232	12
11	28
316	107
812	28
904	168
123	151
256	95
246	98
1023	26
2276	50
1866	72
23	11
2884	61
819	170
23	148
991	4
2243	42
626	315
23	70
1861	168
413	247
2146	107
1031	117
843	200
1128	4
1131	39
1443	227
175	128
1120	81
226	34
655	10
23	13
576	20
147	455
202	268
2581	35
1773	95
1898	99
824	188
23	1
4	156
1389	136
24	36
507	455
83	19
604	65
23	21
1616	33
3227	23
517	26
23	11
956	46
23	31
683	93
1056	106
1320	25
2776	179
24	54
1424	352
23	62
870	20
22	2
211	88
680	102
162	90
435	252
254	51
1322	6
507	65
288	104
771	483
2170	369
24	87
139	41
534	38
776	38
1831	71
537	145
798	65
1104	49
210	135
1032	325
997	97
3380	7
293	110
173	50
340	1
427	1
598	31
1393	34
1782	4
242	54
619	77
590	94
1772	6
2112	174
731	306
740	61
200	28
1104	71
670	27
23	208
311	46
552	94
699	203
23	76
4	2
2056	69
3072	452
23	9
293	15
998	326
24	17
4522	139
207	144
785	40
824	75
29	63
2681	77
24	106
107	8
11	24
864	18
2005	672
952	33
601	75
23	16
115	194
544	207
2513	23
1086	20
599	165
549	105
1727	68
1004	152
2694	9
774	146
407	126
761	64
1392	52
23	13
2579	2
1125	196
2044	48
430	13
1997	89
305	11
975	84
219	66
915	15
1079	2
459	5
1179	101
1020	34
1086	50
864	60
208	17
272	45
1116	123
264	10
657	1
1877	38
1137	32
941	67
910	2
448	160
2393	139
649	42
203	1
823	107
1446	17
1883	89
924	107
339	56
143	136
83	63
190	191
430	113
1356	51
115	51
1094	235
1216	125
23	64
893	37
24	42
759	91
207	93
366	154
342	36
579	6
363	233
707	27
765	46
2119	11
11	50
160	58
548	138
1143	65
101	32
1487	11
1194	54
214	76
480	166
188	2
380	19
11	106
620	82
974	60
1557	286
657	16
23	269
875	341
523	40
23	3
992	57
482	70
676	11
1586	163
2659	5
3165	52
1979	312
23	60
236	141
1218	4
170	40
392	446
3989	146
250	64
401	131
22	227
534	289
1019	77
1466	46
1499	36
895	134
426	54
1215	308
1153	48
175	220
627	95
2756	37
923	207
23	142
3399	83
40	88
1866	282
909	55
339	2
199	244
907	2
574	130
1409	132
795	21
694	19
458	102
973	352
693	84
24	386
2196	92
480	17
410	138
23	177
960	18
2305	86
2175	2
176	38
1784	18
922	79
1798	141
255	35
1986	24
23	138
653	78
31	7
390	74
804	105
300	4
571	125
319	105
379	36
186	193
400	11
113	37
655	399
195	71
647	322
426	46
317	37
164	63
380	107
52	273
329	87
1616	123
15	43
1083	122
23	20
4	23
3006	327
1159	170
1173	95
2313	275
1130	219
23	18
1086	14
2117	357
2185	201
22	59
4	9
1080	65
1170	247
2257	181
1111	245
2172	217
30	38
4	7
317	25
1173	47
1120	222
2124	217
1127	165
1087	91
23	2
1058	105
10	22
2086	308
1089	134
1088	124
10	55
1081	124
1088	78
10	16
1079	176
1087	143
2089	210
10	37
1109	66
10	26
1110	158
1184	104
24	18
4	34
1203	95
28	26
4	3
2234	252
22	63
4	18
2167	155
10	126
1100	51
10	2
4	51
3	33
3271	291
22	64
1092	199
1173	38
28	112
1143	71
2166	289
1166	134
1173	213
2314	184
29	28
1147	96
29	15
1107	258
1134	142
1167	115
23	3
1154	58
29	64
1147	136
1193	87
30	4
4	94
1176	130
27	24
1155	94
22	61
1159	150
28	15
1150	12
1171	162
23	64
5166	685
28	22
3092	336
1172	116
22	22
4	45
1089	89
1091	98
15	63
10	9
1098	51
1106	223
2190	210
10	13
4	58
3	2
8	5
1178	123
36	45
1075	98
23	35
1110	26
22	50
2074	276
1094	129
10	32
4	25
3	1
1091	48
1094	177
10	13
4	24
3	6
1174	33
29	131
2202	176
22	34
4	23
3	28
1081	31
10	11
4	77
3	7
1103	37
17	34
4	21
3	68
1086	32
10	20
2276	260
23	61
1155	114
1172	191
28	28
4	5
4150	534
1113	102
2156	306
2174	257
1173	58
28	108
1132	22
28	107
4	22
1106	85
1169	67
2293	316
1110	238
4126	506
1114	109
1165	152
3250	319
22	4
3082	479
10	3
4	3
1127	137
2199	182
16	10
4	13
3	81
3	24
2270	159
28	29
4	42
3	38
2240	214
1173	213
28	5
1149	37
1164	263
1178	128
28	6
4	6
2225	213
23	60
1101	136
23	31
3113	345
1098	116
10	10
11	6
3	54
2259	187
23	76
1100	50
1166	147
1110	163
22	55
1081	41
10	82
1153	95
34	29
4	1
1098	86
22	22
4	44
3	19
4	16
3	22
1139	92
1118	81
23	44
3263	356
35	7
4	50
1099	165
2313	217
38	40
1143	113
28	10
1113	150
1129	96
1101	192
10	1
1173	150
1150	118
29	97
1106	55
23	83
1078	69
10	27
3115	439
22	1
1155	37
33	117
2123	230
1174	42
28	32
4	105
1152	67
28	5
1150	143
28	3
4	21
4	29
1152	80
27	7
11	29
1068	78
22	2
4	9
4	68
1058	85
11	16
4	11
1082	70
10	59
4	71
1079	36
16	93
1071	30
2160	274
10	25
4	36
3	46
1078	72
1074	72
10	21
4	27
3	44
3	5
1076	49
10	15
1081	140
10	14
1079	142
3160	377
10	28
4	66
1077	139
1086	47
10	61
1078	88
10	63
2080	273
1085	95
1088	123
1085	110
10	49
1080	158
2160	190
10	58
2152	202
13	98
1076	63
10	70
1079	95
1086	89
10	36
4	53
1076	41
10	65
4	37
1078	27
10	101
1079	26
1086	134
10	29
4	27
5081	685
10	16
1081	8
10	116
2153	194
10	50
4	2
1067	150
14	23
7	6
1070	39
1085	151
1073	92
13	113
1065	130
1087	17
15	23
3192	402
1170	199
1173	65
28	33
4	18
4	72
1148	109
29	33
4	22
1147	10
29	58
6109	783
1159	104
36	24
1058	108
6	23
3	8
1187	224
1113	43
23	101
1156	17
28	62
4	22
4	17
1147	177
3176	357
28	19
1150	67
29	34
4	74
1103	72
22	68
1155	29
1110	222
22	35
2256	175
1135	131
1095	162
22	21
1158	91
29	36
2245	279
23	45
4	9
1108	65
1100	216
2258	212
36	114
1142	13
29	44
3128	458
2249	207
29	40
1149	115
28	10
4	46
2290	224
28	1
1152	118
36	22
4	19
1107	167
23	65
1154	6
29	49
4	70
4	20
1092	50
2175	311
30	13
11	12
2142	238
29	27
2146	307
1176	62
29	36
2147	285
28	6
1092	129
22	29
4	19
3303	302
36	8
4	35
1098	191
1110	52
23	49
4	34
1110	43
22	1
4	66
2253	249
1175	239
1172	78
1168	188
1173	36
1151	160
28	65
1119	67
1140	178
29	49
1113	185
1138	15
1155	247
36	12
1120	159
1173	102
2314	200
1168	146
24	61
4	67
2160	273
1170	126
1137	131
22	46
2129	199
33	31
7	16
2274	173
23	142
1157	37
28	10
4	14
3	34
1079	82
1081	127
10	5
8	106
1075	20
10	12
1082	223
10	21
3	4
1090	70
19	39
1077	36
9	62
3	36
5	17
2184	214
1128	155
1174	59
28	4
4	2
3	40
1072	140
10	24
2194	216
1100	224
10	22
13	19
1081	15
10	39
1147	119
23	12
1093	129
1109	186
2191	236
10	57
4	5
3	4
2205	215
49	60
1071	50
2189	302
10	20
1109	120
1110	148
1149	114
1152	181
4256	485
22	45
4	22
4	21
1078	43
10	28
4	90
3174	349
28	27
1149	120
3211	335
28	32
4	10
3	76
1105	136
22	14
1118	75
2108	272
1088	141
2321	248
27	25
4	73
1149	77
1172	168
28	18
3227	317
1101	201
22	66
1154	49
28	37
4	13
1146	101
2311	243
1168	268
1171	84
1143	99
1148	214
28	3
4	53
3124	320
1152	108
1149	237
1116	17
3169	535
3176	323
35	62
2285	167
28	52
4	7
3	59
1101	83
22	19
1154	185
1122	58
1102	220
1087	103
15	10
1073	89
19	7
1075	134
9	42
1082	107
18	56
1075	123
1158	150
1151	146
3160	378
2313	231
1171	124
26	7
4	17
3	74
1153	49
1172	154
27	89
4	18
3	3
1112	40
20	73
10	2
3	30
3	8
3	1
1150	37
1172	164
1107	192
20	25
2138	194
1101	157
4117	543
3314	335
21	2
4	98
1156	97
26	35
1151	75
26	8
3	104
1096	21
20	8
2116	341
1058	60
13	82
2173	303
1173	87
26	12
3	1
3	32
1108	158
1131	28
20	29
3	70
1156	28
36	23
1115	211
22	7
1098	85
20	45
2114	300
1159	98
26	68
2142	150
18	85
1079	51
12	35
12	42
6	22
1086	59
25	6
7	24
3238	358
19	56
3	52
1153	40
20	14
3	40
9	61
2285	154
1176	179
26	19
1154	200
1129	61
1114	162
1135	97
19	3
3	98
1160	116
32	2
3	61
1141	20
26	3
4	72
1704	168
2081	301
1116	99
20	30
2085	269
1095	120
1097	88
1092	144
1103	159
1106	189
2140	287
1061	107
3198	357
20	52
1086	62
21	83
1081	57
1120	203
26	67
1073	73
22	52
1107	17
1077	171
9	67
1100	167
2324	183
1172	148
1171	176
25	72
10	8
1145	96
1104	101
19	79
4	3
4179	399
9	46
2133	326
2215	166
19	57
1091	217
1095	52
9	80
1099	20
9	57
2174	304
1130	63
20	5
4	40
2153	274
6267	723
25	41
4	70
1152	90
2306	271
25	69
1150	87
1170	189
1188	73
1123	160
21	44
3	32
1152	47
25	128
1149	66
1174	174
1130	123
20	49
3	10
1122	33
19	94
1120	87
21	60
1153	37
25	79
4	13
10	44
2279	164
25	73
4	22
1151	123
26	16
1096	44
20	21
1094	137
20	53
1159	179
3240	308
1076	199
1115	181
1106	27
21	9
1149	148
25	1
4	10
1113	198
1148	83
1172	206
32	10
4	11
1113	106
24	56
1152	90
1127	147
20	3
1090	156
2120	253
19	9
1156	130
25	12
10	18
1144	129
25	51
1150	42
1171	197
25	49
1144	52
1174	131
1101	192
19	37
1159	35
35	34
3	68
3	3
1143	105
25	45
4	19
1150	26
24	4
2292	295
2277	318
20	60
10	6
3	3
1148	66
26	30
3	1
1149	205
1172	98
25	38
2183	172
21	52
2264	239
2088	377
2305	159
25	100
1108	63
19	15
1139	237
1122	44
1178	122
25	10
1152	151
1116	236
1147	92
2248	254
1087	158
1106	127
1106	206
2164	199
1106	116
1096	224
9	5
1174	54
3127	492
1080	28
15	108
1172	46
1174	117
25	132
2150	272
4299	443
3154	428
1147	190
2108	264
19	9
1086	95
1106	181
1096	49
9	48
1170	96
19	29
3	2
3	30
3	35
2166	244
26	2
2133	271
1175	142
1176	118
1173	121
26	46
4	6
1151	110
2173	340
1174	49
25	108
1126	41
30	16
1085	234
4175	510
2269	174
26	3
3	88
1105	134
19	14
1157	80
1175	145
25	78
4	12
1152	32
1175	131
25	68
1154	122
26	53
1083	174
2261	168
24	91
1121	63
20	58
3159	384
25	51
1132	71
2240	233
25	37
4	105
1153	83
1169	155
2171	303
1108	44
1156	163
1116	162
1094	113
9	58
1100	83
9	8
3	30
1112	134
4291	482
26	89
3	23
4239	419
2227	294
19	28
1082	156
15	44
3	17
1103	19
1128	257
19	8
1155	65
1120	100
22	107
5	15
1161	26
25	59
11	54
1146	37
26	14
1144	225
20	11
4	4
1116	90
1156	86
26	21
4	56
3	23
2244	209
33	17
3	37
3	10
1110	58
23	1
1139	237
1107	33
1098	171
9	1
3	3
1091	101
22	13
2152	294
9	61
3	33
1108	112
1095	47
9	12
3	8
3	44
1111	173
1106	104
2105	302
1096	41
9	34
1100	159
14	52
1108	62
1176	115
25	20
4	60
2100	259
2204	210
9	45
9	62
3263	272
25	60
4	14
3	22
1107	43
19	41
1094	181
1106	107
1096	183
9	15
2202	182
1097	199
9	22
3	1
3	9
1176	25
1173	244
1141	77
24	33
4	9
3	33
3	30
1145	26
1110	214
19	24
4	28
1156	27
26	22
1073	163
11	61
1123	46
19	52
1158	154
1174	76
1177	137
25	60
1094	76
18	27
3	59
1110	58
20	13
3	25
3	12
3	56
1157	34
26	29
10	32
1150	195
25	8
2153	222
26	23
3152	440
1140	55
47	48
1131	146
25	39
2157	248
1174	48
26	20
3	48
1158	96
25	28
4	4
3	28
2293	214
25	140
1125	82
20	37
1157	163
3131	343
2104	261
1087	150
8	39
3156	271
9	13
3	12
3	40
3	57
1082	89
1095	147
1086	112
9	3
3	5
2154	243
9	30
2161	202
9	3
3	23
1075	197
9	27
1079	43
1086	213
2085	287
1087	63
9	20
3	26
3	11
1083	155
1081	77
9	31
3133	334
13	89
1111	66
1107	148
1116	71
22	117
1051	93
9	49
1113	20
21	38
1088	131
2169	317
25	22
1107	32
1173	254
4177	490
25	29
4	18
1129	98
27	15
1146	162
2144	235
1106	113
1177	136
25	8
1104	109
20	103
3	24
2295	170
1176	180
2310	243
1131	265
1175	15
26	4
3	1
3	3
4307	558
1172	182
1172	185
1171	153
1172	113
2276	250
1144	234
1152	20
1109	237
1173	99
1173	125
32	74
1081	61
20	12
3	29
1097	118
19	8
3	19
1156	160
1172	130
26	57
1151	132
1171	113
1135	125
1145	194
1174	54
25	72
1152	87
26	3
4	49
3151	398
2171	268
25	15
1149	151
26	22
1108	76
19	2
4	15
2106	329
19	12
1158	16
26	51
4	11
1165	137
3173	413
2260	238
25	85
1110	74
19	87
1158	80
26	15
1151	126
25	53
1155	103
1129	210
1111	44
1151	108
2151	344
1173	92
26	22
1108	208
19	20
1084	72
9	17
1174	103
25	95
1088	94
19	9
1116	68
20	13
3301	398
25	37
1108	217
2269	197
19	69
1160	151
2249	192
19	41
1161	170
1171	65
26	105
1152	122
1129	111
1173	194
3124	382
21	14
1163	89
1173	215
1172	49
26	70
1106	77
19	76
3	19
1082	33
9	6
1100	126
9	56
3	34
1109	45
9	23
3	9
8	45
1103	81
21	83
1077	76
9	9
3	35
1100	165
2182	259
25	26
1103	41
19	11
4	44
1134	159
2249	202
19	39
4	19
1163	74
1168	193
1165	151
1156	188
4313	461
1176	158
1170	115
26	35
10	107
2212	187
2290	258
26	106
2147	227
1196	68
25	5
3	132
1132	112
3252	348
1085	119
1096	130
9	38
1135	149
1151	105
1171	223
25	3
1108	105
19	2
3	3
1082	163
9	20
2270	168
1112	141
20	63
3	48
1156	60
25	41
3	22
1154	158
20	12
3	20
1158	87
4174	515
32	56
1146	67
26	11
3	78
1151	87
26	38
1155	43
25	54
3	54
3104	375
6282	697
2147	337
33	34
4	12
1148	42
1142	206
1177	183
1172	149
1124	44
19	7
3	38
1157	119
32	35
1145	97
26	25
1138	129
19	25
1158	131
26	84
3	15
1152	127
1176	35
25	9
4	63
1153	199
1112	21
20	56
1141	121
26	51
1153	111
24	58
1153	52
1172	172
25	80
1152	48
2279	302
1174	142
1171	236
1172	45
26	23
1149	115
26	77
1151	92
2264	253
25	66
4	19
1153	144
32	9
4	19
2086	253
19	32
1135	89
1109	72
19	98
4	19
1156	119
24	21
1133	72
1154	124
25	5
3	73
1152	130
26	23
1144	80
1168	120
19	6
3	78
2297	211
1132	169
26	57
1154	74
25	37
1151	100
2323	264
1161	151
26	61
1116	167
19	3
4	39
1090	32
22	55
3150	383
20	23
2208	185
1128	268
1169	49
19	16
1087	121
9	20
3	55
1100	46
9	79
2135	296
19	6
4	12
2155	215
2175	265
1177	82
25	31
4	37
3	2
3	31
2154	260
1173	84
1172	113
25	28
2149	320
1178	115
1170	220
25	11
1139	63
20	45
3164	388
1170	72
25	32
10	101
1103	108
20	35
1157	24
1171	152
1173	128
26	30
4	11
3	8
3	40
1147	99
26	19
3	66
1075	90
9	19
1111	168
1098	21
9	21
3	60
1096	90
9	48
4162	499
20	56
1158	33
25	55
1135	175
2129	251
26	55
1151	68
25	56
1156	160
3175	372
1172	140
2259	199
1158	172
1174	183
2255	262
20	4
1158	134
1136	171
1153	190
3315	322
25	7
2153	310
1171	100
32	63
3	22
1147	102
1175	223
3314	293
26	88
1153	97
26	28
3	2
1149	193
1131	87
1177	136
1172	135
26	37
1146	74
19	28
3	21
1138	126
24	95
1157	140
1174	28
3118	511
2250	172
26	85
1119	133
1173	62
26	2
4	122
3	11
1112	66
1167	96
1154	243
2203	208
15	10
1167	154
1112	99
1079	126
9	42
1128	127
19	38
2087	284
10	4
1109	44
1093	145
9	9
2204	272
1170	257
1141	26
19	124
1092	89
2097	244
9	71
2196	155
9	47
1099	183
1111	71
1170	213
33	27
1144	65
26	7
3	3
1152	220
1168	70
1176	167
26	4
1126	162
1081	80
9	86
1099	73
1121	178
19	10
1160	55
25	37
3153	391
26	27
3	18
1152	95
1172	141
26	35
2159	257
26	21
5279	604
27	105
1107	33
19	2
3256	408
1173	157
2314	277
1170	151
20	67
10	5
1091	101
19	4
3	10
1160	165
1170	162
1146	55
20	97
1129	124
1150	77
1133	206
23	8
10	1
2113	251
1077	71
9	44
2164	235
28	81
1101	57
19	43
3	15
3	24
2210	200
25	31
4	40
3	22
3	8
1076	79
9	7
3	32
1100	45
9	27
3	46
1102	68
9	44
1119	147
1117	167
1174	65
26	83
3	40
1146	68
1181	152
2311	255
26	81
1093	157
2202	171
1105	200
1096	112
9	34
1100	90
9	24
3	2
3	4
1352	164
29	38
3	29
1082	42
1122	179
24	29
1072	43
9	52
3	50
3	14
1099	37
1108	143
21	16
1111	172
1089	196
1169	119
2311	177
2293	308
25	24
4	1
3	95
1147	144
2256	191
25	18
1117	184
1170	110
1172	109
2172	306
1153	127
1129	135
2268	261
25	120
1105	21
20	121
1093	57
1164	142
20	20
1092	113
1168	161
2224	232
1079	162
2199	261
22	48
2213	233
19	36
4	3
3251	378
25	42
1092	87
1176	143
37	93
4	21
1112	47
22	65
3	14
1155	64
30	24
5	53
1147	34
2099	366
2138	272
1172	55
1170	160
1123	179
1173	76
32	47
5	41
3	40
1147	98
31	48
4	5
2272	179
30	103
1147	64
28	98
1086	53
1175	107
1121	171
21	4
4	54
1105	49
1175	164
31	58
5	34
1146	38
33	5
4	109
3	17
1104	57
2265	234
30	29
1106	185
3176	449
1170	107
1171	98
1176	137
28	1
1121	191
2117	288
1132	75
2310	282
29	24
2152	339
1170	29
34	36
5	3
4	54
10	1
3	24
1093	111
1176	89
29	61
1077	166
12	14
1133	131
1172	152
1174	30
25	30
1146	113
25	50
1148	202
25	5
2241	167
19	1
4	17
3	83
1153	167
2255	181
25	10
10	44
3	39
1140	42
25	45
1152	91
25	34
3	90
1092	40
2140	318
20	7
4271	476
1120	116
27	111
1150	104
2308	259
25	58
4	21
4	4
1113	153
1131	55
19	7
3	17
2257	221
25	32
1086	234
2227	186
1087	192
2105	292
1105	98
2107	272
1095	59
9	110
1112	134
1168	150
1107	98
19	42
1156	42
1175	149
26	26
4	44
3	45
4151	512
1174	43
26	83
1090	62
19	27
9	5
3	3
3	56
2151	234
26	12
4	9
3	33
3	13
1119	68
1103	205
1132	108
1098	87
9	60
1100	70
9	14
3	58
1112	45
1169	144
24	8
1131	254
2155	248
2269	179
19	79
1091	84
1175	233
2174	260
1176	68
25	36
3	13
1151	179
26	26
1089	75
1163	81
25	132
1153	25
26	67
3	40
4	7
1149	88
1173	142
1130	158
1113	124
19	36
4	34
2248	163
32	16
1147	124
26	52
3	68
1148	108
2153	315
2174	269
1166	151
1178	60
1139	176
19	61
4266	424
1172	166
1174	229
1167	158
1131	78
19	43
1158	106
1173	163
26	17
2291	187
26	66
1104	90
25	9
1087	161
20	20
4	44
3	10
1151	105
20	47
1139	81
1087	174
1169	142
25	38
1134	93
24	53
3111	382
1101	66
9	17
1110	79
1155	185
26	32
3112	399
19	17
1062	51
9	15
10	34
3	19
3308	339
26	128
1151	118
2314	178
26	32
4	2
3	83
1148	128
24	43
1153	111
26	21
1091	131
1105	139
4171	419
9	56
1099	144
9	6
3	54
3111	336
2311	234
2271	289
25	78
4138	549
1118	64
19	85
2159	200
24	2
2249	264
20	5
3	42
1152	62
20	103
1157	171
1176	27
26	8
4	9
1151	165
27	5
1131	107
20	34
3	37
2129	222
8	12
12	7
1114	168
19	34
4	17
1109	42
20	25
3	23
3	48
1087	98
1112	70
1113	171
11	22
4154	573
1152	64
26	8
1093	151
22	31
1175	50
32	49
5	55
1091	125
19	46
3	4
1159	25
26	107
1132	90
1151	206
25	2
1135	22
1121	142
19	121
1112	30
19	4
4	2
1056	176
1130	188
1072	157
2211	150
9	6
4	27
2106	350
1163	106
2197	224
2109	341
9	13
3155	334
1086	132
21	2
1091	76
21	103
1092	56
1115	168
25	58
2290	190
27	119
1116	106
1137	104
28	39
3	18
1113	89
24	14
1165	185
26	8
3248	327
19	104
1095	27
20	19
1155	100
2128	362
26	10
4	8
1075	38
9	85
3	32
1077	15
10	30
1189	232
25	11
1149	28
25	5
10	15
1115	202
1129	171
1116	81
23	7
3217	355
19	114
3265	295
20	1
1158	242
1174	35
32	136
1071	109
1188	83
25	4
1154	103
1173	242
1179	123
1179	66
25	5
4	97
1134	88
27	48
1065	95
9	26
3	24
3	7
3	4
1177	55
26	80
1129	144
1154	43
1127	147
20	28
10	40
1074	81
16	90
1103	92
1106	119
22	73
1139	106
26	38
4	9
1117	54
24	57
1123	141
1132	114
2260	225
1135	143
18	78
1084	157
1110	45
7	109
3	4
1101	159
1104	62
5	39
9	20
1182	83
32	4
1098	88
19	56
4	35
1087	113
2310	246
26	71
1150	45
26	51
4	46
1149	132
26	13
2150	293
2292	169
26	95
1150	60
1102	194
9	49
1112	166
1173	142
3288	296
1151	202
1173	172
26	10
1149	96
1183	199
1172	69
25	56
4	30
4214	422
34	112
1151	35
32	36
3	11
1144	134
1170	189
25	4
3	35
2206	206
19	60
4	1
3	19
1156	16
25	22
10	92
1145	59
1128	210
1180	159
1155	86
23	4
1164	128
1160	123
1187	133
25	36
4	35
9	18
1126	74
1175	202
1111	148
1171	149
26	11
4	3
1130	110
24	36
5	29
3	16
3302	298
25	100
1152	20
25	85
4	19
3	17
1135	50
24	73
2287	235
1130	114
19	3
2230	303
35	27
4	7
3	5
3	22
1043	42
9	2
3	49
1107	179
8	7
3	17
2294	184
26	67
10	38
1145	124
1171	83
27	52
1107	128
24	4
1165	110
26	9
3	5
3	19
3	7
10	24
1090	42
19	38
1168	113
26	37
1110	94
2225	322
19	21
2133	278
1159	84
1094	243
1117	28
9	47
3	8
1124	93
27	74
1152	58
1126	157
24	22
2149	323
23	27
1121	33
19	36
2295	274
25	13
3	26
1150	93
26	44
3	82
1150	58
25	81
2150	207
1175	101
26	46
1149	183
2156	237
1173	88
26	17
3	7
6179	780
25	27
6	71
1066	39
1125	195
2191	211
9	2
1107	222
1108	116
7	26
3	19
3	3
2074	204
8	49
1118	24
1111	154
9	39
3	28
1078	84
9	6
2207	254
9	78
4	19
1113	29
19	58
1126	191
3082	371
1084	176
4114	464
1112	131
1113	97
9	69
5210	577
9	44
3	24
1107	192
1112	9
1085	157
1112	127
9	30
1078	215
1084	106
1115	140
9	27
1106	75
1114	164
1084	67
1075	188
9	47
1118	79
9	11
1107	144
11	17
1098	110
2125	308
9	4
1107	148
1115	56
1113	227
2195	174
1085	259
1113	27
9	61
1111	194
1114	21
1115	243
2113	229
1114	65
9	4
3	33
1077	197
1074	58
8	30
3	3
5	72
1119	11
9	93
1070	94
8	26
3	51
1118	96
9	8
1106	144
1081	92
9	29
3	5
1082	110
9	62
1107	32
9	27
3	38
1078	165
2217	164
9	32
3	95
3	7
1103	125
1114	19
13	32
3	7
3	7
3	76
2073	216
9	25
3	32
1078	37
1114	99
9	95
1106	46
11	81
1110	78
16	29
1056	166
2096	287
9	7
3109	372
2180	204
9	7
3	78
2106	254
2084	251
5115	649
1112	57
9	129
1078	57
1114	110
9	38
2154	244
9	24
3	35
1078	50
1113	175
1080	112
31	51
1049	99
11	1
1072	148
1113	144
2187	259
8	19
3	12
1109	85
4	33
2083	313
1115	85
1086	146
1084	189
1113	32
1087	185
1115	89
4	9
3	82
1112	139
1085	74
5	86
2213	170
4	35
3	9
3	69
1116	107
6	32
1080	144
4	3
2158	152
4	95
1111	132
1086	98
1114	87
1085	160
2113	318
4	2
3	17
1084	102
4	18
2084	283
1087	33
4	58
5	3
2184	212
1114	221
4	27
1085	22
4	3
3	96
1085	39
4	69
3	45
1083	88
4	10
4	1
1112	68
4	36
1085	137
1113	169
1114	163
2193	215
4	42
2216	218
4	30
3	53
1114	69
4	35
3	19
2113	303
1115	40
2162	291
1113	184
1114	126
2219	197
4	96
3	18
1085	38
7	32
2215	239
4	21
3	104
1085	8
1087	228
1114	92
4	39
2187	228
1117	227
1114	81
2163	215
4	3
3	100
3	4
1113	13
4	63
1088	150
1115	82
1117	156
2115	322
4	3
3221	326
4	68
2224	187
4	33
3	1
3	78
1114	66
4	30
3	8
1086	82
4	53
3	25
1114	157
1116	26
2122	336
1087	115
4	39
3	27
3	18
1113	37
4	55
1113	73
4	8
3	98
1086	14
4	24
1089	236
1115	130
1086	48
9	38
3	52
3	11
1108	11
4	18
1117	167
1086	98
4	36
3	62
3	23
2216	160
1113	146
4	18
1085	106
4	23
3	33
3	22
3	25
4	26
2215	155
2216	311
1114	157
1087	189
1118	75
8	52
2184	186
3191	405
1115	153
2219	271
7	53
3	42
1083	35
4	54
3	20
3	6
1115	40
4	5
3	33
3	49
3	12
1092	65
6	25
1112	214
1112	35
4	88
1089	91
4	71
1114	43
4	34
3	43
1113	84
2088	334
1089	138
1115	7
4	14
3	5
3	65
1113	118
4	4
3	13
3	22
2130	256
4	22
2163	212
1108	131
4	20
1115	83
2117	319
4	22
1089	144
3178	333
5	12
3	5
3	11
1114	142
6	74
1114	15
5	74
1116	97
5	2
1116	158
4	73
1116	106
4	2
1118	106
4	15
1124	79
1121	133
4	36
3	4
3	84
2115	242
1116	114
4	31
1116	139
2090	258
2120	216
4	37
1118	44
4	22
3	18
3	21
3	21
1113	107
5	66
1119	43
7	15
3	5
3	24
1110	123
7	63
1116	72
2198	250
1117	164
5	11
3	59
2115	219
1072	121
5	59
3	19
1117	3
3196	409
5	11
3	96
1089	80
1117	197
1090	28
4	33
3	11
1116	104
4	95
3	24
2221	181
1117	200
1119	48
4	58
3	23
1116	78
5	76
1088	56
4	73
3	21
1089	34
5	51
6	11
1112	75
1118	204
4	34
1119	41
4	88
3194	320
4	88
2194	190
2117	332
4	6
1089	143
1117	85
1113	181
1118	89
5	41
3	59
3	2
1088	135
1118	13
5	38
3	47
4148	512
25	18
1086	53
11	23
4	38
3	41
1110	145
1100	91
11	58
1100	13
11	111
1100	19
11	49
7	77
4	10
1113	50
21	76
1097	150
4152	450
4255	510
1087	142
5162	726
1113	42
1107	175
3189	365
9	59
3	17
3	1
1127	43
19	11
3	109
1082	106
9	7
3	28
1099	59
9	72
1108	94
2219	209
19	128
1090	130
2203	153
2212	294
21	25
3129	436
1075	85
10	64
3	41
1170	143
1173	107
1112	167
2248	192
1070	155
9	5
1105	187
22	26
1073	87
9	31
1149	99
1171	143
25	30
4	4
1085	60
19	35
3	33
1135	55
19	28
3	6
2293	283
24	50
4	47
2126	259
2310	177
25	58
1151	215
25	9
1131	100
1169	73
25	26
1093	95
20	121
4	8
4292	439
24	20
1150	106
25	107
1087	63
20	37
3	49
1154	48
1158	223
1110	87
18	59
10	6
1160	104
25	62
1149	134
1101	47
9	32
4	59
1114	100
9	52
1106	46
9	56
1115	93
28	23
1141	198
1103	126
1108	66
1073	102
2104	384
1082	22
9	5
3	8
3	26
3	59
7	1
3	1
1164	68
25	9
1109	186
3152	422
1075	81
2149	284
1148	130
25	49
4	3
3	13
3287	310
26	84
4	12
1101	141
1178	92
26	32
1154	50
1127	155
19	42
4	49
1158	169
32	1
1102	120
1131	45
18	43
3	74
1115	105
3227	344
19	80
1154	38
25	34
4	61
2243	206
29	112
1071	9
9	17
2193	266
23	125
2153	144
1169	195
1129	149
19	22
2215	229
20	30
2160	311
1095	73
19	38
3	39
1075	102
4314	452
26	77
1111	120
25	49
1101	142
2173	276
1142	117
3244	343
1156	138
1179	171
24	2
4	68
1125	83
23	15
4	81
1168	124
4175	473
35	9
2294	253
1103	110
20	77
4	43
1114	76
19	54
1061	57
9	44
3151	369
1112	127
9	49
1077	138
1071	112
1112	139
1112	153
1067	182
1112	123
2174	194
9	58
1107	127
3084	391
9	50
3065	333
2113	319
1112	67
1070	175
1114	120
1111	145
2113	309
9	8
2108	211
9	26
1107	132
2213	213
1112	183
2113	291
1111	52
9	54
3209	353
9	4
3	6
3	12
3	29
1076	103
1070	165
1113	137
9	33
3068	360
9	9
3	5
3	39
1111	59
9	39
2189	206
9	15
3	84
1106	94
1114	97
1113	152
9	16
1064	125
9	72
1105	58
1114	129
1123	154
1073	162
9	70
1110	121
9	17
1106	40
9	35
1106	91
3157	380
9	74
3	19
1105	60
9	53
1107	169
1114	39
13	47
1074	121
9	47
1070	138
1115	156
9	18
2219	162
9	114
1089	106
1085	116
1084	87
11	120
1102	34
1085	174
9	22
5112	670
1113	71
1115	140
1113	105
9	59
1113	115
9	16
1109	83
9	21
3	6
3	42
2077	285
1124	82
2070	339
1113	116
1112	47
9	46
3	16
3	32
1106	174
1070	100
9	22
1105	63
9	49
3	28
1105	69
9	86
1079	61
1113	165
9	51
1105	135
1114	79
9	23
3	3
1107	164
1112	56
9	25
3	68
1077	86
22	20
2132	208
1114	150
1094	105
9	49
1099	166
9	24
1096	26
19	11
3	88
1169	167
1176	68
25	29
1108	122
19	45
1093	124
1169	102
25	6
1152	117
25	61
3	33
1150	26
3179	527
1192	63
23	47
11	31
1157	85
33	20
1108	100
1178	130
25	70
4	41
1114	21
20	68
4294	466
2239	284
26	94
1149	111
25	59
1157	37
24	27
5	21
3	5
1144	125
24	18
3	38
1132	70
1186	171
30	41
1083	95
9	36
1117	149
1149	104
1129	217
1113	40
1111	230
1170	99
24	27
1079	58
15	40
3	2
1166	82
24	10
3	7
1104	216
1137	123
27	7
1142	149
24	35
2150	253
2172	248
25	14
2261	227
27	6
4	13
3	5
3	1
1064	96
10	69
3	11
3	10
1173	125
32	38
1162	87
1175	128
1188	111
22	53
1158	180
1174	81
25	15
3	45
3	17
1111	120
20	57
12	6
1154	22
24	124
1091	105
1156	158
2171	269
1174	36
25	54
3220	401
19	14
3	7
2248	226
2164	332
24	60
1121	15
19	108
1119	45
19	21
2214	245
19	20
4	27
3	48
1090	110
1105	140
1095	134
9	31
1176	127
25	60
1151	117
1173	140
24	35
4	2
1149	62
3128	417
1173	79
1200	273
1089	115
19	15
2267	174
19	22
1141	130
24	76
1153	108
25	42
2154	239
31	38
1117	109
1079	90
22	21
1083	109
2171	341
1172	149
25	6
4	29
1152	22
26	32
10	17
1146	191
25	36
4	4
1148	46
26	45
3	9
3	52
1072	138
1185	21
25	105
2151	254
1186	53
25	46
4	3
3	93
3	1
1172	21
24	48
3	31
3	22
3	20
2287	154
1138	229
31	12
4	25
2257	184
24	53
4	20
3	1
2120	298
3087	336
19	63
1157	38
1172	125
31	5
3	11
3	96
1147	146
25	17
2155	229
3128	436
1109	14
1107	221
1171	121
1171	208
1173	38
26	38
1161	155
1126	148
3291	361
25	110
1079	75
18	39
3198	324
19	101
1143	50
1183	152
1177	126
25	4
4	89
3	6
1158	163
1101	78
9	60
1104	55
2211	234
1149	140
24	59
10	3
1147	74
25	32
1114	141
23	87
1136	100
1077	96
9	46
4	9
3	23
3	3
3	10
1116	116
2106	285
3169	311
18	42
3	62
1157	97
26	2
3	20
1091	79
1168	131
2165	357
1170	146
1128	89
19	41
1111	61
1102	120
10	77
3	5
3	25
1099	54
1095	224
2210	188
33	108
1078	8
9	43
3	61
1097	57
9	3
1135	126
19	41
3	16
3	46
3	10
2095	202
15	22
1149	150
1130	143
25	21
1153	47
26	22
3	67
2107	268
1105	107
1097	121
2261	234
31	89
3208	317
2107	336
3272	348
25	29
1197	220
4129	498
24	7
1075	73
1085	128
11	41
1066	74
11	102
1054	93
1081	175
9	6
5	2
4	11
1067	53
9	21
5	11
4	53
1055	100
1082	87
2158	244
9	2
2136	276
9	20
3	41
1055	55
8	20
2142	235
8	63
3	30
6	31
3078	362
1063	39
1076	233
1099	34
2099	387
18	5
1077	61
17	57
1092	141
1082	37
3155	430
1083	194
1082	125
1083	46
8	35
12	78
1078	66
17	58
1077	30
17	119
1066	107
20	6
2145	187
1082	214
1092	67
8	13
12	14
1077	206
1178	105
1172	106
23	30
1112	86
17	28
1159	215
2281	183
23	24
3106	436
17	45
1167	51
23	14
1142	124
17	23
3	31
3	60
2088	251
17	19
1113	24
17	49
1097	205
1095	23
8	61
1176	78
23	47
3	29
1152	90
1176	195
22	57
1111	33
1173	131
22	40
1154	163
22	35
1154	53
1120	161
17	66
1159	164
1170	135
23	24
3	7
1137	60
23	22
3	42
3	14
1153	67
23	28
3	4
1154	61
30	12
1147	170
22	102
1155	52
23	86
3	3
1153	140
2133	242
1173	104
23	50
3	33
1110	111
17	15
1158	30
30	60
3	45
3147	380
1125	57
17	123
2295	161
23	68
2260	265
1173	158
57	26
2043	318
1158	34
37	12
2174	270
15	31
3	8
1096	121
8	19
4275	462
22	63
2152	287
1177	160
2169	267
1131	153
1132	80
1173	154
23	15
3	63
3	2
1088	64
1167	190
1193	71
22	18
3	13
3	44
3159	432
22	17
2089	212
24	48
2154	213
22	40
1153	56
22	11
3	7
1154	189
22	34
2152	273
17	15
1138	17
2290	298
22	59
3	13
1156	52
2213	308
17	54
1161	192
1172	25
23	115
3	5
2110	226
1110	159
2174	258
24	17
3	32
1154	89
1174	149
33	47
1143	22
23	50
3	45
3	26
2	16
1160	46
23	41
1083	66
17	23
3	77
1128	42
16	47
2096	317
17	20
1171	37
22	61
1159	99
23	87
1155	113
22	55
1137	11
26	97
1161	54
1107	195
15	6
1125	85
17	113
3090	399
1074	27
8	59
3	4
2	27
4207	439
8	83
1108	148
2186	203
1083	113
8	30
1064	120
8	58
1072	145
10	27
1074	20
4	96
1112	36
2215	301
4	18
3	65
3	15
1083	48
1113	238
1112	91
3	45
1113	48
3	47
2	17
3	36
1112	69
3	48
1113	79
3	8
3	5
2	29
2113	248
2112	284
1115	155
1112	42
3	123
3187	286
3	10
3	78
1130	40
3	18
1112	179
1113	101
1084	156
2188	225
1133	242
3	8
2	9
1084	26
3	27
2	36
2113	293
3187	326
5	93
1084	33
3	20
3	76
2213	179
3	23
2	32
1112	76
3	44
2	24
3	29
1112	35
3	55
2	46
1112	56
1112	167
3	67
1085	107
1084	123
1088	152
1113	58
3	30
1112	106
3	14
2115	372
1113	64
3	17
2	62
3114	335
5	34
4112	478
7201	916
1172	139
1174	87
1172	181
1170	101
23	19
3	23
3	71
1155	28
1173	253
22	35
1111	9
1091	237
3255	308
1073	229
8	14
1177	123
23	5
1135	88
23	93
1153	61
1115	206
2157	246
2167	303
2326	223
1104	171
2200	217
20	69
1086	58
1106	217
1108	95
3222	390
17	77
2272	194
22	60
1135	173
4149	487
1168	139
1137	184
1123	50
32	34
3	37
1144	79
23	30
3	37
3	27
1152	104
1169	74
23	22
1149	176
1167	146
22	4
3	1
3	23
3	23
10	12
3	10
1147	119
1142	98
21	18
3	22
1093	80
2277	280
22	19
3	82
1085	67
12	59
1167	46
22	54
10	11
3	16
2226	209
17	24
1131	161
17	2
3	33
1115	81
17	73
3253	300
1172	234
22	17
1098	100
16	59
1157	127
1170	77
22	14
3	20
1151	165
22	26
1151	100
1170	88
22	27
1150	203
1111	61
1149	191
17	27
3	32
2292	193
30	66
1143	117
22	69
1148	37
17	68
1156	97
22	21
3	15
2122	287
17	27
2157	239
1167	85
1147	129
23	55
10	35
3	1
1146	130
1169	77
23	127
1149	82
1170	81
22	28
3	87
2238	191
16	52
1158	111
23	46
1133	182
2147	274
1170	66
22	62
1150	42
1170	235
1170	62
22	21
1105	236
2169	233
1169	192
1163	139
1186	32
28	93
5	30
1102	21
21	126
1108	11
16	32
3	35
3	29
1156	46
23	11
1151	195
23	21
3291	357
23	75
3	18
1108	132
23	1
3	21
1081	16
15	24
3	23
3	3
2166	274
20	18
5	35
2299	211
22	38
3254	364
22	10
4	80
1150	132
3157	389
2307	203
22	113
1151	75
1169	143
2170	326
22	1
1152	45
23	14
3	80
3	1
2153	258
1170	142
1169	147
30	14
3	2
1146	70
2306	314
22	20
1150	217
2276	168
29	104
1137	26
1165	222
1169	104
22	30
1136	164
22	15
2206	204
17	2
3	24
3	12
2240	226
17	76
3	2
2276	235
2294	279
1102	148
1118	164
21	50
3149	360
23	40
1150	34
23	78
2153	298
1171	112
23	23
3	42
3	1
1148	79
2173	291
2283	248
1169	226
1169	42
23	19
3	74
1151	105
22	41
1089	55
16	65
1156	100
1175	125
29	1
3283	395
27	40
4	38
1148	101
1171	193
1129	90
1148	173
1168	101
29	13
1143	241
1106	46
2182	354
1169	149
1168	84
23	34
1151	81
1170	175
22	19
1151	163
2265	215
17	89
2223	198
17	18
1172	195
22	14
1081	53
16	44
1156	124
1172	119
1108	170
19	20
3	34
3	39
3150	359
1188	139
1171	124
29	20
1095	84
17	39
1161	209
23	7
1153	37
1147	134
21	43
1164	217
1166	35
30	89
3093	399
1109	87
26	43
1147	109
23	78
1153	32
1109	173
2123	344
1131	101
21	3
2183	212
8	79
1114	167
1122	74
2168	232
8	17
3	44
1146	124
17	27
3	8
1096	46
1094	153
8	31
3	54
2099	223
8	18
1099	64
15	63
1153	144
20	56
1092	93
1138	56
19	18
2186	293
8	60
1168	135
1179	161
1170	58
23	105
1157	65
22	16
3	32
1158	139
30	2
1104	129
23	75
1075	46
8	36
3	52
2	4
3	2
1128	7
1120	149
1088	152
10	110
1100	9
1105	133
1145	143
1145	180
37	8
5	54
2177	181
20	91
1150	59
23	4
3	52
3	50
2	3
1146	67
27	26
1067	87
8	118
1076	22
8	117
1078	24
7	11
3	35
1078	74
7	41
2	2
2	75
1176	104
22	34
1113	21
17	138
1159	72
22	26
3	50
1141	16
1147	245
1165	73
1171	234
1113	91
17	15
3	20
1155	73
23	14
3158	455
22	2
2134	227
1158	205
1182	93
22	53
1153	108
2173	262
22	13
2204	230
16	21
1075	161
1103	94
6	32
3	5
3	50
1117	128
1093	105
7	20
1110	43
26	89
3146	416
1121	67
17	87
1160	35
23	96
1161	155
1170	25
23	50
1154	86
22	131
1151	30
23	100
1116	44
27	103
3	17
1085	20
8	86
3	36
1122	51
2139	344
20	7
1157	129
2308	216
23	20
1121	160
1169	81
27	72
1163	126
22	1
1157	91
22	35
3	7
3	89
1154	28
1108	173
16	49
3	33
1173	49
1128	144
26	63
1087	124
20	33
1082	90
1160	184
1073	117
8	32
2131	206
3131	361
1098	130
8	50
1097	86
7	9
3321	387
22	107
1153	35
1157	196
4078	548
8	28
3	15
1098	38
8	33
3	20
3	32
2	20
2111	233
2209	231
1123	156
16	6
1106	125
23	19
1153	126
2265	236
17	20
3	109
1100	34
8	39
1085	136
8	1
12	2
3	22
1066	48
17	39
1061	102
1169	212
21	45
1152	15
2275	282
22	1
3	36
1159	165
23	19
3	29
1150	57
1169	132
23	33
4	32
1105	111
1150	122
505	32
15	59
1673	188
8	23
1070	174
1104	75
3111	506
1097	33
8	4
3	10
3	23
4194	482
21	35
3076	430
1097	112
23	64
1149	129
1134	63
24	49
4222	467
1079	153
17	61
1158	73
21	72
2084	297
1075	13
1086	175
8	10
13	13
1074	70
1098	157
8	10
3	67
1105	46
8	52
3	51
1063	152
1096	12
1106	161
22	51
3	34
4254	438
23	26
3	82
1148	152
2169	206
21	64
1150	82
1169	144
22	52
3	15
1099	61
17	30
3	48
1075	36
8	44
3	11
3091	393
14	28
3	2
2194	166
21	10
2163	319
20	18
1155	70
22	35
1150	183
1174	82
22	58
1109	92
16	81
1116	73
23	12
1147	125
23	18
3	84
1160	87
22	17
1164	57
20	128
1161	69
1170	112
22	26
3	20
3	60
1121	78
2158	350
2164	218
1134	124
20	65
3157	351
1168	96
1169	179
1169	155
1133	137
1148	164
22	24
2226	216
18	12
1161	160
1172	173
1114	108
17	60
2158	225
1167	183
22	3
1114	36
1145	138
1171	233
1168	95
23	10
1149	179
21	57
1153	97
29	45
1144	58
1168	185
22	40
1162	73
1182	189
1169	66
1100	151
17	11
3	3
3	25
3	48
1161	85
1173	128
29	17
3	7
1125	119
2148	302
1163	146
1123	180
1132	113
22	39
2290	174
24	11
3	108
3	12
1163	28
22	75
1151	56
28	40
3	16
3	11
2143	294
21	19
3151	363
1168	98
22	6
1110	159
20	65
5	5
1156	108
22	65
1149	38
29	99
1089	53
1158	114
19	25
2162	305
1123	147
8197	985
3182	430
22	42
3	22
1150	112
1170	72
22	25
1150	170
29	14
2181	224
19	68
3	18
1094	28
8	34
3	69
1174	85
1168	109
22	72
1148	70
22	111
2079	230
17	24
4116	526
2240	180
1075	161
8	66
3	23
1117	104
1104	126
21	47
1083	22
2179	366
21	1
2234	218
17	21
1053	119
2216	261
28	8
1095	216
1092	127
1178	63
2278	271
20	125
1155	58
22	92
1152	34
22	37
1074	110
16	76
3	13
1094	22
25	87
3	9
1165	120
22	26
1153	87
19	84
1164	22
23	9
3	32
1149	139
22	9
3	81
2241	196
22	82
1090	118
9	5
4	17
2175	195
8	36
3	16
1117	118
27	64
1060	93
1094	161
8	1
3	17
1127	75
17	71
1087	63
23	49
1130	45
1140	135
2170	359
22	2
1074	56
8	45
3	38
3	12
1079	52
1094	245
17	8
1169	106
2178	260
27	53
4	1
1075	50
17	15
1136	109
22	16
3	22
3	25
2221	203
17	7
1155	214
22	14
1114	60
2170	350
1167	81
29	37
1144	195
1170	111
22	39
1150	154
1173	9
1132	199
1142	171
22	53
2291	172
23	2
1149	144
22	4
1150	125
28	119
3	6
3	3
1141	48
22	2
3	78
3	20
1148	75
22	76
1146	115
2175	250
1113	110
2169	312
1169	133
29	34
1141	92
20	44
2226	183
17	43
1171	146
1159	126
22	3
3	54
3	10
3	12
1086	94
1105	89
2308	269
28	40
1140	133
4108	579
16	2
1158	54
22	32
3	67
1148	88
22	49
1149	101
22	32
2152	302
1168	68
23	6
3	4
9	30
3	50
2267	172
23	131
3160	327
17	60
1154	73
3132	428
1145	157
1149	142
1142	89
1135	136
17	67
1136	90
1168	143
22	68
2106	249
16	5
1156	48
22	50
3	59
3	23
1120	77
1171	119
2168	343
1172	54
22	34
3	74
1149	106
22	29
1149	96
22	24
3	18
1110	101
1085	119
1170	146
22	49
1149	47
1171	145
22	13
3	12
3	66
1149	127
22	2
3	18
3	33
1150	10
23	128
1146	54
1171	228
22	19
1149	50
3171	454
23	22
1150	150
1149	141
1148	54
1167	152
1163	198
20	30
3	6
1155	64
22	13
3	18
1143	90
17	39
3	40
1151	122
1144	88
23	10
3	61
9	25
2	25
1138	17
1149	238
1148	64
22	110
3150	331
2257	249
1163	187
1128	114
17	67
3	5
3152	364
1123	63
23	35
1081	109
1113	170
8	39
1110	104
20	70
1086	66
20	39
2231	229
22	100
1105	27
17	3
3	18
1115	102
22	126
1093	9
17	97
1155	62
1173	126
23	130
1145	33
1169	213
1168	77
1130	188
1145	98
22	114
1150	30
1168	199
2170	296
22	28
3	19
3	5
2	1
1146	137
1163	19
1170	264
2107	267
16	11
1156	32
1169	161
21	19
1148	154
23	30
3	9
3	17
1097	59
16	75
2154	231
21	1
1153	75
22	44
3	4
1123	98
17	32
3	32
2	1
1155	99
1170	218
1171	101
23	35
3	23
1147	67
22	29
3	20
1147	67
19	4
3	55
3	1
1154	218
2169	240
23	12
1150	63
29	64
1134	152
1312	78
19	1
3	95
1083	111
1104	55
10	115
1100	137
1134	80
1171	140
28	70
4	1
3	5
1148	51
1163	210
1129	49
20	2
3	42
3	5
2	26
2	20
1084	86
10	79
1101	31
1106	174
1104	171
1178	161
1120	55
17	111
1160	142
1167	86
24	71
3290	320
26	13
4	25
1148	91
20	59
3	29
1156	73
26	59
1150	107
2110	293
27	29
3	24
2287	168
1072	240
1116	77
11	60
1098	52
11	9
5	12
3	19
2212	243
17	55
3	25
1085	90
4270	475
17	60
2179	244
11	29
3	47
1098	32
11	77
3	16
1097	101
1105	126
1178	129
28	49
3	33
2085	245
24	31
1082	92
11	8
1080	122
11	6
4	16
1099	47
11	3
5	18
3	54
1097	188
2274	191
1168	103
27	79
4	8
1085	143
2265	206
1127	227
2173	261
1170	127
1170	180
1124	61
24	24
3	50
1105	99
1109	99
20	11
3	14
3	50
1158	80
28	33
3	55
1149	123
25	33
5153	635
2313	208
25	39
1153	120
25	50
1150	78
27	114
1151	99
26	29
1075	128
1174	138
1181	65
24	8
3	43
2083	321
1136	21
18	40
3226	382
2131	351
1171	44
28	64
4	41
3	2
11	11
3221	329
18	24
3	71
1158	27
25	70
1125	88
23	63
1081	62
10	3
1100	216
1089	85
1107	95
11	29
5	77
9	21
1072	20
10	14
4	94
2265	160
20	46
3	40
2223	228
17	57
1155	99
1170	217
1123	91
21	12
1150	56
32	85
1144	146
25	36
1118	149
3137	339
1168	105
1095	171
11	68
3	9
1169	30
25	85
2225	196
2171	348
26	29
1152	21
34	87
4	7
1071	167
2276	201
23	82
1128	23
2288	287
1078	251
1082	151
1082	13
10	67
3	40
1073	66
1113	101
11	18
2207	284
1113	108
11	41
4	34
1075	84
1112	163
11	1
5	74
3	11
1078	67
10	5
1112	68
11	37
6	2
1102	115
10	3
3138	403
1103	201
10	12
1079	109
1136	98
1100	122
1176	219
1111	175
1174	41
1099	179
11	15
11	1
3	62
1162	19
27	41
4	41
1153	174
1153	42
29	31
3	42
3	1
1149	73
27	15
4	10
1149	147
1083	124
11	29
5	21
3	13
2262	184
25	127
1073	123
1175	79
1169	152
27	27
1148	159
26	32
1105	34
22	71
1075	150
1145	86
20	11
1116	129
2308	260
27	34
4	40
3	45
1151	132
1106	45
19	20
1083	115
4316	551
20	7
3	21
9	24
2100	260
17	16
2096	260
1090	58
11	59
4	23
1170	157
2296	200
3177	405
16	97
1064	77
10	83
1078	49
3084	465
1085	60
10	10
1077	185
3187	301
1084	160
10	65
1105	133
10	7
1075	70
1106	111
11	6
4	124
2074	248
1086	96
10	42
1078	52
11	66
1080	42
10	25
5	84
3	14
1071	107
1098	130
1102	142
1096	57
7	5
4	21
6	80
4173	484
27	31
4	2
1088	71
11	8
2189	233
10	20
1097	150
10	70
1080	70
1103	199
1106	163
1129	34
2170	285
14	63
1095	35
11	26
4	72
1090	76
7	62
1097	58
9	112
2108	224
10	4
1085	55
8	77
1109	138
21	4
2169	220
8	2
2119	320
8	19
3	5
1093	20
8	2
1087	146
8	67
1107	190
2193	155
1105	147
2141	347
1077	52
1055	119
8	44
1170	96
22	125
1130	95
1079	102
8	83
3170	376
1172	35
23	121
3	15
1149	134
17	18
1117	68
23	2
1090	107
20	3
1084	103
21	49
1064	185
1094	109
1165	108
23	5
1090	163
23	59
1082	30
8	15
3	7
3	42
3121	384
1087	102
9	57
2143	187
3190	441
24	78
1157	68
1170	192
2292	227
1104	137
1166	131
1174	230
2203	182
26	15
1051	227
1177	29
22	82
1151	138
2274	211
17	19
3	24
1084	146
8	65
1108	75
1170	87
2182	352
1142	85
23	12
3	21
3	24
2	54
3	4
3250	314
17	34
1154	90
22	112
1086	16
17	23
1085	180
1085	129
8	5
3	67
1123	82
1122	106
17	63
1155	46
22	56
3	14
3	51
2150	254
22	28
2091	240
17	10
1074	134
1127	22
16	41
1106	230
1100	12
8	39
3	16
3	64
1102	15
8	39
1079	204
2208	168
1165	230
1177	77
22	31
3	12
1148	112
1172	124
2170	356
1170	73
22	16
3	6
3	39
2192	239
16	79
2299	183
22	61
1142	126
17	20
3	17
3	15
1062	41
2271	284
1170	214
22	10
1107	72
16	10
3	20
3	76
2281	181
22	83
1107	83
16	71
1098	96
16	51
3095	333
1169	188
21	10
1083	40
10	81
1108	89
21	67
2152	182
8	25
3148	444
17	4
3	4
2225	190
1109	129
17	82
3	10
9	16
3	4
2235	161
1135	170
23	81
1151	49
23	15
3	107
3	2
1101	44
16	4
3	14
3	28
1154	111
1099	100
8	2
3167	479
16	29
1154	88
22	21
3	40
2151	208
3156	401
22	54
2112	233
1105	50
16	81
2157	275
1169	171
1113	60
1074	203
1127	81
3149	434
22	3
3	38
3	11
2128	246
1068	49
8	58
3	48
3	7
1106	87
1125	83
24	92
1125	151
2204	193
13	66
2166	273
1105	38
17	41
3	10
3	68
2215	166
23	8
1151	170
22	81
1098	57
3267	369
22	114
2150	214
1149	99
17	90
1157	38
22	75
1151	177
1111	109
17	25
1153	79
22	85
3	18
1104	41
29	36
2237	212
22	55
3	42
1154	43
22	138
1117	116
2254	175
1147	151
22	94
1153	114
23	7
1150	159
2123	267
1132	96
18	44
1154	163
1117	31
17	72
3	38
1081	32
1184	196
22	57
1095	139
17	8
1148	84
1111	131
16	11
2158	272
1167	127
17	6
1158	168
22	13
1075	65
5	58
2332	223
22	102
1092	38
17	58
3	10
4246	476
3292	410
30	51
3	24
3	45
1102	73
17	39
2180	197
1094	150
1095	206
1115	48
9	9
3	37
3	3
3	59
2	18
1112	85
26	36
3	8
1085	75
1122	138
17	65
1157	101
1124	114
22	9
3	14
1150	109
22	4
3	91
1155	39
22	64
3	20
2293	188
22	48
1151	117
1110	188
1177	99
1162	111
17	30
3	78
3	15
1154	41
22	20
1093	184
1170	68
22	64
10	53
3	14
1144	58
23	57
2152	262
23	37
3293	305
1171	123
22	6
3	47
3	29
3152	393
2308	215
22	27
10	98
3	7
1143	40
1169	197
22	27
1153	36
22	31
3	44
3	9
1151	154
1169	50
23	36
1151	124
23	43
2149	236
22	73
3	5
1150	51
1165	221
17	12
3	10
1136	159
2097	218
1172	173
1126	90
17	8
3	37
3203	313
16	116
9	12
1148	30
1152	157
22	58
1083	106
1133	204
1143	146
1128	82
18	22
3	10
3	4
1112	105
17	21
3	6
1096	111
14	39
1105	80
1165	169
23	25
2105	259
17	24
1156	111
1169	157
21	21
1153	100
1171	99
1168	213
22	47
1122	78
3199	357
2274	297
17	31
3	48
2153	303
1110	21
16	18
3	38
3	51
1157	16
22	142
1150	44
22	28
1153	159
1131	85
16	96
1158	121
22	15
1081	76
21	73
1077	41
8	2
3	45
1077	106
8	55
1099	161
8	17
1110	129
1074	71
1083	181
1088	55
7	85
12	23
1075	9
1086	176
8	11
3154	386
8	32
3	21
1075	49
1083	171
8	28
1080	103
3145	372
8	13
3	13
2	12
2	69
1078	150
3085	382
1084	100
8	29
4183	414
2111	334
2159	227
8	15
5	42
2	5
1101	110
1112	169
1094	104
8	9
3	13
3	33
3203	313
1062	167
1147	105
17	58
3	2
1156	85
22	107
1132	92
17	39
2156	220
22	1
3	11
2133	291
23	9
1145	38
17	50
3	34
1118	163
1144	35
17	38
1123	220
1074	22
8	7
3	84
1109	161
1094	50
8	60
1170	74
23	58
3	15
2151	278
1128	65
23	2
3	108
1082	115
8	8
2108	223
2188	229
8	42
1099	122
8	15
1111	164
1095	50
8	12
3	21
3	4
3	19
1108	92
20	85
1147	121
1170	99
1162	191
17	19
1153	61
1174	165
1093	160
8	28
3	16
3	26
1099	44
8	24
1099	145
8	67
2195	196
14	53
3	24
1102	25
1179	164
23	6
4109	553
1107	200
2105	221
1106	182
1095	19
8	94
3	4
1104	104
1146	99
33	48
1079	103
2094	338
8	6
4222	422
1172	172
22	9
3	12
3	16
3	39
2287	215
22	81
1157	72
22	18
3	75
2087	226
18	27
1052	66
8	48
1078	100
8	33
1078	39
8	61
3	21
1077	67
1084	169
8	53
3	21
1078	104
1084	114
8	23
1080	119
8	51
1078	31
2158	299
2084	329
1115	52
1106	154
18	56
1071	128
8	2
2209	177
17	8
9	8
2152	378
1117	116
17	34
1097	95
1169	183
22	2
1113	34
17	45
3	41
1153	118
3224	353
1105	170
8	10
3	45
1171	123
23	44
2222	185
22	31
3	25
3	26
1126	29
20	45
5	55
1165	118
1128	70
18	23
3	3
3	49
12	7
3	24
1090	78
16	24
3	35
2253	215
2170	303
23	68
3151	346
23	37
1151	41
1168	163
1086	155
1086	86
14	16
3	42
1079	139
7	9
2316	239
2128	319
1182	81
1172	173
22	97
1150	28
22	103
3	13
1138	12
21	17
5	66
1144	150
1135	87
1120	214
1080	157
1075	145
1105	62
8	49
1069	94
1170	185
1146	67
23	53
1149	182
1170	36
23	18
10	46
3	51
3074	333
15	6
1070	135
1102	197
1104	52
5	10
1109	88
8	127
1102	43
9	5
3	20
1067	108
18	54
1088	58
20	107
1086	45
1105	251
2165	198
3262	361
22	116
1076	67
1183	157
22	12
3	18
2264	182
23	31
10	35
3	43
1143	89
22	64
1086	64
20	73
2074	287
1124	27
21	90
3085	383
1144	72
3064	447
1125	162
2104	209
27	22
1082	85
21	36
1091	83
21	62
3	13
3079	404
3182	313
8	115
2201	161
8	102
3	17
1105	18
8	60
5	14
2	5
1166	182
1126	24
17	64
4099	504
16	65
3	8
1104	112
1167	93
22	69
1056	38
8	13
1085	228
1124	51
26	55
2262	188
1146	140
22	1
3	35
1151	137
1162	142
27	58
2089	321
1109	69
1164	175
2078	260
3110	390
2192	206
14	15
3	53
1102	87
1068	126
8	49
3	34
3	10
1181	118
1166	77
22	7
1109	151
1085	160
2199	240
21	49
1087	156
1168	99
22	25
3	29
1148	147
1106	105
16	7
3	34
1060	103
1126	55
2190	322
8	61
3	23
1114	106
2300	223
27	22
5	61
1072	46
8	18
3	21
2	57
3	6
1098	73
4	54
1119	29
1106	200
1148	167
1093	75
20	90
1102	35
1105	231
20	20
1102	28
22	25
3	8
3	72
1067	43
1186	147
22	100
1134	71
1100	178
17	2
3	39
3095	374
21	4
1084	49
2199	290
21	22
1083	153
21	14
1074	42
8	13
3	51
1112	73
1186	176
22	17
3	84
1059	43
8	78
3154	304
7	91
12	22
1077	88
17	26
1096	66
17	66
1073	41
1073	138
16	69
1083	184
2167	161
1090	231
1080	123
7	1
11	7
1078	28
2152	293
16	86
1105	56
21	20
1145	128
3216	410
17	17
3	8
3	6
1085	111
26	21
1069	98
8	77
3	12
3205	290
20	32
1086	117
20	97
1086	82
2303	250
21	106
1151	148
22	3
1051	32
14	3
1166	182
18	73
1100	16
1085	254
1072	106
1081	61
8	15
12	82
1076	98
17	47
2148	149
1079	131
20	44
1087	217
1065	109
1116	167
1094	92
1105	57
1086	138
1109	255
2125	155
8	15
3	27
2150	218
8	52
1065	142
8	46
1081	51
8	18
1077	157
1079	113
8	47
3	6
2	23
1076	78
8	4
2151	208
8	20
3	110
1083	89
8	6
3	15
2177	163
21	131
1056	52
9	68
2194	164
5	96
1081	73
1101	142
1105	102
4	79
1100	51
1104	186
1104	158
6	32
1123	71
21	73
1112	104
17	11
3	18
1101	39
8	29
1091	208
1093	51
8	1
3	8
2	68
1096	114
1104	200
4318	451
22	92
1147	14
22	25
1154	206
23	26
1128	91
22	9
1149	111
2262	260
33	123
1078	47
1125	107
17	27
3	30
1095	188
1103	94
1093	157
8	7
3	30
2238	201
1084	99
24	55
2163	226
8	65
1091	126
1102	131
1110	189
3107	414
2171	147
5	9
3	39
3	7
2	16
3142	418
1043	48
5	39
1101	139
4	58
1101	32
2102	383
1095	29
9	38
1086	85
1089	138
20	80
2177	225
1094	127
1087	127
8	18
3	90
1108	55
21	63
2261	207
17	98
1086	131
2123	261
1086	44
1117	138
20	20
1075	102
8	40
3	10
1108	130
1094	119
8	28
3	18
1109	125
1165	115
22	16
1121	144
24	10
3	52
1127	36
20	130
4277	409
22	31
1057	182
10	50
1095	18
5	95
1130	113
28	24
1123	109
1071	92
2183	320
49	27
1046	38
1103	214
1094	91
1118	114
22	113
1070	24
5	3
3	10
4177	548
8	77
1085	46
2184	278
8	21
8	29
2	43
1165	112
23	16
1108	33
17	57
3	6
20	15
3	48
3154	306
8	15
3	34
1100	66
8	81
1109	62
20	13
1086	217
20	28
1081	31
11	7
1167	152
22	88
1107	34
1170	153
22	5
1055	124
9	14
3	70
2284	180
1130	223
17	39
1093	89
1107	80
9	58
3	16
2160	188
8	40
3	49
1094	120
1103	91
5	4
3	93
1102	74
1105	88
8	2
3182	430
9	43
4101	515
1101	161
2203	171
1120	142
8	50
3	83
1085	10
8	78
2088	267
8	43
2093	248
1106	43
8	51
3	58
1095	99
5	37
2173	172
5	9
3	96
2118	260
1092	101
1101	146
1113	48
1113	131
2094	357
11	7
1098	88
8	33
3	49
1081	19
1115	258
1112	125
14	4
1129	22
1102	135
1070	144
1117	133
20	95
1128	40
1145	152
23	127
2115	202
1099	183
2260	171
1169	226
1141	128
1147	146
23	65
2257	182
22	22
1126	107
1067	163
18	38
1093	58
8	80
2184	205
21	21
1149	191
23	40
5271	555
23	54
1052	103
1108	111
9	36
1103	118
1092	149
2147	259
8	1
3	92
2108	264
1086	33
21	57
1087	104
1092	155
8	16
1095	120
8	23
3	43
3	17
4147	495
1178	85
23	38
3	38
1066	89
3283	355
16	90
1043	120
10	46
2182	222
1103	114
1117	111
17	26
1107	97
16	53
3	24
9	12
1128	59
17	9
3	22
3	56
1083	55
21	64
3	46
2125	188
8	8
3	5
2	30
3	36
1108	142
1166	31
33	94
3	2
3	17
1089	71
17	51
2126	250
1101	82
1125	128
1171	248
2230	146
17	124
2271	185
17	78
1075	44
23	53
3	27
1082	115
1102	152
21	19
1074	67
8	51
3	43
2	14
1066	112
1067	36
1100	133
2150	301
8	72
6	10
1071	26
1097	171
7	16
3	16
2247	205
1110	172
1066	157
17	31
3	9
1089	38
1069	216
1095	125
8	35
1109	37
26	122
1092	11
16	28
3	97
1092	86
2075	283
1102	74
8	3
3	94
1067	58
10	61
2133	226
17	43
1072	29
14	104
3	10
1093	97
8	17
2216	227
1037	103
8	64
3	2
3	32
1123	28
17	117
1077	148
1078	45
1113	114
15	6
1061	188
21	15
3161	337
8	4
3	41
1058	183
1092	64
5	74
1090	33
5	51
3	36
1058	39
5	40
3	35
5	7
3	42
1097	126
1099	51
4	65
1097	54
4	62
2	55
1101	38
5	12
2	28
2	11
2	44
1065	38
6	67
1089	43
1069	154
8	30
3	38
1071	154
2102	259
1095	159
2155	147
8	56
3	29
2	8
3	5
1108	145
1089	87
11	9
3	67
2201	183
21	57
1049	105
1093	129
1099	146
2141	314
1073	31
8	73
1062	76
8	16
3	10
3	1
3090	446
17	1
3	5
1053	101
2155	214
7	15
3	9
2	8
2	45
2092	280
1110	44
21	46
3	40
3228	291
1101	192
2224	260
17	23
3	71
2081	216
8	15
3	8
1106	81
1046	149
1127	171
21	15
1081	115
1103	153
2118	233
17	49
1156	63
23	54
1090	136
1033	56
8	28
3	12
3	20
3	51
1168	54
22	42
1067	95
8	52
1111	126
17	4
9	30
1165	76
17	54
1073	61
8	3
3	60
3	41
1096	116
8	32
3	15
2263	181
21	25
3	26
3	37
1070	40
30	52
2091	258
17	35
4121	513
17	37
3	7
1153	27
22	19
1090	212
2118	221
1079	133
1094	107
21	20
3	57
2042	218
2122	306
21	13
2201	166
17	73
1105	79
17	109
3	6
1105	93
17	21
3	3
3	9
2143	173
9	9
3	4
8	88
1065	97
1094	138
1106	62
17	10
3	32
3	64
2	14
1106	86
17	29
1089	40
1095	183
1102	134
1090	101
30	114
1040	87
1105	117
1164	93
1121	185
17	6
2133	291
2121	266
1074	123
1106	135
1140	195
1145	46
23	61
3216	353
1080	178
3238	351
23	96
2249	184
22	93
1148	94
22	41
3	36
1096	137
1168	63
1121	133
17	21
3	29
3	38
2155	281
1118	56
18	43
1155	170
1123	69
17	25
1128	143
1090	103
2125	355
17	7
2181	178
20	2
3124	454
1068	56
14	67
3	14
3	11
1090	43
8	51
3	2
3269	360
1085	188
1100	138
20	9
1075	134
9	26
1171	86
22	36
3	15
10	1
1144	74
23	46
2183	248
2304	280
22	28
3	15
3	34
1150	111
1167	106
22	59
1113	137
17	43
1090	18
2218	277
17	102
1098	97
1070	117
8	18
3	10
3	1
3	57
1091	82
8	33
3	21
3246	293
1167	173
17	33
10	10
1074	69
9	95
3	20
3178	334
23	70
1075	44
8	76
1110	79
1092	113
8	9
3	49
2173	292
1100	128
8	30
2185	183
8	44
3	42
1098	55
17	92
1156	78
23	34
4169	427
1082	202
4212	467
1072	192
1104	205
1105	84
1170	154
1141	101
1070	106
17	89
1082	145
1169	98
23	69
1148	13
22	2
1074	134
17	90
1089	103
9	15
1072	97
1094	190
14	21
1095	97
1096	71
1072	165
15	90
1098	29
21	101
2176	183
20	92
1079	35
1067	162
9	31
1106	98
3161	398
23	12
3	50
1079	124
1093	104
8	55
1084	77
16	27
1158	201
22	1
1116	118
1097	62
17	33
3	38
1068	122
32	18
1028	44
8	21
3	37
3	27
1102	38
21	27
1080	237
1106	67
1119	102
17	59
3	43
1081	57
8	55
3	36
9	2
1093	38
8	46
1105	137
1089	84
8	67
3	29
1170	125
1066	119
1094	89
1097	165
1093	114
8	32
3	41
1129	90
17	45
1154	127
22	40
3	7
1110	136
1073	50
8	17
1100	103
8	76
3	29
1099	53
8	5
3312	366
21	2
3248	411
17	13
3	62
3	12
1158	96
22	59
3	2
1151	78
21	61
1087	95
1168	112
22	24
3	40
1150	54
22	96
9	9
1140	41
17	10
3	92
1137	105
1147	158
1169	146
22	9
2236	198
17	56
3	54
1115	56
17	21
2159	360
1151	11
22	82
3290	339
22	91
1109	127
1120	115
17	34
1159	79
22	1
3	63
1110	149
2252	208
17	109
1113	24
25	40
3	50
2086	232
21	42
1147	113
2169	250
23	43
1086	95
1109	96
1084	192
16	26
3	16
1084	88
8	31
10	7
1108	65
1176	214
1126	42
17	38
3	17
1155	158
22	42
4112	485
17	24
1083	113
8	18
3	35
1112	131
1094	42
14	20
3	58
1104	48
2122	324
17	15
3	21
1093	82
1095	132
8	39
2128	247
17	57
1082	68
8	64
1131	24
22	83
1094	133
1098	97
9	64
1173	148
22	12
3	13
1147	130
1128	91
1098	140
8	27
3	32
1134	29
17	6
10	35
2147	290
2309	236
21	40
1150	124
1169	189
2130	279
1105	130
14	19
1107	66
1092	125
8	7
3	47
3	54
2	2
9	10
1101	28
2166	356
1169	102
1169	82
22	74
1161	65
1096	197
17	35
3	27
3	4
2093	216
7170	921
22	4
1150	50
21	44
1151	159
22	76
1108	40
16	57
3	18
2136	224
1066	128
1109	87
10	91
2102	277
2231	191
17	6
1140	112
1173	138
1173	152
22	82
1150	120
22	29
2227	203
17	40
1155	105
22	112
2147	243
1153	60
22	55
1112	128
24	51
1152	78
1167	224
3170	418
1143	118
1171	44
22	78
2154	322
22	7
1151	21
21	66
1122	154
17	24
3	28
1157	32
22	26
3	52
1124	138
17	36
1106	68
1181	180
1151	181
1103	107
1106	168
1160	38
1107	213
1104	108
1105	138
27	17
1081	189
20	3
1105	15
16	94
3	15
2190	206
1143	95
1085	143
1104	136
1103	161
17	18
3	6
1156	88
32	39
3	14
1142	167
2308	236
21	97
1150	169
1150	15
1126	256
2100	220
17	44
1158	55
22	11
3	23
3	24
9	6
1101	86
16	3
3	28
2149	262
22	13
3	38
3	21
1085	84
21	8
2148	312
3269	285
21	37
1151	103
22	87
10	17
3	11
1127	35
18	98
3	28
1094	80
16	45
1114	142
1148	117
22	16
3	23
1151	96
22	47
1117	45
26	62
3	14
1147	68
1177	126
23	49
3	64
1125	37
22	68
3	34
1092	110
17	1
1155	174
1129	128
2128	232
17	50
1088	25
8	20
3	49
3	14
1111	78
21	7
2172	289
1102	131
8	84
2170	224
1176	69
3171	471
2247	235
17	65
1066	89
1069	165
1131	114
8	43
1100	153
1110	128
16	6
3	22
1161	45
23	48
3	23
1148	51
22	17
3	106
10	9
3145	366
22	3
1111	48
16	6
3	5
3	105
1155	52
22	21
1149	86
33	18
3	86
1080	56
21	30
1087	89
26	8
3164	429
8	54
3	26
5312	565
22	49
3	3
3	12
2	13
1151	147
1167	69
2255	257
22	57
3	36
3	11
11	37
3139	391
2170	219
1117	135
1131	119
1141	218
17	9
1117	139
1149	27
22	26
3	90
1133	114
1171	95
3289	365
38	19
3	13
3	76
1133	71
2263	256
17	79
1096	157
1103	66
1166	110
22	71
3	13
3234	352
16	44
3	47
1094	77
1108	184
20	9
1088	31
1167	211
22	17
1149	80
23	3
3	35
3	6
1089	148
1146	151
1149	136
22	17
2287	214
23	68
1149	60
22	15
3	60
1149	75
1124	189
1133	91
17	49
3	12
1153	88
3171	450
22	69
1148	98
29	2
2139	298
3169	350
1167	144
1168	89
22	30
3	105
1154	4
23	27
3	28
3	70
7287	830
22	56
3	38
1148	77
1168	98
22	57
3153	443
1113	47
17	48
1099	116
17	67
3	2
1085	39
8	8
3	71
1167	143
23	4
3	18
1091	68
20	9
1152	105
23	131
1106	22
17	8
1090	158
1102	208
1168	150
2240	164
17	40
3	58
3	1
1092	116
26	9
1142	71
22	19
1109	134
16	53
2261	202
21	126
1150	75
22	45
1154	169
1180	82
22	42
2148	279
1097	106
8	10
12	46
1163	98
22	26
1147	38
1151	160
22	1
1161	258
1183	111
22	12
1150	110
22	14
3	17
1149	72
1106	160
23	31
1149	124
1126	112
20	15
5	50
4	15
1148	37
1103	203
1174	112
1112	212
1167	163
1167	64
2178	306
1163	80
23	25
3	68
2285	218
22	27
3	56
2290	212
2307	278
22	82
1115	40
2247	294
16	72
2116	312
1087	43
20	61
1086	44
21	122
1088	87
1103	73
1094	173
8	44
3	14
3	16
1099	82
8	8
3	7
2	9
1169	72
22	83
3	18
1150	90
1127	83
16	63
1159	97
22	58
3	52
3270	299
23	7
3	97
1118	120
20	6
3	8
3	29
2271	168
1149	122
3252	438
17	78
2134	262
1115	123
2229	196
1172	172
22	54
3	19
3	20
2226	210
17	59
1153	61
22	12
12	14
3	77
1140	48
22	48
1153	105
22	61
3	27
1107	77
16	37
1153	155
2254	199
2303	282
17	54
3	24
3	48
2139	227
1128	111
2300	230
18	26
2291	271
1145	218
17	39
3	8
1085	35
8	69
2208	184
21	125
2129	262
1136	56
1173	190
1148	194
1127	13
22	16
3	59
1130	109
1151	111
23	12
3	51
1147	128
1167	89
23	19
9	87
2146	237
1108	121
1171	114
22	65
1134	182
1167	146
2170	258
1168	105
1105	91
17	33
3	17
3	2
3	17
2	18
1153	152
1168	38
23	77
1147	69
23	83
1147	179
4229	409
17	39
3	41
3	22
2	27
1112	14
17	50
3	43
3	8
2248	204
28	101
1145	32
22	60
3	16
3	43
1150	83
1168	209
21	2
1095	35
16	3
3	97
3	7
1106	26
16	18
1155	159
1168	135
1125	129
16	95
2118	205
17	64
2136	206
2261	246
17	6
3	60
3112	378
17	19
3113	394
1096	58
14	13
3	55
1085	77
2273	288
22	32
3	11
1147	76
2168	404
1169	115
2332	191
1161	212
1155	153
20	20
1166	72
2126	327
24	5
1148	106
22	11
3	51
3	1
1135	122
1180	148
2169	275
1170	147
1171	77
30	79
2267	206
2256	270
36	25
6	109
1140	19
3168	449
1169	131
22	16
2151	295
22	42
2290	163
1126	146
17	42
1064	151
1107	120
1170	130
30	56
3	49
1143	14
22	99
1147	139
1166	47
4100	643
2308	169
22	12
3	2
1151	194
1123	208
1147	61
22	31
1099	140
18	24
1133	171
1178	100
2307	229
1173	242
1124	34
17	23
3	34
1140	140
1100	69
8	108
3	26
1153	53
29	1
3	18
3	48
1141	55
21	71
3	4
1155	69
22	89
1085	55
1094	176
8	11
3	12
3	25
1175	106
2238	216
23	4
1148	155
22	75
1159	66
22	74
1140	109
1091	99
17	51
2159	293
1168	83
22	70
1149	99
22	49
1151	106
30	1
3	38
3	30
1103	69
17	49
1161	96
2204	229
1093	145
8	70
3	33
2177	160
2104	328
21	34
2187	203
21	9
1071	104
9	1
3	7
3	38
3	45
3171	359
1175	95
21	29
4	62
1154	156
1109	90
1105	97
20	65
2154	308
27	8
1087	35
8	70
3	2
1116	103
17	62
1096	28
13	9
1170	257
2197	157
1091	197
23	43
2215	183
20	80
12	1
4	1
3	11
3	21
1158	32
1153	143
22	118
1150	50
23	35
3	38
1108	36
17	10
3	26
3	59
2093	289
1168	156
2170	248
22	1
1152	61
23	46
1167	187
1128	84
17	58
1085	81
8	50
3	31
1171	65
22	24
1154	102
2236	294
1080	93
16	20
3	29
1094	203
1061	30
8	89
1108	142
22	14
2173	178
1105	226
1104	110
4306	449
1167	151
29	1
1142	198
22	75
2152	208
1232	134
17	61
2194	190
21	8
1053	114
8	54
1097	132
17	12
1139	117
2221	266
5126	703
1088	106
1105	91
20	18
1130	197
1170	88
1167	143
22	15
1149	228
1173	82
2296	236
1140	227
1129	69
17	32
2232	249
20	79
4	31
4138	478
1084	56
17	47
1100	111
2198	277
17	105
1097	60
1136	97
1091	166
4227	540
17	79
9	8
1134	13
22	37
3	16
2177	263
11	4
3	18
3	46
1108	45
2186	289
11	25
3	83
1097	7
10	1
3	12
9	39
1165	218
1153	106
23	12
1150	135
22	35
1089	20
1106	229
2242	227
22	63
3	6
1133	95
2305	245
22	90
1090	95
1090	140
1108	112
16	65
2050	262
1106	99
1067	71
8	22
3	2
3	5
1061	187
8	9
1077	54
8	38
1077	190
8	12
1107	136
4170	448
1073	101
2215	311
8	62
1077	38
8	74
3244	329
17	73
1073	86
10	9
1111	151
1104	216
1104	18
9	4
3	8
3	110
1092	11
8	44
1105	139
1078	105
8	92
2192	195
8	57
1098	94
8	21
3	59
1170	24
1172	184
1168	196
22	24
1148	45
1166	133
22	11
1125	140
22	82
3	25
3	16
1149	28
22	48
3	65
1150	53
22	30
1148	76
23	13
1150	199
23	63
1149	49
22	45
1149	137
1170	153
2306	213
22	69
3	21
2290	227
1173	190
22	25
3	42
2111	224
1098	82
19	52
1158	132
22	20
2218	221
17	73
3	13
1153	15
23	50
1149	153
30	61
1142	59
22	19
3	9
1110	108
16	27
1084	129
16	1
3	54
1136	109
20	34
1100	128
28	34
1128	78
20	35
10	29
1161	116
20	1
3	46
1157	22
22	55
1147	99
23	82
1149	74
1169	126
22	6
3	46
3286	362
22	7
10	16
1147	165
1169	164
3124	387
18	25
1087	79
11	37
3	65
2175	266
2234	173
1129	170
18	76
2090	252
2206	180
13	15
3	60
1169	125
22	43
3	13
1105	67
16	12
3	7
3	60
1157	92
1136	124
1168	203
1119	34
18	49
2220	230
25	47
3	5
3	35
1164	95
2211	268
3256	402
22	95
1152	154
1112	62
21	37
1073	80
8	47
3	45
2151	245
1085	79
21	47
1085	86
21	67
1088	56
1149	119
1146	252
1166	167
3135	341
20	53
1108	30
16	36
1113	144
17	39
1094	45
21	41
1084	175
1106	79
1140	248
21	6
1154	62
22	68
2275	175
2179	294
21	78
2078	258
8	9
3	16
1170	45
23	18
3	43
1153	152
1169	97
22	69
3	24
5262	534
22	24
1150	204
1171	154
1168	103
22	61
2264	200
29	66
3	33
1139	24
22	33
1155	153
1128	152
17	39
3	40
1155	139
2166	273
22	6
1159	84
2167	333
1169	111
1168	46
2272	306
22	69
1166	55
1140	154
17	5
1155	170
22	13
3	73
1080	84
17	41
1158	50
22	18
3	94
1063	15
11	43
3	46
2	21
2	7
1113	27
19	109
2158	213
22	12
2285	211
22	123
1164	126
20	13
3	14
1155	12
29	27
1144	223
22	39
1159	7
22	28
2239	288
22	3
1105	210
1129	52
22	45
1160	139
2315	264
22	40
1097	178
4214	452
16	34
3158	398
1149	112
1167	153
22	51
1151	141
23	35
3	16
1132	32
22	94
1146	132
22	28
1148	16
29	39
3	11
3	69
3	5
2144	265
2249	182
22	29
3	62
1122	77
1119	224
1122	83
20	69
1155	16
22	55
3	44
1107	41
17	2
1093	235
1094	35
8	10
3	9
3	88
3	8
1176	100
1126	79
19	102
2215	164
2272	318
3171	446
1165	76
22	50
3	18
1153	122
23	47
3	5
3159	354
1168	132
22	67
1149	92
1167	97
1171	146
22	50
4	15
9	30
1129	145
1102	36
22	8
3	120
2152	209
1097	159
8	42
1171	25
22	39
1155	103
23	53
3	9
3	9
1156	69
1110	151
1147	212
1126	54
17	94
3	22
1093	50
1166	185
4226	468
17	74
3	1
1138	148
1134	163
2167	191
8	31
9	13
3	49
1104	91
1132	103
20	52
2156	255
22	41
1105	38
16	17
3	95
1161	111
1111	169
17	22
1138	81
1102	130
5	3
1120	112
1166	152
3263	387
17	28
3	32
3	36
2	3
3	14
1094	35
1104	173
20	71
2127	253
1106	62
26	44
1072	66
16	58
3	61
1096	93
20	49
2286	150
21	73
3	5
1149	77
23	92
1149	88
1168	123
22	9
1147	218
23	22
1148	75
1168	90
22	124
1150	134
1169	105
1165	83
23	45
1152	147
23	35
3	41
2286	204
22	57
1149	48
23	13
3	21
1105	144
16	73
1102	150
1128	145
2299	187
22	27
3	84
3	5
1078	82
2187	297
23	1
2124	267
1102	63
17	17
3	38
3	10
3	3
1112	116
17	24
3	33
1114	95
1125	96
1157	109
21	112
2128	272
2264	206
1148	176
22	2
3	48
1087	151
1091	13
16	103
1059	50
2128	292
8	32
3	2
2067	302
1074	21
1076	162
8	21
11	21
1060	119
8	4
3	5
1068	109
1057	113
11	4
5	23
4	8
2104	316
1164	53
22	57
1151	136
2303	247
1168	176
1169	213
1169	143
1169	59
22	86
1154	33
22	65
1153	89
22	22
3	19
3	35
2	26
1086	101
27	52
1074	19
12	54
3	59
1168	53
1168	129
1167	136
1172	141
22	30
3	19
1147	154
22	15
1154	155
23	52
1144	44
22	5
1152	116
22	34
3	62
1146	77
22	87
1148	111
1177	110
1169	194
1165	77
22	38
1155	157
1147	82
22	6
3	43
3149	434
22	29
2149	217
22	64
1149	157
2306	167
22	46
3	22
1148	85
1168	233
23	10
1087	145
1174	156
2310	194
29	93
3144	385
1167	66
22	41
1148	106
22	87
1147	158
1089	58
3102	432
3309	317
22	38
3	26
3	2
5285	622
1135	178
21	48
1149	97
1168	187
33	7
3138	361
1099	91
22	17
3	53
3	56
1151	24
22	33
1151	228
1168	153
1168	103
1166	101
