0	325
449	325
27	325
19	325
18	325
17	325
17	325
17	325
17	325
24	325
26	325
27	325
25	325
26	325
19	325
93	325
68	325
101	325
67	325
102	325
52	325
115	325
121	325
88	325
76	325
80	325
77	325
77	325
79	325
88	325
80	325
77	325
89	325
77	325
149	325
76	325
79	325
74	325
86	325
83	325
88	325
101	325
89	325
83	325
80	325
94	325
127	325
263	325
86	325
79	325
74	325
78	325
75	325
87	325
136	325
85	325
73	325
78	325
74	325
87	325
75	325
121	325
81	325
85	325
90	325
83	325
138	325
72	325
74	325
73	325
76	325
72	325
77	325
74	325
76	325
73	325
88	325
73	325
148	325
74	325
76	325
73	325
77	325
83	325
76	325
73	325
98	325
84	325
79	325
72	325
219	325
100	325
76	325
89	325
76	325
84	325
86	325
78	325
76	325
75	325
133	325
90	325
74	325
76	325
72	325
76	325
72	325
77	325
80	325
84	325
79	325
77	325
137	325
80	325
73	325
75	325
75	325
72	325
87	325
73	325
75	325
96	325
86	325
74	325
142	325
111	325
88	325
140	325
77	325
49	325
49	325
48	325
57	325
46	325
49	325
51	325
48	325
55	325
84	325
84	325
85	325
59	325
55	325
57	325
65	325
50	325
47	325
50	325
47	325
51	325
48	325
50	325
48	325
50	325
49	325
111	325
52	325
50	325
55	325
46	325
44	325
46	325
43	325
46	325
44	325
46	325
46	325
44	325
46	325
43	325
67	325
63	325
47	325
45	325
72	325
75	325
58	325
42	325
44	325
43	325
45	325
42	325
44	325
41	325
44	325
41	325
43	325
42	325
43	325
89	325
219	325
36	325
27	325
17	325
19	325
47	325
40	325
50	325
41	325
49	325
40	325
42	325
39	325
42	325
40	325
44	325
39	325
47	325
49	325
49	325
42	325
41	325
49	325
39	325
37	325
67	325
72	325
42	325
41	325
47	325
40	325
38	325
40	325
38	325
40	325
37	325
39	325
37	325
39	325
37	325
40	325
39	325
39	325
38	325
39	325
37	325
43	325
37	325
93	325
54	325
43	325
40	325
37	325
41	325
37	325
39	325
38	325
64	325
37	325
39	325
38	325
40	325
37	325
129	325
58	325
82	325
94	325
37	325
69	325
47	325
42	325
41	325
41	325
39	325
42	325
38	325
41	325
38	325
42	325
38	325
43	325
44	325
42	325
65	325
42	325
38	325
39	325
38	325
60	325
47	325
60	325
56	325
39	325
40	325
40	325
45	325
43	325
45	325
39	325
41	325
39	325
42	325
39	325
42	325
49	325
45	325
42	325
45	325
40	325
43	325
41	325
45	325
86	325
46	325
40	325
42	325
39	325
42	325
42	325
40	325
42	325
40	325
44	325
41	325
42	325
40	325
41	325
66	325
45	325
48	325
55	325
47	325
38	325
62	325
61	325
38	325
37	325
36	325
38	325
36	325
37	325
35	325
38	325
38	325
35	325
37	325
35	325
38	325
36	325
38	325
35	325
38	325
35	325
51	325
36	325
37	325
35	325
37	325
61	325
79	325
41	325
36	325
36	325
37	325
50	325
48	325
34	325
43	325
37	325
37	325
36	325
33	325
36	325
35	325
37	325
40	325
36	325
34	325
38	325
33	325
35	325
34	325
36	325
58	325
60	325
47	325
35	325
32	325
37	325
33	325
38	325
146	325
50	325
62	325
58	325
21	325
47	325
37	325
33	325
37	325
34	325
46	325
34	325
37	325
62	325
58	325
36	325
39	325
31	325
35	325
33	325
44	325
33	325
34	325
32	325
34	325
32	325
34	325
34	325
33	325
34	325
44	325
45	325
33	325
34	325
31	325
34	325
32	325
40	325
33	325
33	325
61	325
55	325
35	325
35	325
32	325
34	325
31	325
52	325
36	325
37	325
34	325
37	325
36	325
35	325
36	325
34	325
37	325
34	325
38	325
34	325
37	325
34	325
38	325
34	325
40	325
34	325
64	325
55	325
41	325
36	325
45	325
34	325
37	325
34	325
36	325
34	325
37	325
36	325
35	325
38	325
33	325
37	325
34	325
38	325
36	325
37	325
33	325
37	325
34	325
36	325
34	325
37	325
60	325
58	325
39	325
36	325
34	325
37	325
34	325
37	325
34	325
36	325
37	325
34	325
39	325
34	325
37	325
34	325
37	325
36	325
46	325
34	325
37	325
34	325
36	325
34	325
36	325
34	325
63	325
56	325
41	325
34	325
36	325
34	325
39	325
38	325
34	325
36	325
59	325
38	325
139	325
45	325
32	325
34	325
31	325
35	325
31	325
32	325
31	325
33	325
30	325
33	325
87	325
37	325
31	325
34	325
32	325
33	325
32	325
31	325
34	325
29	325
32	325
30	325
33	325
30	325
33	325
30	325
32	325
30	325
33	325
30	325
33	325
34	325
33	325
30	325
32	325
32	325
33	325
32	325
43	325
92	325
39	325
34	325
30	325
33	325
31	325
32	325
30	325
32	325
30	325
32	325
31	325
32	325
32	325
33	325
31	325
32	325
37	325
33	325
35	325
48	325
31	325
44	325
30	325
45	325
34	325
30	325
61	325
45	325
36	325
31	325
32	325
30	325
32	325
31	325
34	325
41	325
35	325
31	325
33	325
30	325
32	325
30	325
32	325
30	325
34	325
47	325
33	325
29	325
32	325
32	325
29	325
32	325
29	325
32	325
29	325
58	325
52	325
35	325
29	325
32	325
30	325
31	325
30	325
32	325
30	325
32	325
29	325
32	325
29	325
32	325
30	325
32	325
31	325
31	325
31	325
29	325
32	325
29	325
33	325
31	325
33	325
30	325
32	325
29	325
32	325
55	325
103	325
35	325
32	325
31	325
47	325
31	325
32	325
38	325
31	325
29	325
31	325
28	325
31	325
48	325
32	325
31	325
29	325
31	325
28	325
30	325
28	325
31	325
28	325
31	325
28	325
31	325
27	325
55	325
50	325
35	325
28	325
30	325
27	325
30	325
31	325
32	325
29	325
30	325
30	325
28	325
31	325
27	325
31	325
27	325
30	325
37	325
42	325
30	325
30	325
28	325
30	325
27	325
30	325
28	325
30	325
27	325
32	325
27	325
53	325
45	325
31	325
31	325
30	325
32	325
28	325
32	325
28	325
30	325
27	325
30	325
27	325
29	325
27	325
30	325
28	325
32	325
27	325
30	325
27	325
30	325
46	325
40	325
30	325
30	325
27	325
30	325
28	325
30	325
30	325
28	325
56	325
50	325
34	325
28	325
30	325
28	325
30	325
27	325
31	325
37	325
31	325
37	325
30	325
27	325
30	325
27	325
33	325
27	325
30	325
28	325
30	325
27	325
30	325
30	325
28	325
30	325
28	325
30	325
28	325
30	325
27	325
54	325
50	325
30	325
31	325
30	325
34	325
31	325
32	325
31	325
28	325
31	325
27	325
30	325
27	325
30	325
28	325
32	325
30	325
27	325
31	325
28	325
30	325
27	325
30	325
27	325
29	325
28	325
30	325
27	325
30	325
27	325
30	325
51	325
53	325
29	325
33	325
28	325
30	325
28	325
30	325
28	325
30	325
30	325
27	325
30	325
28	325
30	325
28	325
30	325
27	325
29	325
28	325
30	325
28	325
30	325
27	325
30	325
32	325
30	325
28	325
30	325
29	325
30	325
27	325
53	325
51	325
30	325
33	325
28	325
30	325
27	325
30	325
27	325
30	325
27	325
30	325
27	325
30	325
27	325
30	325
28	325
30	325
29	325
30	325
28	325
30	325
33	325
39	325
27	325
29	325
29	325
27	325
31	325
27	325
30	325
27	325
53	325
47	325
31	325
31	325
29	325
27	325
30	325
27	325
29	325
27	325
30	325
27	325
28	325
27	325
29	325
27	325
30	325
27	325
30	325
29	325
26	325
30	325
26	325
29	325
29	325
29	325
27	325
29	325
29	325
30	325
27	325
29	325
27	325
52	325
48	325
30	325
55	325
58	325
32	325
49	325
59	325
20	325
59	325
21	325
30	325
28	325
31	325
30	325
30	325
30	325
31	325
52	325
34	325
29	325
31	325
28	325
31	325
28	325
31	325
28	325
55	325
50	325
37	325
570	325
23	325
21	325
15	325
16	325
13	325
13	325
13	325
28	325
28	325
32	325
29	325
30	325
28	325
87	325
32	325
37	325
31	325
33	325
30	325
34	325
31	325
32	325
30	325
33	325
30	325
33	325
33	325
30	325
33	325
30	325
33	325
30	325
32	325
39	325
31	325
29	325
33	325
30	325
32	325
31	325
33	325
30	325
59	325
56	325
31	325
28	325
30	325
29	325
31	325
29	325
31	325
30	325
28	325
31	325
28	325
30	325
29	325
31	325
28	325
32	325
28	325
31	325
30	325
36	325
29	325
31	325
28	325
32	325
28	325
30	325
28	325
31	325
28	325
53	325
53	325
34	325
29	325
31	325
27	325
38	325
20	325
24	325
23	325
23	325
21	325
23	325
23	325
23	325
22	325
21	325
21	325
20	325
20	325
23	325
20	325
20	325
20	325
20	325
30	325
22	325
20	325
25	325
22	325
22	325
30	325
20	325
23	325
22	325
21	325
20	325
20	325
20	325
21	325
23	325
81	325
21	325
25	325
20	325
20	325
21	325
20	325
20	325
20	325
21	325
20	325
19	325
19	325
23	325
15	325
23	325
21	325
21	325
22	325
38	325
16	325
14	325
13	325
13	325
13	325
14	325
14	325
13	325
13	325
13	325
13	325
26	325
17	325
14	325
14	325
13	325
13	325
14	325
14	325
14	325
13	325
14	325
14	325
13	325
14	325
14	325
13	325
15	325
14	325
14	325
24	325
14	325
13	325
41	325
35	325
14	325
17	325
17	325
13	325
15	325
13	325
13	325
13	325
13	325
13	325
15	325
13	325
14	325
14	325
13	325
15	325
13	325
14	325
13	325
14	325
13	325
13	325
13	325
14	325
14	325
13	325
14	325
14	325
13	325
14	325
13	325
14	325
13	325
13	325
13	325
14	325
13	325
14	325
15	325
14	325
14	325
13	325
13	325
19	325
14	325
14	325
13	325
14	325
13	325
14	325
14	325
14	325
13	325
13	325
15	325
14	325
15	325
13	325
14	325
13	325
13	325
13	325
92	325
57	325
40	325
14	325
13	325
23	325
24	325
13	325
14	325
14	325
13	325
13	325
10	325
15	325
11	325
14	325
14	325
12	325
12	325
15	325
13	325
12	325
14	325
11	325
15	325
11	325
15	325
11	325
15	325
11	325
493	325
16	325
28	325
13	325
17	325
12	325
14	325
14	325
13	325
13	325
14	325
13	325
13	325
14	325
12	325
15	325
15	325
14	325
14	325
14	325
15	325
14	325
14	325
14	325
14	325
14	325
12	325
14	325
14	325
14	325
576	325
32	325
11	325
16	325
16	325
15	325
14	325
13	325
15	325
14	325
15	325
13	325
13	325
13	325
14	325
15	325
14	325
14	325
14	325
11	325
15	325
14	325
14	325
14	325
13	325
14	325
13	325
15	325
15	325
14	325
604	325
16	325
26	325
14	325
14	325
14	325
11	325
15	325
14	325
14	325
14	325
15	325
14	325
14	325
15	325
12	325
14	325
14	325
15	325
14	325
14	325
14	325
11	325
15	325
15	325
14	325
15	325
14	325
14	325
14	325
562	325
14	325
25	325
14	325
13	325
14	325
23	325
13	325
18	325
18	325
9	325
13	325
13	325
14	325
11	325
16	325
14	325
13	325
24	325
13	325
13	325
13	325
13	325
13	325
13	325
14	325
13	325
13	325
13	325
13	325
553	325
17	325
31	325
14	325
16	325
13	325
13	325
22	325
14	325
14	325
14	325
14	325
14	325
15	325
14	325
14	325
14	325
18	325
22	325
22	325
21	325
15	325
14	325
14	325
16	325
14	325
14	325
14	325
14	325
14	325
526	325
17	325
22	325
14	325
14	325
13	325
15	325
13	325
15	325
14	325
14	325
16	325
14	325
13	325
14	325
14	325
14	325
14	325
14	325
14	325
14	325
13	325
14	325
14	325
14	325
14	325
14	325
13	325
14	325
14	325
571	325
18	325
25	325
15	325
14	325
14	325
14	325
14	325
14	325
14	325
14	325
14	325
14	325
14	325
13	325
14	325
14	325
14	325
15	325
14	325
14	325
14	325
14	325
14	325
14	325
14	325
13	325
14	325
14	325
15	325
565	325
18	325
23	325
14	325
14	325
14	325
14	325
14	325
15	325
14	325
14	325
14	325
14	325
14	325
14	325
14	325
14	325
14	325
14	325
14	325
14	325
13	325
14	325
13	325
13	325
13	325
14	325
14	325
14	325
14	325
555	325
16	325
14	325
19	325
14	325
14	325
14	325
13	325
14	325
14	325
14	325
14	325
14	325
13	325
14	325
14	325
14	325
13	325
15	325
14	325
14	325
13	325
13	325
13	325
14	325
16	325
15	325
15	325
13	325
15	325
571	325
15	325
14	325
17	325
14	325
15	325
13	325
14	325
14	325
14	325
14	325
13	325
14	325
14	325
14	325
14	325
15	325
13	325
14	325
14	325
14	325
13	325
14	325
14	325
14	325
14	325
14	325
14	325
14	325
13	325
582	325
15	325
14	325
18	325
14	325
14	325
14	325
14	325
14	325
14	325
14	325
13	325
14	325
14	325
14	325
14	325
14	325
14	325
14	325
13	325
14	325
15	325
14	325
13	325
14	325
14	325
14	325
14	325
14	325
14	325
581	325
15	325
15	325
17	325
14	325
14	325
14	325
14	325
14	325
14	325
13	325
13	325
13	325
14	325
14	325
13	325
13	325
13	325
13	325
14	325
14	325
14	325
17	325
14	325
31	325
19	325
16	325
16	325
14	325
14	325
564	325
18	325
19	325
14	325
13	325
14	325
14	325
14	325
14	325
14	325
14	325
15	325
14	325
14	325
14	325
14	325
14	325
14	325
15	325
14	325
14	325
13	325
14	325
13	325
14	325
13	325
14	325
14	325
15	325
14	325
571	325
17	325
19	325
14	325
15	325
14	325
14	325
14	325
15	325
14	325
14	325
14	325
14	325
14	325
14	325
14	325
14	325
14	325
14	325
13	325
14	325
14	325
14	325
14	325
14	325
13	325
13	325
14	325
14	325
14	325
574	325
18	325
18	325
15	325
14	325
14	325
14	325
14	325
14	325
14	325
14	325
14	325
14	325
13	325
14	325
14	325
13	325
14	325
14	325
14	325
14	325
14	325
14	325
14	325
14	325
14	325
15	325
14	325
13	325
14	325
574	325
18	325
19	325
14	325
18	325
14	325
13	325
15	325
15	325
14	325
14	325
14	325
14	325
14	325
14	325
14	325
14	325
14	325
14	325
13	325
14	325
14	325
14	325
13	325
16	325
14	325
15	325
14	325
14	325
14	325
562	325
18	325
21	325
15	325
14	325
38	325
24	325
21	325
23	325
23	325
24	325
25	325
24	325
24	325
25	325
25	325
24	325
24	325
25	325
24	325
24	325
24	325
24	325
37	325
28	325
18	325
21	325
22	325
21	325
20	325
316	325
31	325
21	325
22	325
21	325
22	325
20	325
21	325
21	325
20	325
21	325
20	325
22	325
21	325
28	325
20	325
19	325
42	325
21	325
20	325
20	325
20	325
20	325
19	325
20	325
19	325
20	325
19	325
21	325
20	325
357	325
26	325
31	325
15	325
13	325
16	325
13	325
15	325
14	325
10	325
14	325
14	325
11	325
13	325
10	325
14	325
12	325
14	325
15	325
14	325
14	325
14	325
14	325
13	325
14	325
12	325
13	325
12	325
13	325
13	325
562	325
34	325
22	325
7	325
7	325
7	325
8	325
11	325
14	325
12	325
13	325
13	325
13	325
14	325
14	325
12	325
14	325
14	325
14	325
14	325
14	325
14	325
14	325
14	325
12	325
13	325
14	325
13	325
14	325
15	325
597	325
16	325
19	325
13	325
13	325
13	325
13	325
13	325
20	325
14	325
17	325
13	325
13	325
13	325
13	325
13	325
13	325
13	325
13	325
13	325
13	325
13	325
13	325
13	325
13	325
22	325
20	325
20	325
23	325
15	325
2135	325
18	325
70	325
16	325
14	325
14	325
14	325
13	325
14	325
14	325
14	325
13	325
13	325
13	325
13	325
13	325
14	325
14	325
13	325
14	325
36	325
14	325
34	325
14	325
14	325
18	325
14	325
15	325
14	325
13	325
13	325
13	325
14	325
14	325
14	325
14	325
14	325
14	325
13	325
14	325
13	325
14	325
13	325
14	325
13	325
14	325
13	325
14	325
14	325
13	325
21	325
13	325
13	325
13	325
13	325
13	325
13	325
13	325
13	325
13	325
13	325
13	325
13	325
13	325
13	325
13	325
13	325
13	325
13	325
13	325
13	325
13	325
13	325
13	325
13	325
13	325
13	325
13	325
13	325
13	325
13	325
13	325
12	325
12	325
13	325
12	325
13	325
14	325
33	325
14	325
33	325
13	325
13	325
20	325
14	325
13	325
13	325
18	325
14	325
13	325
12	325
13	325
13	325
13	325
13	325
16	325
588	325
11	325
15	325
12	325
13	325
13	325
13	325
12	325
13	325
13	325
36	325
14	325
31	325
13	325
13	325
17	325
13	325
12	325
12	325
12	325
13	325
13	325
13	325
12	325
12	325
12	325
13	325
13	325
14	325
13	325
13	325
13	325
13	325
12	325
12	325
13	325
13	325
13	325
12	325
12	325
13	325
13	325
12	325
13	325
587	325
16	325
20	325
13	325
14	325
13	325
13	325
13	325
13	325
12	325
13	325
12	325
14	325
12	325
13	325
13	325
13	325
12	325
13	325
12	325
12	325
12	325
13	325
13	325
13	325
12	325
12	325
12	325
12	325
12	325
605	325
17	325
22	325
15	325
14	325
14	325
14	325
14	325
14	325
14	325
14	325
13	325
14	325
14	325
14	325
13	325
17	325
14	325
14	325
14	325
14	325
13	325
13	325
13	325
13	325
14	325
14	325
14	325
14	325
13	325
580	325
18	325
21	325
14	325
14	325
14	325
14	325
14	325
14	325
14	325
13	325
13	325
13	325
14	325
13	325
14	325
13	325
13	325
14	325
13	325
14	325
14	325
13	325
14	325
17	325
14	325
14	325
18	325
14	325
13	325
557	325
18	325
21	325
14	325
14	325
13	325
14	325
14	325
14	325
14	325
13	325
13	325
14	325
13	325
13	325
13	325
14	325
14	325
14	325
13	325
14	325
13	325
14	325
14	325
15	325
13	325
14	325
13	325
14	325
13	325
582	325
18	325
22	325
15	325
15	325
14	325
13	325
13	325
13	325
14	325
14	325
14	325
14	325
13	325
13	325
14	325
13	325
14	325
14	325
14	325
14	325
15	325
14	325
13	325
14	325
14	325
14	325
14	325
13	325
14	325
576	325
18	325
23	325
14	325
13	325
14	325
13	325
14	325
14	325
14	325
13	325
13	325
13	325
13	325
13	325
14	325
13	325
13	325
13	325
13	325
14	325
13	325
14	325
14	325
15	325
14	325
14	325
13	325
13	325
14	325
575	325
18	325
21	325
14	325
14	325
14	325
13	325
13	325
13	325
13	325
13	325
13	325
14	325
14	325
14	325
14	325
13	325
13	325
13	325
14	325
14	325
13	325
14	325
14	325
14	325
13	325
17	325
14	325
15	325
14	325
573	325
18	325
21	325
14	325
14	325
13	325
14	325
14	325
14	325
17	325
15	325
14	325
14	325
13	325
13	325
14	325
14	325
13	325
14	325
13	325
14	325
13	325
21	325
6	325
16	325
14	325
15	325
15	325
14	325
13	325
556	325
18	325
10	325
9	325
16	325
11	325
14	325
12	325
14	325
14	325
13	325
15	325
15	325
13	325
15	325
11	325
15	325
13	325
14	325
13	325
15	325
13	325
14	325
15	325
15	325
15	325
14	325
14	325
15	325
14	325
597	325
15	325
8	325
14	325
14	325
14	325
13	325
16	325
13	325
12	325
14	325
12	325
12	325
14	325
11	325
14	325
14	325
14	325
14	325
14	325
13	325
13	325
14	325
11	325
14	325
12	325
13	325
12	325
13	325
13	325
601	325
18	325
9	325
8	325
20	325
13	325
13	325
12	325
14	325
12	325
13	325
14	325
15	325
12	325
13	325
13	325
13	325
14	325
15	325
14	325
13	325
14	325
14	325
12	325
13	325
14	325
14	325
11	325
14	325
12	325
597	325
13	325
11	325
19	325
15	325
13	325
12	325
13	325
11	325
14	325
21	325
14	325
17	325
15	325
9	325
15	325
12	325
14	325
14	325
13	325
13	325
12	325
14	325
14	325
13	325
12	325
14	325
13	325
12	325
13	325
603	325
16	325
20	325
15	325
15	325
13	325
14	325
12	325
16	325
13	325
14	325
12	325
11	325
16	325
23	325
13	325
5	325
11	325
12	325
13	325
13	325
13	325
13	325
13	325
14	325
12	325
13	325
12	325
13	325
13	325
591	325
17	325
22	325
14	325
14	325
14	325
15	325
13	325
14	325
14	325
14	325
13	325
13	325
13	325
14	325
14	325
13	325
14	325
13	325
13	325
13	325
13	325
13	325
14	325
13	325
13	325
14	325
13	325
13	325
13	325
565	325
15	325
14	325
17	325
15	325
13	325
14	325
14	325
13	325
14	325
14	325
13	325
14	325
13	325
14	325
13	325
13	325
14	325
13	325
13	325
13	325
13	325
13	325
13	325
14	325
13	325
13	325
14	325
13	325
13	325
605	325
17	325
19	325
14	325
14	325
14	325
14	325
14	325
14	325
14	325
14	325
13	325
14	325
14	325
14	325
13	325
13	325
14	325
14	325
14	325
13	325
14	325
13	325
13	325
13	325
13	325
14	325
14	325
14	325
13	325
578	325
18	325
20	325
14	325
15	325
14	325
14	325
14	325
15	325
14	325
14	325
13	325
17	325
14	325
14	325
13	325
13	325
15	325
14	325
13	325
14	325
14	325
14	325
13	325
14	325
14	325
14	325
14	325
14	325
16	325
567	325
20	325
22	325
14	325
14	325
14	325
15	325
13	325
13	325
14	325
14	325
14	325
14	325
13	325
13	325
13	325
13	325
13	325
14	325
13	325
13	325
13	325
14	325
13	325
14	325
13	325
14	325
13	325
13	325
13	325
572	325
18	325
22	325
15	325
14	325
14	325
14	325
15	325
14	325
14	325
15	325
14	325
14	325
14	325
14	325
14	325
14	325
13	325
14	325
13	325
14	325
14	325
14	325
13	325
14	325
14	325
14	325
14	325
14	325
13	325
558	325
16	325
14	325
17	325
14	325
14	325
13	325
14	325
14	325
14	325
13	325
13	325
14	325
14	325
14	325
14	325
14	325
13	325
14	325
14	325
13	325
13	325
14	325
13	325
14	325
13	325
32	325
24	325
29	325
22	325
556	325
29	325
21	325
20	325
19	325
20	325
20	325
19	325
21	325
22	325
20	325
19	325
19	325
19	325
20	325
20	325
20	325
21	325
21	325
20	325
20	325
19	325
22	325
19	325
20	325
22	325
22	325
21	325
21	325
28	325
377	325
28	325
23	325
20	325
20	325
19	325
20	325
19	325
38	325
19	325
20	325
20	325
21	325
20	325
21	325
20	325
21	325
20	325
21	325
20	325
21	325
21	325
21	325
20	325
20	325
21	325
21	325
20	325
20	325
18	325
375	325
23	325
25	325
19	325
19	325
18	325
21	325
20	325
20	325
20	325
20	325
19	325
19	325
20	325
19	325
19	325
21	325
20	325
22	325
21	325
20	325
21	325
20	325
21	325
22	325
22	325
21	325
19	325
20	325
20	325
392	325
23	325
25	325
18	325
19	325
19	325
21	325
19	325
19	325
19	325
19	325
19	325
19	325
18	325
20	325
18	325
18	325
18	325
18	325
18	325
18	325
18	325
19	325
19	325
20	325
19	325
19	325
19	325
32	325
21	325
424	325
29	325
20	325
23	325
19	325
20	325
19	325
21	325
20	325
19	325
19	325
18	325
20	325
20	325
19	325
18	325
27	325
8	325
38	325
19	325
19	325
18	325
18	325
17	325
18	325
18	325
18	325
18	325
18	325
23	325
376	325
23	325
26	325
21	325
19	325
18	325
19	325
18	325
18	325
19	325
20	325
21	325
20	325
19	325
26	325
21	325
18	325
13	325
13	325
13	325
12	325
12	325
13	325
12	325
12	325
12	325
12	325
13	325
12	325
12	325
508	325
19	325
16	325
13	325
13	325
13	325
13	325
13	325
14	325
27	325
25	325
41	325
6	325
7	325
19	325
7	325
15	325
15	325
23	325
20	325
23	325
22	325
23	325
22	325
24	325
24	325
23	325
23	325
23	325
22	325
444	325
20	325
38	325
11	325
11	325
19	325
19	325
19	325
20	325
20	325
21	325
19	325
19	325
19	325
17	325
17	325
20	325
20	325
22	325
20	325
21	325
20	325
19	325
19	325
20	325
21	325
20	325
20	325
20	325
19	325
411	325
33	325
21	325
18	325
20	325
19	325
20	325
19	325
19	325
18	325
18	325
18	325
5840	325
52	325
19	325
25	325
6	325
11	325
5	325
8	325
6	325
5	325
7	325
6	325
6	325
5	325
5	325
6	325
6	325
8	325
6	325
6	325
7	325
5	325
7	325
7	325
5	325
6	325
5	325
6	325
9	325
6	325
7	325
6	325
6	325
6	325
5	325
7	325
5	325
6	325
6	325
9	325
6	325
5	325
7	325
6	325
7	325
6	325
6	325
6	325
5	325
7	325
6	325
9	325
5	325
6	325
6	325
5	325
7	325
6	325
6	325
6	325
6	325
7	325
10	325
8	325
6	325
7	325
6	325
6	325
6	325
6	325
7	325
6	325
7	325
8	325
7	325
6	325
7	325
6	325
6	325
6	325
6	325
7	325
6	325
7	325
6	325
9	325
6	325
6	325
6	325
6	325
7	325
6	325
6	325
6	325
6	325
8	325
9	325
8	325
6	325
7	325
6	325
7	325
6	325
6	325
6	325
6	325
7	325
6	325
10	325
6	325
7	325
5	325
6	325
6	325
5	325
6	325
5	325
7	325
6	325
7	325
11	325
6	325
6	325
6	325
6	325
7	325
12	325
6	325
6	325
8	325
9	325
8	325
6	325
7	325
6	325
6	325
6	325
5	325
5	325
6	325
6	325
6	325
8	325
6	325
7	325
5	325
6	325
6	325
6	325
7	325
6	325
7	325
5	325
9	325
5	325
6	325
6	325
5	325
7	325
6	325
6	325
5	325
5	325
7	325
5	325
9	325
6	325
6	325
6	325
6	325
7	325
6	325
7	325
6	325
7	325
6	325
14	325
6	325
7	325
5	325
6	325
6	325
5	325
6	325
5	325
7	325
5	325
8	325
7	325
5	325
6	325
5	325
5	325
7	325
5	325
6	325
5	325
6	325
7	325
8	325
6	325
6	325
5	325
7	325
6	325
6	325
5	325
6	325
7	325
5	325
10	325
6	325
6	325
5	325
6	325
6	325
5	325
6	325
6	325
6	325
6	325
12	325
6	325
5	325
5	325
5	325
5	325
5	325
228	325
12	325
14	325
18	325
12	325
16	325
16	325
15	325
15	325
15	325
16	325
16	325
15	325
15	325
15	325
15	325
15	325
15	325
15	325
15	325
16	325
41	325
17	325
20	325
19	325
19	325
19	325
20	325
19	325
19	325
496	325
25	325
19	325
20	325
19	325
19	325
18	325
19	325
19	325
20	325
19	325
19	325
18	325
19	325
19	325
19	325
18	325
19	325
18	325
19	325
20	325
19	325
19	325
19	325
19	325
18	325
19	325
19	325
19	325
18	325
428	325
19	325
20	325
18	325
19	325
18	325
18	325
18	325
18	325
19	325
18	325
19	325
18	325
20	325
19	325
18	325
18	325
19	325
18	325
19	325
19	325
19	325
19	325
19	325
19	325
19	325
18	325
19	325
17	325
18	325
444	325
19	325
19	325
18	325
18	325
18	325
20	325
19	325
18	325
19	325
18	325
18	325
18	325
18	325
18	325
19	325
18	325
18	325
19	325
19	325
18	325
18	325
19	325
19	325
18	325
19	325
18	325
19	325
20	325
19	325
448	325
31	325
17	325
10	325
19	325
18	325
18	325
27	325
18	325
19	325
19	325
19	325
19	325
19	325
18	325
18	325
18	325
21	325
18	325
18	325
19	325
20	325
19	325
18	325
18	325
19	325
18	325
19	325
19	325
19	325
430	325
18	325
21	325
20	325
19	325
18	325
19	325
18	325
27	325
20	325
19	325
19	325
20	325
19	325
21	325
20	325
20	325
20	325
20	325
19	325
19	325
19	325
19	325
19	325
19	325
21	325
19	325
19	325
19	325
19	325
413	325
19	325
20	325
19	325
19	325
20	325
22	325
20	325
19	325
20	325
19	325
20	325
20	325
19	325
21	325
19	325
20	325
19	325
21	325
20	325
20	325
19	325
19	325
19	325
19	325
19	325
19	325
19	325
19	325
21	325
417	325
19	325
20	325
19	325
20	325
19	325
19	325
19	325
19	325
19	325
21	325
19	325
20	325
19	325
20	325
19	325
19	325
19	325
20	325
22	325
20	325
19	325
21	325
20	325
20	325
19	325
19	325
19	325
19	325
19	325
422	325
18	325
19	325
20	325
19	325
19	325
19	325
19	325
21	325
18	325
20	325
20	325
20	325
18	325
20	325
19	325
20	325
19	325
19	325
19	325
19	325
19	325
19	325
19	325
19	325
19	325
20	325
19	325
20	325
19	325
427	325
18	325
19	325
19	325
19	325
18	325
20	325
22	325
21	325
20	325
19	325
19	325
19	325
19	325
38	325
21	325
32	325
21	325
20	325
20	325
20	325
19	325
20	325
19	325
19	325
19	325
20	325
19	325
19	325
20	325
389	325
21	325
20	325
20	325
20	325
20	325
20	325
19	325
19	325
19	325
19	325
28	325
22	325
18	325
18	325
18	325
19	325
18	325
19	325
19	325
18	325
18	325
19	325
20	325
19	325
18	325
18	325
18	325
18	325
18	325
429	325
18	325
18	325
18	325
20	325
18	325
18	325
18	325
18	325
18	325
18	325
19	325
18	325
41	325
18	325
21	325
18	325
19	325
18	325
18	325
18	325
18	325
18	325
19	325
18	325
18	325
18	325
21	325
18	325
19	325
415	325
18	325
18	325
18	325
18	325
18	325
18	325
19	325
20	325
18	325
18	325
18	325
18	325
19	325
27	325
25	325
19	325
19	325
18	325
20	325
18	325
19	325
18	325
18	325
18	325
18	325
18	325
18	325
18	325
19	325
1457	325
28	325
19	325
19	325
19	325
19	325
19	325
19	325
18	325
19	325
18	325
19	325
20	325
19	325
19	325
19	325
18	325
19	325
18	325
19	325
19	325
19	325
18	325
23	325
20	325
20	325
19	325
19	325
19	325
19	325
19	325
19	325
19	325
19	325
19	325
21	325
19	325
18	325
19	325
19	325
19	325
18	325
19	325
19	325
19	325
19	325
21	325
18	325
19	325
19	325
19	325
18	325
19	325
19	325
19	325
19	325
19	325
18	325
21	325
19	325
18	325
19	325
18	325
21	325
21	325
29	325
18	325
20	325
18	325
15	325
19	325
17	325
18	325
18	325
18	325
18	325
17	325
19	325
18	325
20	325
20	325
20	325
19	325
18	325
19	325
18	325
18	325
18	325
18	325
18	325
238	325
18	325
18	325
18	325
18	325
18	325
18	325
18	325
17	325
18	325
19	325
17	325
18	325
18	325
19	325
17	325
18	325
17	325
26	325
18	325
19	325
18	325
22	325
18	325
20	325
18	325
19	325
18	325
18	325
18	325
452	325
18	325
19	325
18	325
18	325
18	325
20	325
18	325
18	325
18	325
18	325
18	325
20	325
18	325
18	325
19	325
18	325
18	325
19	325
26	325
19	325
18	325
19	325
18	325
18	325
18	325
19	325
19	325
20	325
19	325
439	325
19	325
24	325
18	325
18	325
18	325
18	325
18	325
18	325
18	325
19	325
19	325
18	325
18	325
18	325
18	325
19	325
19	325
18	325
18	325
19	325
20	325
19	325
19	325
19	325
18	325
19	325
19	325
19	325
18	325
437	325
18	325
20	325
19	325
19	325
19	325
18	325
20	325
19	325
18	325
19	325
19	325
19	325
19	325
19	325
19	325
19	325
18	325
19	325
18	325
19	325
19	325
19	325
18	325
19	325
19	325
19	325
18	325
19	325
18	325
440	325
19	325
18	325
18	325
19	325
19	325
19	325
20	325
19	325
18	325
19	325
19	325
19	325
19	325
18	325
19	325
18	325
18	325
20	325
19	325
18	325
18	325
18	325
18	325
18	325
19	325
19	325
19	325
18	325
20	325
442	325
19	325
20	325
19	325
18	325
19	325
18	325
19	325
19	325
19	325
18	325
21	325
19	325
19	325
18	325
19	325
18	325
18	325
18	325
18	325
18	325
19	325
18	325
19	325
18	325
19	325
18	325
19	325
18	325
19	325
442	325
19	325
18	325
21	325
19	325
18	325
18	325
19	325
21	325
19	325
18	325
19	325
18	325
19	325
18	325
20	325
19	325
19	325
18	325
19	325
18	325
19	325
18	325
19	325
18	325
19	325
19	325
20	325
18	325
19	325
439	325
18	325
19	325
19	325
18	325
18	325
18	325
21	325
19	325
18	325
19	325
19	325
18	325
18	325
18	325
19	325
18	325
18	325
19	325
19	325
20	325
18	325
18	325
18	325
18	325
18	325
18	325
19	325
18	325
19	325
447	325
19	325
19	325
18	325
18	325
19	325
19	325
19	325
19	325
19	325
18	325
20	325
19	325
19	325
19	325
19	325
19	325
18	325
18	325
18	325
19	325
19	325
18	325
19	325
21	325
19	325
19	325
19	325
18	325
19	325
452	325
19	325
19	325
19	325
20	325
19	325
19	325
19	325
18	325
19	325
18	325
19	325
19	325
19	325
18	325
21	325
19	325
18	325
19	325
18	325
19	325
19	325
18	325
18	325
22	325
19	325
19	325
19	325
20	325
18	325
404	325
19	325
19	325
18	325
19	325
18	325
19	325
18	325
20	325
19	325
19	325
18	325
19	325
18	325
19	325
19	325
19	325
18	325
19	325
18	325
19	325
19	325
19	325
18	325
19	325
18	325
18	325
18	325
19	325
18	325
457	325
19	325
20	325
18	325
19	325
19	325
19	325
18	325
18	325
18	325
19	325
18	325
19	325
19	325
19	325
18	325
19	325
20	325
19	325
18	325
19	325
18	325
19	325
19	325
19	325
18	325
19	325
18	325
18	325
18	325
440	325
19	325
18	325
19	325
18	325
19	325
19	325
18	325
19	325
18	325
18	325
18	325
18	325
20	325
18	325
19	325
21	325
19	325
19	325
19	325
19	325
19	325
19	325
25	325
698	325
17	325
20	325
19	325
20	325
19	325
18	325
19	325
19	325
19	325
19	325
18	325
18	325
18	325
19	325
19	325
19	325
19	325
18	325
19	325
18	325
19	325
19	325
18	325
18	325
19	325
20	325
18	325
18	325
19	325
18	325
19	325
18	325
19	325
18	325
18	325
199	325
18	325
20	325
19	325
19	325
18	325
18	325
18	325
20	325
18	325
18	325
22	325
18	325
19	325
19	325
20	325
19	325
18	325
18	325
18	325
19	325
18	325
18	325
18	325
20	325
18	325
18	325
19	325
18	325
18	325
450	325
18	325
19	325
18	325
18	325
18	325
21	325
19	325
18	325
18	325
19	325
18	325
18	325
18	325
19	325
19	325
18	325
20	325
19	325
18	325
18	325
19	325
18	325
18	325
18	325
18	325
18	325
18	325
18	325
20	325
450	325
17	325
18	325
29	325
19	325
19	325
19	325
30	325
19	325
18	325
32	325
18	325
30	325
18	325
30	325
19	325
30	325
18	325
30	325
18	325
19	325
19	325
31	325
18	325
19	325
18	325
18	325
29	325
18	325
31	325
356	325
13	325
14	325
12	325
12	325
13	325
13	325
13	325
13	325
14	325
13	325
13	325
14	325
10	325
13	325
13	325
12	325
14	325
13	325
18	325
19	325
18	325
14	325
14	325
16	325
15	325
10	325
12	325
13	325
13	325
586	325
13	325
14	325
11	325
13	325
13	325
13	325
15	325
8	325
12	325
10	325
14	325
12	325
12	325
12	325
15	325
8	325
14	325
15	325
7	325
11	325
12	325
13	325
11	325
17	325
7	325
12	325
16	325
13	325
11	325
629	325
32	325
15	325
38	325
18	325
17	325
11	325
11	325
16	325
7	325
12	325
11	325
17	325
15	325
13	325
11	325
18	325
6	325
10	325
13	325
9	325
13	325
12	325
11	325
7	325
13	325
11	325
11	325
11	325
13	325
617	325
12	325
17	325
10	325
12	325
23	325
12	325
27	325
11	325
13	325
11	325
13	325
12	325
12	325
9	325
14	325
11	325
11	325
14	325
7	325
13	325
12	325
14	325
12	325
12	325
12	325
12	325
11	325
12	325
12	325
571	325
21	325
9	325
12	325
28	325
7	325
12	325
24	325
8	325
13	325
9	325
13	325
11	325
11	325
11	325
12	325
11	325
12	325
11	325
11	325
11	325
11	325
11	325
11	325
11	325
12	325
12	325
12	325
13	325
11	325
620	325
17	325
13	325
13	325
13	325
12	325
12	325
13	325
13	325
13	325
12	325
13	325
13	325
13	325
12	325
13	325
12	325
12	325
13	325
12	325
13	325
13	325
13	325
13	325
13	325
12	325
13	325
13	325
13	325
12	325
588	325
13	325
13	325
13	325
13	325
13	325
13	325
12	325
13	325
13	325
13	325
13	325
13	325
13	325
13	325
12	325
13	325
13	325
13	325
13	325
12	325
12	325
12	325
12	325
12	325
12	325
12	325
12	325
13	325
13	325
629	325
13	325
12	325
13	325
13	325
13	325
12	325
12	325
13	325
12	325
13	325
13	325
13	325
12	325
12	325
12	325
13	325
12	325
12	325
12	325
13	325
12	325
12	325
13	325
13	325
13	325
12	325
12	325
12	325
12	325
650	325
16	325
13	325
13	325
13	325
12	325
12	325
13	325
13	325
12	325
12	325
13	325
12	325
12	325
12	325
12	325
12	325
12	325
12	325
12	325
12	325
12	325
12	325
12	325
12	325
12	325
12	325
12	325
13	325
12	325
617	325
17	325
13	325
13	325
13	325
13	325
13	325
12	325
12	325
13	325
13	325
13	325
13	325
13	325
13	325
12	325
14	325
13	325
13	325
13	325
13	325
13	325
12	325
13	325
12	325
13	325
13	325
12	325
13	325
13	325
616	325
16	325
13	325
13	325
13	325
13	325
12	325
13	325
13	325
14	325
12	325
12	325
11	325
13	325
14	325
13	325
13	325
13	325
12	325
12	325
12	325
12	325
34	325
4	325
6	325
4	325
12	325
14	325
13	325
18	325
611	325
16	325
14	325
13	325
13	325
12	325
12	325
14	325
12	325
12	325
13	325
12	325
12	325
12	325
12	325
13	325
19	325
13	325
13	325
13	325
13	325
13	325
12	325
12	325
14	325
12	325
12	325
13	325
12	325
13	325
613	325
15	325
13	325
12	325
12	325
12	325
13	325
12	325
12	325
12	325
13	325
12	325
12	325
12	325
12	325
12	325
12	325
12	325
12	325
12	325
12	325
12	325
12	325
12	325
12	325
12	325
12	325
12	325
11	325
13	325
626	325
14	325
15	325
12	325
14	325
12	325
12	325
12	325
12	325
12	325
13	325
13	325
12	325
12	325
12	325
12	325
13	325
13	325
12	325
12	325
12	325
13	325
12	325
12	325
12	325
13	325
12	325
13	325
13	325
12	325
619	325
15	325
12	325
13	325
13	325
12	325
12	325
12	325
12	325
12	325
12	325
12	325
12	325
13	325
14	325
13	325
13	325
12	325
12	325
13	325
13	325
13	325
13	325
13	325
13	325
13	325
12	325
12	325
12	325
13	325
620	325
16	325
13	325
13	325
13	325
13	325
12	325
13	325
13	325
13	325
12	325
13	325
12	325
12	325
13	325
12	325
14	325
12	325
13	325
13	325
12	325
13	325
12	325
13	325
14	325
13	325
12	325
12	325
12	325
12	325
618	325
16	325
13	325
13	325
12	325
13	325
13	325
16	325
14	325
14	325
13	325
12	325
12	325
12	325
12	325
12	325
13	325
12	325
12	325
12	325
12	325
12	325
13	325
12	325
13	325
13	325
13	325
13	325
13	325
12	325
610	325
16	325
12	325
13	325
13	325
13	325
12	325
12	325
12	325
13	325
13	325
13	325
12	325
12	325
12	325
12	325
14	325
12	325
13	325
12	325
12	325
12	325
12	325
12	325
13	325
12	325
13	325
13	325
13	325
13	325
617	325
16	325
12	325
13	325
12	325
13	325
12	325
13	325
12	325
13	325
12	325
12	325
12	325
13	325
14	325
12	325
12	325
12	325
12	325
12	325
12	325
13	325
13	325
12	325
12	325
13	325
12	325
12	325
12	325
12	325
619	325
16	325
13	325
12	325
15	325
13	325
18	325
13	325
12	325
12	325
12	325
12	325
13	325
13	325
12	325
13	325
13	325
13	325
13	325
13	325
13	325
13	325
12	325
13	325
13	325
13	325
13	325
13	325
13	325
13	325
608	325
16	325
20	325
13	325
13	325
13	325
12	325
13	325
13	325
13	325
12	325
12	325
13	325
12	325
12	325
13	325
13	325
13	325
12	325
12	325
12	325
13	325
13	325
12	325
12	325
12	325
13	325
13	325
13	325
13	325
608	325
16	325
14	325
13	325
14	325
13	325
12	325
13	325
13	325
13	325
12	325
12	325
12	325
13	325
13	325
12	325
12	325
12	325
13	325
13	325
12	325
12	325
13	325
13	325
12	325
13	325
13	325
13	325
12	325
12	325
615	325
17	325
13	325
13	325
13	325
13	325
13	325
12	325
12	325
12	325
13	325
12	325
13	325
12	325
13	325
13	325
13	325
12	325
12	325
12	325
12	325
12	325
13	325
13	325
13	325
13	325
12	325
13	325
13	325
13	325
615	325
16	325
13	325
13	325
13	325
13	325
13	325
13	325
13	325
12	325
12	325
12	325
13	325
13	325
12	325
13	325
13	325
12	325
13	325
13	325
12	325
12	325
13	325
12	325
13	325
13	325
12	325
12	325
13	325
13	325
615	325
16	325
13	325
14	325
13	325
13	325
12	325
13	325
13	325
12	325
13	325
12	325
12	325
12	325
12	325
12	325
12	325
12	325
13	325
12	325
13	325
13	325
12	325
12	325
12	325
12	325
12	325
12	325
13	325
12	325
619	325
16	325
12	325
13	325
14	325
13	325
13	325
13	325
13	325
13	325
14	325
13	325
12	325
13	325
12	325
13	325
13	325
14	325
13	325
12	325
13	325
13	325
12	325
13	325
13	325
13	325
12	325
13	325
12	325
13	325
608	325
17	325
13	325
13	325
13	325
15	325
13	325
14	325
13	325
13	325
13	325
13	325
13	325
13	325
14	325
13	325
12	325
12	325
12	325
12	325
13	325
12	325
13	325
13	325
12	325
12	325
13	325
13	325
13	325
13	325
608	325
31	325
13	325
12	325
13	325
13	325
12	325
12	325
12	325
12	325
13	325
12	325
13	325
13	325
13	325
13	325
13	325
12	325
12	325
13	325
13	325
13	325
12	325
12	325
14	325
13	325
13	325
12	325
13	325
12	325
598	325
16	325
13	325
13	325
13	325
12	325
13	325
13	325
12	325
12	325
13	325
13	325
13	325
13	325
13	325
13	325
13	325
13	325
13	325
13	325
13	325
13	325
12	325
12	325
12	325
12	325
13	325
13	325
13	325
13	325
614	325
16	325
20	325
13	325
18	325
14	325
13	325
12	325
27	325
28	325
27	325
31	325
31	325
31	325
30	325
31	325
29	325
31	325
30	325
31	325
29	325
31	325
29	325
30	325
29	325
30	325
31	325
28	325
32	325
28	325
224	325
34	325
33	325
29	325
32	325
28	325
30	325
28	325
38	325
28	325
31	325
28	325
30	325
27	325
32	325
28	325
30	325
28	325
31	325
28	325
29	325
30	325
27	325
30	325
28	325
30	325
27	325
30	325
27	325
30	325
126	325
36	325
28	325
30	325
27	325
30	325
27	325
30	325
27	325
37	325
26	325
29	325
28	325
28	325
26	325
68	325
42	325
32	325
29	325
44	325
70	325
50	325
44	325
40	325
46	325
41	325
45	325
40	325
42	325
38	325
976	325
49	325
43	325
39	325
42	325
37	325
40	325
37	325
44	325
40	325
44	325
52	325
35	325
30	325
27	325
29	325
27	325
38	325
26	325
28	325
27	325
28	325
26	325
29	325
26	325
28	325
25	325
28	325
26	325
28	325
25	325
30	325
25	325
28	325
30	325
26	325
29	325
26	325
28	325
25	325
28	325
26	325
30	325
26	325
28	325
26	325
29	325
25	325
28	325
25	325
28	325
25	325
28	325
26	325
28	325
26	325
27	325
26	325
29	325
26	325
28	325
28	325
26	325
28	325
26	325
28	325
25	325
28	325
26	325
29	325
26	325
12	325
11	325
13	325
14	325
16	325
19	325
24	325
29	325
26	325
28	325
26	325
28	325
26	325
29	325
26	325
29	325
26	325
53	325
50	325
29	325
26	325
30	325
25	325
28	325
26	325
27	325
25	325
29	325
25	325
28	325
46	325
19	325
28	325
48	325
48	325
26	325
30	325
26	325
29	325
26	325
29	325
27	325
29	325
28	325
29	325
26	325
29	325
27	325
29	325
27	325
28	325
27	325
29	325
27	325
29	325
26	325
29	325
26	325
34	325
28	325
26	325
29	325
27	325
28	325
27	325
28	325
27	325
29	325
27	325
28	325
26	325
28	325
26	325
29	325
28	325
29	325
27	325
29	325
26	325
29	325
26	325
29	325
26	325
31	325
29	325
26	325
28	325
27	325
29	325
27	325
29	325
26	325
29	325
27	325
30	325
26	325
29	325
27	325
29	325
26	325
30	325
26	325
28	325
26	325
29	325
26	325
29	325
26	325
29	325
26	325
30	325
29	325
27	325
28	325
26	325
28	325
30	325
29	325
26	325
29	325
27	325
28	325
26	325
29	325
26	325
29	325
26	325
30	325
26	325
29	325
26	325
29	325
26	325
29	325
29	325
26	325
29	325
26	325
29	325
26	325
30	325
26	325
29	325
26	325
29	325
26	325
28	325
27	325
29	325
26	325
30	325
26	325
29	325
27	325
28	325
26	325
28	325
34	325
28	325
26	325
30	325
29	325
27	325
30	325
26	325
29	325
27	325
29	325
26	325
29	325
26	325
28	325
26	325
29	325
26	325
28	325
27	325
29	325
26	325
29	325
26	325
29	325
26	325
29	325
29	325
26	325
29	325
26	325
29	325
26	325
28	325
26	325
29	325
27	325
28	325
26	325
29	325
26	325
28	325
173	325
32	325
26	325
29	325
29	325
28	325
27	325
28	325
29	325
26	325
28	325
26	325
29	325
26	325
29	325
27	325
29	325
27	325
28	325
26	325
30	325
26	325
28	325
26	325
29	325
26	325
29	325
27	325
28	325
26	325
178	325
27	325
29	325
26	325
29	325
28	325
25	325
29	325
27	325
29	325
26	325
29	325
26	325
29	325
28	325
28	325
26	325
29	325
26	325
28	325
26	325
29	325
26	325
30	325
26	325
28	325
26	325
28	325
26	325
29	325
191	325
27	325
29	325
26	325
28	325
27	325
29	325
26	325
29	325
26	325
29	325
26	325
28	325
27	325
28	325
26	325
30	325
26	325
29	325
26	325
29	325
27	325
29	325
26	325
38	325
29	325
26	325
28	325
26	325
29	325
177	325
31	325
26	325
29	325
26	325
28	325
25	325
28	325
26	325
29	325
26	325
28	325
27	325
30	325
25	325
28	325
26	325
31	325
23	325
28	325
26	325
28	325
29	325
26	325
30	325
26	325
29	325
26	325
28	325
33	325
174	325
31	325
32	325
30	325
34	325
30	325
32	325
29	325
31	325
30	325
31	325
29	325
31	325
30	325
32	325
29	325
31	325
32	325
29	325
32	325
43	325
37	325
29	325
32	325
29	325
32	325
31	325
32	325
29	325
32	325
66	325
33	325
30	325
33	325
29	325
32	325
29	325
32	325
29	325
32	325
30	325
32	325
30	325
31	325
33	325
30	325
32	325
30	325
31	325
29	325
31	325
29	325
32	325
30	325
32	325
29	325
31	325
30	325
32	325
30	325
92	325
29	325
31	325
29	325
31	325
29	325
32	325
29	325
32	325
32	325
34	325
32	325
29	325
31	325
29	325
32	325
29	325
32	325
29	325
32	325
29	325
32	325
39	325
32	325
31	325
33	325
29	325
33	325
29	325
32	325
82	325
30	325
32	325
29	325
33	325
29	325
32	325
30	325
33	325
29	325
31	325
29	325
32	325
29	325
33	325
30	325
32	325
30	325
33	325
29	325
31	325
29	325
32	325
29	325
31	325
29	325
32	325
32	325
29	325
32	325
93	325
33	325
30	325
38	325
28	325
32	325
29	325
31	325
30	325
33	325
30	325
32	325
30	325
32	325
30	325
33	325
30	325
31	325
30	325
32	325
31	325
32	325
32	325
29	325
32	325
30	325
33	325
30	325
32	325
30	325
85	325
30	325
32	325
30	325
33	325
30	325
32	325
29	325
34	325
29	325
32	325
44	325
42	325
38	325
37	325
41	325
36	325
36	325
33	325
36	325
34	325
36	325
34	325
36	325
32	325
43	325
36	325
42	325
36	325
38	325
36	325
37	325
35	325
37	325
35	325
39	325
35	325
37	325
34	325
43	325
35	325
37	325
35	325
38	325
38	325
35	325
44	325
36	325
39	325
34	325
37	325
36	325
37	325
41	325
42	325
36	325
38	325
35	325
37	325
36	325
37	325
35	325
38	325
35	325
37	325
35	325
37	325
36	325
39	325
38	325
34	325
38	325
37	325
36	325
33	325
36	325
32	325
35	325
33	325
35	325
32	325
35	325
33	325
33	325
33	325
37	325
33	325
34	325
32	325
34	325
32	325
35	325
33	325
35	325
36	325
33	325
35	325
32	325
66	325
30	325
39	325
31	325
32	325
30	325
33	325
29	325
33	325
30	325
33	325
29	325
32	325
62	325
27	325
5	325
22	325
37	325
32	325
31	325
32	325
33	325
30	325
32	325
30	325
32	325
30	325
33	325
30	325
33	325
30	325
32	325
31	325
33	325
29	325
33	325
31	325
32	325
31	325
32	325
30	325
32	325
29	325
33	325
30	325
32	325
39	325
22	325
35	325
26	325
38	325
29	325
32	325
29	325
50	325
36	325
33	325
29	325
37	325
53	325
56	325
43	325
44	325
50	325
41	325
36	325
41	325
37	325
30	325
27	325
30	325
26	325
28	325
44	325
12	325
29	325
46	325
31	325
27	325
30	325
27	325
29	325
28	325
29	325
26	325
30	325
26	325
29	325
28	325
29	325
26	325
29	325
26	325
29	325
26	325
34	325
30	325
27	325
29	325
27	325
30	325
27	325
30	325
26	325
30	325
27	325
33	325
22	325
30	325
27	325
29	325
27	325
29	325
26	325
29	325
27	325
31	325
26	325
29	325
29	325
26	325
29	325
27	325
29	325
26	325
29	325
46	325
30	325
28	325
29	325
26	325
29	325
27	325
29	325
26	325
29	325
26	325
29	325
27	325
29	325
46	325
9	325
40	325
15	325
29	325
26	325
29	325
26	325
29	325
28	325
29	325
26	325
29	325
26	325
29	325
27	325
30	325
26	325
29	325
26	325
30	325
26	325
30	325
26	325
29	325
27	325
29	325
26	325
29	325
26	325
28	325
29	325
143	325
47	325
5	325
28	325
27	325
31	325
26	325
28	325
25	325
28	325
26	325
29	325
26	325
29	325
65	325
35	325
25	325
29	325
26	325
28	325
27	325
29	325
26	325
37	325
30	325
26	325
29	325
26	325
28	325
26	325
140	325
20	325
30	325
26	325
29	325
26	325
29	325
27	325
29	325
26	325
29	325
26	325
29	325
27	325
32	325
34	325
29	325
26	325
29	325
26	325
30	325
29	325
26	325
31	325
27	325
29	325
26	325
29	325
26	325
29	325
174	325
333	325
27	325
29	325
27	325
29	325
26	325
28	325
27	325
30	325
26	325
29	325
26	325
29	325
26	325
28	325
30	325
26	325
28	325
27	325
30	325
24	325
28	325
26	325
47	325
7	325
38	325
16	325
57	325
26	325
28	325
26	325
28	325
26	325
29	325
26	325
28	325
25	325
28	325
26	325
852	325
47	325
18	325
16	325
16	325
16	325
15	325
16	325
16	325
16	325
16	325
16	325
16	325
16	325
16	325
15	325
16	325
15	325
15	325
15	325
15	325
15	325
22	325
20	325
16	325
16	325
16	325
16	325
15	325
16	325
16	325
16	325
16	325
15	325
15	325
16	325
16	325
16	325
16	325
16	325
16	325
32	325
4	325
11	325
29	325
4	325
13	325
15	325
16	325
15	325
15	325
15	325
15	325
15	325
15	325
15	325
16	325
15	325
17	325
15	325
15	325
15	325
15	325
15	325
14	325
15	325
15	325
14	325
14	325
15	325
15	325
14	325
14	325
15	325
15	325
14	325
14	325
15	325
14	325
14	325
431	325
7	325
34	325
5	325
3	325
11	325
15	325
15	325
14	325
14	325
15	325
14	325
15	325
15	325
15	325
14	325
19	325
15	325
15	325
14	325
14	325
15	325
15	325
15	325
15	325
14	325
14	325
14	325
15	325
14	325
570	325
7	325
36	325
5	325
3	325
9	325
13	325
14	325
15	325
14	325
15	325
14	325
15	325
14	325
14	325
14	325
14	325
14	325
15	325
14	325
14	325
14	325
15	325
14	325
14	325
14	325
14	325
14	325
15	325
14	325
583	325
6	325
34	325
5	325
3	325
7	325
13	325
18	325
11	325
14	325
14	325
14	325
15	325
14	325
14	325
15	325
14	325
16	325
16	325
15	325
15	325
15	325
14	325
14	325
14	325
15	325
14	325
14	325
14	325
14	325
579	325
13	325
32	325
5	325
3	325
11	325
14	325
14	325
14	325
15	325
14	325
14	325
15	325
15	325
14	325
15	325
15	325
15	325
15	325
15	325
14	325
14	325
15	325
14	325
14	325
14	325
15	325
15	325
14	325
15	325
572	325
10	325
36	325
14	325
19	325
7	325
16	325
6	325
53	325
13	325
4	325
3	325
10	325
14	325
15	325
15	325
22	325
4	325
19	325
4	325
15	325
15	325
15	325
14	325
14	325
14	325
15	325
14	325
15	325
15	325
552	325
16	325
17	325
14	325
15	325
14	325
14	325
15	325
14	325
14	325
16	325
15	325
15	325
20	325
15	325
15	325
14	325
15	325
16	325
15	325
14	325
15	325
15	325
15	325
15	325
14	325
15	325
16	325
14	325
15	325
551	325
15	325
14	325
15	325
15	325
16	325
15	325
15	325
14	325
14	325
14	325
15	325
14	325
14	325
15	325
15	325
15	325
14	325
14	325
14	325
15	325
15	325
15	325
14	325
15	325
15	325
15	325
14	325
14	325
14	325
561	325
17	325
11	325
14	325
15	325
14	325
14	325
14	325
15	325
17	325
15	325
14	325
15	325
15	325
15	325
14	325
14	325
15	325
14	325
15	325
14	325
15	325
14	325
15	325
14	325
15	325
14	325
14	325
14	325
14	325
562	325
15	325
15	325
14	325
15	325
14	325
15	325
14	325
14	325
15	325
14	325
14	325
15	325
15	325
15	325
15	325
15	325
15	325
14	325
14	325
14	325
14	325
14	325
14	325
15	325
15	325
14	325
14	325
14	325
15	325
558	325
24	325
25	325
15	325
14	325
14	325
14	325
15	325
15	325
14	325
14	325
15	325
14	325
14	325
14	325
15	325
15	325
15	325
18	325
15	325
15	325
14	325
14	325
14	325
13	325
15	325
14	325
15	325
14	325
14	325
536	325
23	325
23	325
15	325
14	325
23	325
24	325
24	325
16	325
14	325
14	325
14	325
14	325
14	325
14	325
14	325
15	325
14	325
14	325
14	325
15	325
14	325
14	325
14	325
14	325
14	325
14	325
14	325
15	325
14	325
540	325
34	325
16	325
14	325
23	325
14	325
14	325
15	325
14	325
14	325
25	325
14	325
12	325
12	325
12	325
11	325
12	325
11	325
11	325
12	325
12	325
11	325
11	325
12	325
12	325
12	325
11	325
11	325
11	325
12	325
555	325
13	325
11	325
12	325
11	325
12	325
11	325
12	325
11	325
11	325
11	325
12	325
12	325
9	325
13	325
11	325
12	325
11	325
12	325
11	325
12	325
12	325
12	325
11	325
11	325
11	325
11	325
11	325
12	325
12	325
674	325
15	325
12	325
12	325
11	325
12	325
12	325
11	325
12	325
11	325
12	325
11	325
12	325
12	325
12	325
12	325
12	325
11	325
12	325
12	325
11	325
12	325
12	325
12	325
12	325
12	325
12	325
12	325
12	325
12	325
640	325
13	325
12	325
12	325
12	325
12	325
11	325
11	325
12	325
12	325
12	325
12	325
11	325
12	325
12	325
11	325
11	325
12	325
12	325
12	325
13	325
11	325
12	325
11	325
11	325
11	325
11	325
12	325
11	325
12	325
646	325
13	325
12	325
11	325
11	325
12	325
12	325
12	325
11	325
12	325
12	325
12	325
12	325
12	325
12	325
12	325
11	325
11	325
12	325
12	325
11	325
11	325
12	325
12	325
12	325
12	325
11	325
12	325
12	325
11	325
645	325
13	325
12	325
12	325
12	325
12	325
12	325
12	325
12	325
11	325
12	325
12	325
11	325
12	325
12	325
11	325
11	325
11	325
12	325
11	325
12	325
12	325
12	325
12	325
11	325
12	325
11	325
12	325
12	325
11	325
649	325
8	325
13	325
11	325
12	325
12	325
12	325
11	325
12	325
12	325
12	325
11	325
12	325
11	325
12	325
12	325
11	325
11	325
11	325
12	325
11	325
12	325
12	325
12	325
12	325
12	325
11	325
11	325
11	325
11	325
647	325
12	325
11	325
12	325
12	325
11	325
11	325
12	325
11	325
12	325
11	325
12	325
12	325
12	325
12	325
12	325
12	325
11	325
12	325
11	325
17	325
12	325
12	325
12	325
12	325
12	325
12	325
11	325
13	325
11	325
1516	325
12	325
12	325
12	325
11	325
12	325
12	325
12	325
11	325
12	325
12	325
12	325
12	325
12	325
12	325
11	325
11	325
11	325
12	325
12	325
11	325
12	325
12	325
12	325
12	325
12	325
12	325
12	325
12	325
11	325
13	325
12	325
11	325
23	325
15	325
6	325
21	325
6	325
4	325
6	325
12	325
12	325
14	325
12	325
13	325
11	325
11	325
11	325
12	325
11	325
12	325
12	325
12	325
11	325
10	325
12	325
15	325
12	325
11	325
12	325
404	325
12	325
11	325
11	325
11	325
12	325
11	325
12	325
11	325
11	325
12	325
14	325
12	325
16	325
8	325
12	325
12	325
12	325
12	325
12	325
12	325
11	325
12	325
12	325
11	325
12	325
11	325
11	325
12	325
11	325
644	325
12	325
12	325
12	325
12	325
11	325
11	325
12	325
12	325
12	325
12	325
12	325
12	325
12	325
49	325
21	325
21	325
19	325
18	325
18	325
21	325
18	325
18	325
18	325
17	325
18	325
17	325
19	325
19	325
19	325
531	325
18	325
37	325
6	325
14	325
17	325
17	325
15	325
18	325
18	325
19	325
18	325
18	325
18	325
18	325
18	325
18	325
18	325
17	325
18	325
18	325
18	325
17	325
16	325
17	325
16	325
17	325
16	325
17	325
16	325
473	325
32	325
26	325
18	325
17	325
17	325
17	325
17	325
19	325
17	325
17	325
17	325
17	325
18	325
18	325
17	325
17	325
17	325
16	325
17	325
17	325
16	325
17	325
16	325
18	325
18	325
17	325
18	325
17	325
17	325
453	325
21	325
18	325
18	325
19	325
18	325
18	325
18	325
17	325
17	325
19	325
18	325
19	325
18	325
19	325
19	325
18	325
19	325
27	325
12	325
11	325
12	325
12	325
11	325
13	325
11	325
12	325
12	325
11	325
12	325
502	325
12	325
11	325
11	325
11	325
11	325
11	325
13	325
11	325
11	325
11	325
11	325
11	325
11	325
11	325
11	325
12	325
12	325
11	325
11	325
12	325
12	325
12	325
12	325
12	325
11	325
11	325
12	325
11	325
12	325
669	325
19	325
17	325
17	325
17	325
16	325
16	325
17	325
17	325
16	325
16	325
16	325
16	325
16	325
17	325
17	325
17	325
16	325
16	325
17	325
17	325
17	325
16	325
22	325
17	325
16	325
16	325
15	325
16	325
18	325
491	325
14	325
12	325
11	325
11	325
13	325
11	325
13	325
12	325
11	325
11	325
11	325
11	325
11	325
11	325
11	325
11	325
11	325
12	325
11	325
12	325
11	325
11	325
11	325
12	325
11	325
11	325
12	325
11	325
12	325
639	325
13	325
11	325
11	325
11	325
12	325
11	325
11	325
11	325
11	325
12	325
12	325
11	325
11	325
11	325
12	325
11	325
11	325
11	325
10	325
12	325
12	325
12	325
12	325
12	325
12	325
11	325
12	325
12	325
11	325
668	325
13	325
13	325
13	325
15	325
14	325
14	325
14	325
14	325
14	325
14	325
15	325
14	325
14	325
14	325
16	325
15	325
14	325
14	325
14	325
15	325
14	325
15	325
14	325
14	325
14	325
15	325
14	325
14	325
15	325
556	325
14	325
15	325
15	325
14	325
14	325
15	325
14	325
14	325
14	325
15	325
14	325
14	325
15	325
14	325
14	325
14	325
15	325
14	325
14	325
14	325
15	325
14	325
14	325
15	325
24	325
20	325
16	325
15	325
15	325
546	325
16	325
16	325
16	325
15	325
15	325
15	325
15	325
15	325
15	325
15	325
16	325
15	325
15	325
15	325
15	325
15	325
15	325
15	325
15	325
15	325
15	325
15	325
16	325
15	325
15	325
15	325
15	325
15	325
15	325
551	325
16	325
16	325
16	325
15	325
15	325
18	325
15	325
15	325
15	325
16	325
15	325
15	325
15	325
15	325
15	325
15	325
15	325
15	325
15	325
16	325
14	325
15	325
15	325
15	325
15	325
15	325
15	325
15	325
15	325
542	325
15	325
15	325
15	325
15	325
15	325
15	325
15	325
15	325
15	325
15	325
14	325
15	325
14	325
15	325
15	325
18	325
15	325
15	325
15	325
16	325
15	325
15	325
15	325
15	325
15	325
15	325
15	325
15	325
15	325
550	325
16	325
15	325
15	325
14	325
15	325
15	325
15	325
15	325
15	325
15	325
15	325
15	325
15	325
15	325
15	325
15	325
15	325
15	325
15	325
15	325
15	325
16	325
15	325
15	325
15	325
15	325
15	325
15	325
15	325
550	325
16	325
15	325
15	325
15	325
16	325
15	325
15	325
16	325
15	325
16	325
15	325
15	325
15	325
15	325
15	325
15	325
15	325
15	325
15	325
15	325
15	325
15	325
15	325
15	325
18	325
16	325
15	325
15	325
15	325
548	325
16	325
15	325
16	325
15	325
19	325
15	325
15	325
15	325
15	325
15	325
15	325
15	325
15	325
15	325
15	325
15	325
15	325
15	325
15	325
15	325
16	325
15	325
15	325
15	325
15	325
16	325
15	325
15	325
15	325
541	325
16	325
16	325
15	325
15	325
15	325
15	325
15	325
15	325
15	325
16	325
16	325
15	325
15	325
15	325
19	325
15	325
15	325
15	325
15	325
16	325
15	325
15	325
14	325
15	325
15	325
15	325
15	325
15	325
15	325
545	325
16	325
15	325
15	325
15	325
15	325
15	325
15	325
15	325
15	325
15	325
15	325
15	325
15	325
15	325
15	325
14	325
21	325
15	325
14	325
15	325
15	325
15	325
15	325
15	325
19	325
15	325
16	325
15	325
15	325
539	325
16	325
15	325
15	325
15	325
15	325
15	325
15	325
15	325
15	325
16	325
15	325
15	325
15	325
16	325
15	325
14	325
15	325
15	325
15	325
15	325
15	325
15	325
15	325
15	325
15	325
15	325
15	325
15	325
15	325
546	325
16	325
15	325
15	325
15	325
17	325
15	325
15	325
15	325
15	325
16	325
15	325
15	325
15	325
15	325
15	325
15	325
15	325
15	325
15	325
15	325
15	325
16	325
15	325
15	325
16	325
15	325
15	325
15	325
15	325
541	325
16	325
15	325
15	325
16	325
15	325
15	325
15	325
15	325
15	325
16	325
15	325
16	325
15	325
15	325
18	325
15	325
15	325
15	325
15	325
15	325
15	325
15	325
15	325
15	325
15	325
15	325
15	325
15	325
15	325
574	325
39	325
14	325
15	325
15	325
13	325
12	325
12	325
12	325
12	325
12	325
12	325
12	325
12	325
13	325
12	325
13	325
12	325
12	325
12	325
12	325
12	325
12	325
12	325
15	325
14	325
12	325
11	325
12	325
13	325
576	325
13	325
34	325
13	325
12	325
17	325
12	325
12	325
12	325
13	325
12	325
12	325
12	325
12	325
12	325
12	325
12	325
12	325
12	325
12	325
12	325
12	325
12	325
12	325
11	325
12	325
12	325
12	325
12	325
12	325
609	325
13	325
35	325
12	325
15	325
16	325
11	325
12	325
12	325
12	325
13	325
12	325
12	325
12	325
12	325
12	325
12	325
12	325
12	325
12	325
12	325
12	325
12	325
12	325
12	325
12	325
12	325
13	325
15	325
13	325
603	325
35	325
13	325
12	325
12	325
16	325
12	325
12	325
12	325
12	325
12	325
12	325
12	325
12	325
15	325
12	325
12	325
12	325
12	325
12	325
13	325
12	325
12	325
12	325
12	325
11	325
12	325
12	325
13	325
12	325
606	325
32	325
13	325
12	325
12	325
16	325
12	325
12	325
12	325
12	325
12	325
12	325
12	325
12	325
12	325
12	325
12	325
12	325
12	325
12	325
12	325
12	325
12	325
12	325
17	325
12	325
12	325
12	325
12	325
13	325
603	325
14	325
32	325
12	325
12	325
15	325
12	325
12	325
12	325
12	325
12	325
12	325
12	325
12	325
12	325
12	325
13	325
12	325
12	325
12	325
12	325
12	325
12	325
12	325
12	325
12	325
12	325
12	325
12	325
12	325
611	325
13	325
32	325
12	325
14	325
16	325
12	325
12	325
12	325
12	325
12	325
12	325
12	325
12	325
12	325
13	325
12	325
12	325
12	325
12	325
12	325
12	325
12	325
12	325
12	325
12	325
12	325
12	325
12	325
15	325
606	325
15	325
30	325
13	325
12	325
15	325
12	325
12	325
12	325
12	325
12	325
12	325
12	325
12	325
16	325
12	325
12	325
12	325
12	325
12	325
12	325
13	325
12	325
12	325
12	325
12	325
12	325
12	325
12	325
12	325
609	325
13	325
31	325
12	325
12	325
15	325
12	325
12	325
12	325
12	325
12	325
12	325
12	325
12	325
12	325
12	325
12	325
12	325
12	325
12	325
12	325
12	325
12	325
12	325
15	325
13	325
13	325
12	325
12	325
13	325
604	325
13	325
34	325
12	325
12	325
15	325
12	325
12	325
12	325
12	325
12	325
12	325
12	325
12	325
12	325
12	325
12	325
12	325
12	325
12	325
13	325
12	325
12	325
12	325
13	325
11	325
12	325
12	325
12	325
12	325
617	325
14	325
31	325
20	325
16	325
12	325
12	325
12	325
12	325
12	325
12	325
12	325
12	325
12	325
13	325
12	325
12	325
12	325
12	325
12	325
12	325
12	325
12	325
12	325
12	325
12	325
12	325
13	325
12	325
12	325
599	325
13	325
34	325
12	325
12	325
16	325
12	325
12	325
12	325
12	325
12	325
12	325
12	325
15	325
12	325
12	325
12	325
13	325
12	325
12	325
12	325
12	325
12	325
12	325
12	325
12	325
12	325
12	325
12	325
12	325
613	325
33	325
12	325
12	325
13	325
16	325
12	325
12	325
12	325
12	325
12	325
12	325
12	325
12	325
12	325
12	325
11	325
12	325
11	325
12	325
13	325
11	325
12	325
14	325
12	325
12	325
12	325
11	325
13	325
12	325
609	325
15	325
31	325
12	325
12	325
15	325
13	325
12	325
12	325
12	325
12	325
12	325
12	325
12	325
12	325
12	325
12	325
12	325
46	325
23	325
19	325
22	325
21	325
20	325
21	325
22	325
21	325
21	325
22	325
22	325
544	325
40	325
22	325
23	325
20	325
19	325
17	325
22	325
19	325
17	325
19	325
17	325
17	325
17	325
17	325
19	325
19	325
17	325
17	325
18	325
18	325
18	325
18	325
18	325
18	325
19	325
18	325
20	325
19	325
19	325
401	325
21	325
23	325
18	325
17	325
16	325
16	325
17	325
17	325
17	325
17	325
17	325
17	325
23	325
17	325
17	325
16	325
16	325
16	325
16	325
18	325
17	325
16	325
17	325
16	325
17	325
16	325
17	325
17	325
16	325
495	325
32	325
20	325
19	325
16	325
17	325
16	325
16	325
16	325
16	325
16	325
17	325
16	325
16	325
15	325
16	325
15	325
15	325
15	325
15	325
15	325
15	325
15	325
20	325
15	325
15	325
16	325
16	325
16	325
16	325
482	325
19	325
21	325
17	325
16	325
16	325
15	325
16	325
15	325
15	325
16	325
16	325
16	325
15	325
15	325
15	325
16	325
16	325
15	325
15	325
16	325
15	325
15	325
16	325
15	325
15	325
15	325
15	325
15	325
15	325
528	325
15	325
17	325
16	325
12	325
11	325
11	325
11	325
11	325
11	325
12	325
11	325
11	325
11	325
11	325
11	325
11	325
20	325
11	325
10	325
11	325
10	325
10	325
11	325
10	325
11	325
12	325
10	325
10	325
10	325
615	325
26	325
12	325
11	325
15	325
12	325
11	325
12	325
11	325
12	325
11	325
12	325
15	325
12	325
12	325
12	325
12	325
12	325
12	325
11	325
12	325
12	325
14	325
12	325
11	325
12	325
11	325
12	325
11	325
11	325
648	325
13	325
11	325
12	325
14	325
11	325
11	325
12	325
12	325
12	325
11	325
12	325
11	325
12	325
11	325
12	325
12	325
12	325
18	325
526	325
14	325
7	325
10	325
11	325
17	325
8	325
17	325
7	325
8	325
12	325
90	325
12	325
11	325
16	325
12	325
12	325
12	325
11	325
11	325
11	325
11	325
12	325
12	325
12	325
11	325
13	325
12	325
12	325
12	325
13	325
12	325
12	325
11	325
11	325
12	325
12	325
11	325
11	325
11	325
11	325
635	325
12	325
12	325
13	325
11	325
11	325
12	325
11	325
11	325
12	325
11	325
11	325
11	325
12	325
11	325
11	325
11	325
12	325
12	325
12	325
11	325
12	325
12	325
11	325
11	325
11	325
12	325
11	325
11	325
11	325
648	325
12	325
12	325
12	325
11	325
11	325
12	325
11	325
12	325
12	325
11	325
11	325
11	325
11	325
11	325
11	325
11	325
12	325
12	325
12	325
12	325
11	325
12	325
12	325
12	325
11	325
11	325
11	325
11	325
11	325
652	325
11	325
11	325
11	325
12	325
12	325
12	325
11	325
11	325
11	325
12	325
12	325
11	325
11	325
13	325
11	325
12	325
11	325
11	325
11	325
11	325
11	325
12	325
12	325
12	325
12	325
11	325
12	325
13	325
11	325
641	325
10	325
11	325
11	325
12	325
12	325
12	325
11	325
11	325
11	325
11	325
11	325
12	325
12	325
11	325
12	325
11	325
11	325
11	325
12	325
11	325
12	325
12	325
11	325
12	325
11	325
11	325
12	325
11	325
12	325
651	325
12	325
11	325
11	325
11	325
11	325
11	325
11	325
11	325
11	325
11	325
11	325
11	325
11	325
11	325
11	325
11	325
12	325
12	325
12	325
11	325
11	325
11	325
11	325
12	325
12	325
11	325
12	325
12	325
11	325
653	325
12	325
11	325
11	325
11	325
12	325
11	325
11	325
11	325
11	325
12	325
12	325
12	325
11	325
11	325
12	325
11	325
12	325
11	325
11	325
11	325
12	325
11	325
12	325
12	325
11	325
11	325
12	325
11	325
11	325
653	325
12	325
11	325
11	325
12	325
11	325
11	325
11	325
13	325
12	325
11	325
11	325
11	325
11	325
11	325
11	325
11	325
11	325
11	325
12	325
11	325
12	325
12	325
11	325
11	325
11	325
12	325
11	325
11	325
12	325
650	325
12	325
12	325
12	325
11	325
11	325
12	325
12	325
12	325
12	325
11	325
11	325
12	325
12	325
12	325
12	325
11	325
12	325
11	325
11	325
12	325
11	325
11	325
11	325
11	325
11	325
11	325
12	325
11	325
11	325
656	325
12	325
12	325
12	325
12	325
15	325
12	325
11	325
12	325
11	325
11	325
11	325
11	325
11	325
12	325
11	325
11	325
11	325
11	325
11	325
11	325
16	325
12	325
11	325
11	325
11	325
11	325
11	325
11	325
11	325
641	325
12	325
11	325
12	325
12	325
12	325
12	325
11	325
11	325
12	325
11	325
12	325
11	325
12	325
11	325
11	325
12	325
11	325
11	325
11	325
11	325
12	325
12	325
11	325
12	325
12	325
12	325
11	325
23	325
8	325
644	325
12	325
11	325
11	325
12	325
12	325
12	325
12	325
12	325
12	325
11	325
12	325
11	325
11	325
11	325
10	325
11	325
12	325
11	325
11	325
12	325
11	325
11	325
12	325
11	325
11	325
12	325
12	325
12	325
12	325
649	325
12	325
11	325
12	325
11	325
13	325
12	325
12	325
12	325
12	325
12	325
12	325
12	325
12	325
13	325
12	325
12	325
11	325
12	325
12	325
11	325
11	325
12	325
11	325
11	325
11	325
11	325
12	325
11	325
12	325
649	325
10	325
11	325
12	325
12	325
12	325
12	325
12	325
11	325
12	325
12	325
12	325
11	325
12	325
11	325
11	325
12	325
11	325
12	325
11	325
11	325
11	325
11	325
12	325
11	325
11	325
11	325
12	325
12	325
12	325
651	325
13	325
11	325
11	325
11	325
12	325
11	325
11	325
12	325
11	325
12	325
11	325
12	325
12	325
11	325
11	325
11	325
11	325
11	325
11	325
11	325
11	325
11	325
11	325
12	325
11	325
11	325
11	325
11	325
11	325
654	325
11	325
11	325
11	325
11	325
11	325
11	325
12	325
11	325
11	325
12	325
11	325
12	325
11	325
12	325
12	325
11	325
11	325
11	325
11	325
11	325
11	325
11	325
11	325
11	325
11	325
11	325
12	325
11	325
11	325
657	325
12	325
11	325
11	325
11	325
11	325
11	325
11	325
11	325
11	325
11	325
11	325
11	325
11	325
11	325
12	325
11	325
11	325
11	325
12	325
11	325
12	325
11	325
11	325
11	325
11	325
11	325
11	325
12	325
12	325
655	325
12	325
12	325
11	325
11	325
12	325
11	325
11	325
11	325
12	325
11	325
11	325
12	325
11	325
11	325
12	325
12	325
12	325
12	325
11	325
11	325
11	325
11	325
11	325
11	325
11	325
13	325
11	325
11	325
11	325
655	325
12	325
11	325
11	325
12	325
12	325
11	325
11	325
15	325
13	325
11	325
12	325
11	325
11	325
11	325
12	325
11	325
12	325
11	325
12	325
12	325
11	325
11	325
11	325
12	325
11	325
11	325
11	325
12	325
11	325
651	325
11	325
11	325
12	325
11	325
11	325
11	325
11	325
11	325
11	325
11	325
11	325
11	325
12	325
11	325
11	325
11	325
12	325
11	325
11	325
11	325
12	325
11	325
11	325
11	325
11	325
12	325
14	325
11	325
12	325
653	325
11	325
12	325
11	325
11	325
11	325
12	325
11	325
11	325
11	325
11	325
11	325
11	325
11	325
11	325
12	325
11	325
11	325
11	325
12	325
11	325
12	325
12	325
11	325
12	325
11	325
11	325
11	325
11	325
12	325
658	325
12	325
12	325
11	325
12	325
11	325
12	325
11	325
11	325
11	325
11	325
12	325
11	325
11	325
12	325
11	325
11	325
14	325
12	325
12	325
11	325
11	325
12	325
12	325
11	325
12	325
12	325
11	325
11	325
11	325
647	325
12	325
11	325
11	325
11	325
11	325
11	325
11	325
11	325
11	325
11	325
12	325
11	325
11	325
11	325
11	325
11	325
11	325
12	325
11	325
12	325
11	325
11	325
12	325
11	325
11	325
13	325
12	325
12	325
11	325
682	325
16	325
12	325
12	325
11	325
12	325
11	325
12	325
12	325
11	325
12	325
12	325
12	325
11	325
11	325
11	325
11	325
11	325
12	325
12	325
12	325
11	325
12	325
11	325
14	325
13	325
12	325
12	325
12	325
11	325
640	325
16	325
12	325
12	325
12	325
12	325
12	325
11	325
11	325
12	325
12	325
12	325
11	325
12	325
11	325
11	325
11	325
11	325
12	325
12	325
12	325
11	325
12	325
11	325
12	325
11	325
12	325
11	325
12	325
12	325
644	325
16	325
12	325
12	325
12	325
12	325
12	325
11	325
12	325
11	325
11	325
11	325
12	325
12	325
11	325
11	325
11	325
11	325
11	325
12	325
11	325
12	325
12	325
11	325
11	325
12	325
13	325
12	325
12	325
12	325
645	325
16	325
13	325
12	325
12	325
10	325
12	325
12	325
11	325
12	325
11	325
11	325
11	325
11	325
12	325
11	325
11	325
12	325
12	325
11	325
12	325
11	325
12	325
11	325
12	325
11	325
11	325
12	325
11	325
11	325
647	325
16	325
13	325
13	325
13	325
12	325
12	325
12	325
11	325
12	325
15	325
12	325
11	325
11	325
11	325
12	325
11	325
12	325
11	325
12	325
12	325
11	325
12	325
11	325
12	325
11	325
11	325
11	325
13	325
12	325
635	325
16	325
12	325
12	325
12	325
12	325
12	325
11	325
12	325
12	325
12	325
11	325
12	325
12	325
11	325
11	325
11	325
12	325
12	325
11	325
12	325
11	325
12	325
11	325
12	325
11	325
11	325
11	325
11	325
12	325
656	325
16	325
13	325
12	325
12	325
12	325
12	325
12	325
12	325
12	325
12	325
12	325
12	325
12	325
11	325
12	325
12	325
11	325
12	325
11	325
11	325
12	325
12	325
12	325
12	325
12	325
12	325
12	325
13	325
12	325
643	325
16	325
12	325
12	325
12	325
12	325
12	325
12	325
12	325
12	325
11	325
11	325
11	325
11	325
11	325
11	325
12	325
12	325
11	325
11	325
12	325
11	325
11	325
12	325
11	325
12	325
11	325
12	325
11	325
11	325
646	325
15	325
12	325
12	325
12	325
11	325
12	325
12	325
12	325
12	325
12	325
13	325
12	325
11	325
11	325
11	325
12	325
12	325
11	325
12	325
12	325
12	325
11	325
12	325
12	325
13	325
11	325
13	325
12	325
11	325
635	325
15	325
12	325
12	325
12	325
12	325
12	325
12	325
12	325
13	325
12	325
12	325
12	325
12	325
11	325
11	325
11	325
12	325
11	325
11	325
11	325
12	325
11	325
12	325
12	325
12	325
11	325
11	325
11	325
12	325
635	325
14	325
11	325
12	325
11	325
11	325
11	325
11	325
11	325
12	325
11	325
11	325
12	325
11	325
11	325
11	325
11	325
11	325
11	325
11	325
11	325
11	325
12	325
11	325
11	325
11	325
11	325
20	325
11	325
10	325
651	325
12	325
11	325
11	325
10	325
11	325
10	325
11	325
10	325
11	325
10	325
10	325
10	325
10	325
10	325
11	325
11	325
11	325
11	325
10	325
10	325
11	325
11	325
10	325
10	325
10	325
10	325
10	325
10	325
11	325
697	325
13	325
11	325
11	325
10	325
11	325
10	325
10	325
10	325
10	325
10	325
15	325
16	325
17	325
11	325
10	325
10	325
10	325
15	325
16	325
11	325
10	325
10	325
10	325
10	325
10	325
10	325
10	325
10	325
10	325
656	325
14	325
12	325
11	325
11	325
11	325
11	325
11	325
10	325
11	325
11	325
11	325
11	325
14	325
11	325
11	325
11	325
11	325
11	325
12	325
11	325
11	325
11	325
11	325
11	325
11	325
11	325
11	325
21	325
12	325
645	325
15	325
13	325
11	325
12	325
11	325
11	325
11	325
11	325
11	325
12	325
11	325
11	325
11	325
12	325
11	325
11	325
12	325
12	325
12	325
12	325
12	325
11	325
12	325
12	325
11	325
12	325
11	325
12	325
10	325
647	325
15	325
12	325
12	325
12	325
11	325
12	325
11	325
12	325
12	325
12	325
11	325
11	325
12	325
13	325
12	325
11	325
12	325
11	325
12	325
12	325
12	325
12	325
12	325
12	325
11	325
12	325
12	325
12	325
12	325
631	325
15	325
13	325
12	325
11	325
12	325
12	325
11	325
12	325
11	325
12	325
11	325
11	325
12	325
12	325
11	325
11	325
11	325
12	325
12	325
12	325
12	325
12	325
12	325
12	325
12	325
11	325
12	325
12	325
11	325
649	325
16	325
12	325
12	325
12	325
12	325
12	325
12	325
12	325
12	325
11	325
11	325
11	325
11	325
12	325
12	325
11	325
12	325
12	325
11	325
12	325
11	325
12	325
12	325
12	325
11	325
13	325
12	325
11	325
11	325
645	325
16	325
12	325
12	325
12	325
12	325
11	325
11	325
11	325
13	325
12	325
12	325
11	325
11	325
11	325
11	325
11	325
11	325
12	325
11	325
12	325
12	325
12	325
13	325
12	325
12	325
12	325
12	325
12	325
12	325
632	325
16	325
12	325
12	325
12	325
12	325
11	325
13	325
12	325
12	325
12	325
12	325
12	325
12	325
12	325
11	325
11	325
11	325
12	325
11	325
12	325
12	325
11	325
14	325
12	325
11	325
12	325
12	325
13	325
12	325
642	325
15	325
12	325
12	325
11	325
12	325
12	325
12	325
12	325
12	325
12	325
11	325
12	325
11	325
12	325
12	325
11	325
12	325
12	325
11	325
11	325
11	325
12	325
11	325
11	325
20	325
12	325
11	325
12	325
12	325
657	325
16	325
13	325
12	325
11	325
12	325
11	325
12	325
11	325
12	325
11	325
12	325
12	325
11	325
12	325
12	325
12	325
12	325
10	325
12	325
12	325
14	325
12	325
11	325
12	325
11	325
11	325
11	325
11	325
12	325
633	325
16	325
13	325
12	325
12	325
11	325
12	325
11	325
12	325
12	325
12	325
11	325
11	325
12	325
11	325
17	325
13	325
12	325
11	325
12	325
11	325
12	325
11	325
11	325
11	325
12	325
12	325
12	325
12	325
12	325
635	325
16	325
12	325
12	325
12	325
12	325
12	325
11	325
11	325
12	325
12	325
11	325
12	325
12	325
12	325
12	325
12	325
12	325
12	325
13	325
11	325
11	325
11	325
11	325
12	325
11	325
12	325
11	325
12	325
14	325
634	325
13	325
6	325
10	325
11	325
12	325
12	325
13	325
11	325
11	325
11	325
11	325
12	325
10	325
13	325
11	325
12	325
12	325
12	325
13	325
12	325
12	325
11	325
11	325
11	325
16	325
12	325
11	325
12	325
12	325
636	325
16	325
12	325
12	325
12	325
11	325
12	325
12	325
12	325
12	325
12	325
12	325
12	325
11	325
11	325
12	325
12	325
13	325
11	325
11	325
12	325
12	325
11	325
11	325
12	325
11	325
11	325
12	325
11	325
11	325
660	325
16	325
12	325
12	325
12	325
12	325
12	325
12	325
12	325
12	325
13	325
12	325
12	325
11	325
12	325
11	325
12	325
11	325
12	325
12	325
12	325
12	325
11	325
11	325
13	325
12	325
11	325
12	325
11	325
12	325
643	325
16	325
13	325
12	325
11	325
12	325
12	325
12	325
12	325
13	325
12	325
12	325
12	325
12	325
13	325
12	325
12	325
12	325
12	325
11	325
12	325
12	325
11	325
12	325
12	325
11	325
12	325
11	325
12	325
12	325
645	325
16	325
12	325
12	325
12	325
12	325
12	325
14	325
12	325
12	325
12	325
12	325
12	325
12	325
12	325
13	325
12	325
12	325
11	325
12	325
11	325
11	325
12	325
12	325
11	325
12	325
11	325
11	325
11	325
11	325
636	325
14	325
13	325
12	325
11	325
11	325
12	325
12	325
11	325
11	325
12	325
12	325
12	325
11	325
12	325
12	325
12	325
11	325
11	325
13	325
12	325
12	325
11	325
11	325
12	325
11	325
11	325
11	325
12	325
12	325
642	325
16	325
12	325
13	325
12	325
12	325
12	325
12	325
12	325
12	325
12	325
12	325
12	325
12	325
12	325
12	325
12	325
12	325
12	325
12	325
11	325
12	325
11	325
12	325
12	325
11	325
11	325
11	325
11	325
11	325
640	325
15	325
13	325
11	325
12	325
12	325
11	325
13	325
11	325
12	325
12	325
12	325
12	325
12	325
12	325
12	325
10	325
12	325
17	325
13	325
12	325
11	325
12	325
11	325
12	325
11	325
11	325
12	325
12	325
11	325
640	325
15	325
12	325
12	325
11	325
11	325
12	325
12	325
12	325
12	325
12	325
12	325
11	325
11	325
12	325
12	325
11	325
11	325
12	325
13	325
12	325
12	325
12	325
12	325
12	325
12	325
11	325
12	325
12	325
11	325
638	325
16	325
13	325
12	325
12	325
14	325
11	325
12	325
11	325
12	325
12	325
11	325
11	325
11	325
12	325
12	325
11	325
12	325
12	325
12	325
12	325
12	325
12	325
12	325
12	325
12	325
12	325
14	325
11	325
12	325
639	325
16	325
12	325
12	325
12	325
12	325
12	325
12	325
12	325
12	325
11	325
11	325
12	325
12	325
11	325
12	325
12	325
12	325
12	325
12	325
12	325
12	325
12	325
12	325
12	325
12	325
11	325
11	325
11	325
12	325
643	325
16	325
14	325
12	325
12	325
12	325
12	325
12	325
12	325
13	325
12	325
12	325
12	325
11	325
11	325
11	325
11	325
11	325
12	325
11	325
12	325
12	325
12	325
12	325
12	325
12	325
12	325
12	325
11	325
12	325
638	325
16	325
12	325
12	325
12	325
11	325
12	325
11	325
11	325
12	325
12	325
11	325
12	325
12	325
12	325
11	325
11	325
11	325
11	325
11	325
11	325
12	325
11	325
12	325
11	325
12	325
12	325
12	325
13	325
13	325
642	325
16	325
12	325
12	325
11	325
12	325
13	325
11	325
12	325
12	325
12	325
12	325
12	325
12	325
12	325
12	325
11	325
12	325
12	325
12	325
13	325
12	325
12	325
12	325
12	325
11	325
12	325
12	325
11	325
31	325
