0	100
625	100
922	100
1015	100
988	100
1014	100
997	100
1010	100
1014	100
989	100
998	100
978	100
1050	100
972	100
996	100
1008	100
970	100
1077	100
937	100
995	100
997	100
1005	100
984	100
998	100
1043	100
973	100
998	100
998	100
1010	100
991	100
996	100
985	100
1014	100
1002	100
998	100
998	100
1001	100
997	100
1002	100
1046	100
962	100
995	100
1011	100
987	100
998	100
1001	100
998	100
1149	100
836	100
1000	100
1013	100
999	100
999	100
1008	100
992	100
1006	100
993	100
1002	100
993	100
1060	100
1032	100
927	100
969	100
1032	100
968	100
1978	100
1343	100
1104	100
1126	100
1111	100
1146	100
1102	100
1106	100
1100	100
1106	100
1107	100
1105	100
1110	100
1108	100
1106	100
1102	100
1101	100
1109	100
1105	100
1097	100
1117	100
1097	100
1086	100
1096	100
1098	100
1121	100
1095	100
1073	100
1083	100
1082	100
1086	100
1135	100
1106	100
1089	100
1094	100
1093	100
1096	100
1129	100
1082	100
1080	100
1093	100
1094	100
1106	100
1089	100
1100	100
1100	100
1417	100
1092	100
1090	100
1096	100
1101	100
1094	100
1099	100
1081	100
1110	100
1083	100
1079	100
1100	100
1074	100
1082	100
1086	100
1106	100
1119	100
1088	100
1087	100
1091	100
1070	100
1069	100
1080	100
1078	100
1078	100
1078	100
1078	100
1096	100
1091	100
1091	100
1091	100
1096	100
1070	100
1080	100
1078	100
1078	100
1078	100
1079	100
1092	100
1093	100
1093	100
1091	100
1092	100
1095	100
1070	100
1078	100
1078	100
1845	100
445	100
1089	100
1090	100
1089	100
1089	100
1102	100
1108	100
1089	100
1088	100
1089	100
1112	100
1093	100
1079	100
1078	100
1085	100
1091	100
1111	100
1074	100
1085	100
1089	100
1083	100
1100	100
1102	100
1089	100
1090	100
1090	100
1139	100
1107	100
1099	100
1090	100
1087	100
1269	100
942	100
1070	100
1135	100
1089	100
1099	100
1102	100
1088	100
1083	100
1093	100
1088	100
1088	100
1109	100
1088	100
1089	100
1105	100
1068	100
1078	100
1061	100
1073	100
1071	100
1063	100
1061	100
1060	100
1063	100
1060	100
1056	100
1068	100
1061	100
1063	100
1062	100
1074	100
1059	100
1066	100
1063	100
1062	100
1061	100
1062	100
1062	100
1062	100
1062	100
1063	100
1063	100
1062	100
1063	100
1064	100
1081	100
1082	100
1107	100
1069	100
1092	100
1091	100
1091	100
1104	100
1101	100
1082	100
1079	100
1089	100
1073	100
1068	100
1078	100
1087	100
1087	100
1150	100
1065	100
1106	100
1109	100
1093	100
1088	100
1074	100
1089	100
1087	100
1088	100
1083	100
1087	100
1088	100
1090	100
1097	100
1087	100
1088	100
1101	100
1083	100
1087	100
1088	100
1086	100
1087	100
1087	100
1088	100
1086	100
1087	100
1087	100
1086	100
1078	100
1087	100
1087	100
1087	100
1087	100
1081	100
1087	100
1087	100
1087	100
1087	100
1087	100
1090	100
1117	100
1093	100
1093	100
1087	100
1083	100
1084	100
1088	100
1087	100
1089	100
1087	100
1098	100
1088	100
1073	100
1086	100
1733	100
1047	100
1092	100
1092	100
1087	100
1088	100
1087	100
1087	100
1088	100
1079	100
1087	100
1085	100
1106	100
1112	100
1117	100
1077	100
1076	100
1084	100
1081	100
1081	100
1084	100
1084	100
1084	100
1087	100
1067	100
1070	100
1080	100
1081	100
1080	100
1080	100
1081	100
1080	100
1081	100
1084	100
1086	100
1082	100
1066	100
1070	100
1071	100
1079	100
1080	100
1076	100
1079	100
1078	100
1084	100
1086	100
1084	100
1083	100
1088	100
1067	100
1069	100
1081	100
1079	100
1080	100
1080	100
1080	100
1085	100
1084	100
1084	100
1083	100
1082	100
1069	100
1064	100
1069	100
1081	100
1079	100
1081	100
1080	100
1076	100
1080	100
1089	100
1085	100
1083	100
1085	100
1078	100
1108	100
1084	100
1091	100
1112	100
1063	100
1078	100
1079	100
1080	100
1083	100
1083	100
1074	100
1080	100
1074	100
1082	100
1087	100
1083	100
1082	100
1082	100
1153	100
1040	100
1102	100
1083	100
1102	100
1084	100
1088	100
1084	100
1089	100
1083	100
1084	100
1084	100
1083	100
1083	100
1083	100
1097	100
1118	100
1063	100
1087	100
1090	100
1083	100
1088	100
1089	100
1088	100
1086	100
1087	100
1091	100
1090	100
1083	100
1084	100
1083	100
1084	100
1083	100
1094	100
1074	100
1083	100
1092	100
1084	100
1085	100
1072	100
1082	100
1089	100
1083	100
1079	100
1083	100
1076	100
1093	100
1069	100
1264	100
1088	100
1082	100
1082	100
1082	100
1083	100
1083	100
1096	100
1065	100
1089	100
1078	100
1076	100
1079	100
1086	100
1068	100
1075	100
1079	100
1078	100
1082	100
1076	100
1079	100
1079	100
1081	100
1082	100
1082	100
1073	100
1069	100
1069	100
1068	100
1079	100
1082	100
1074	100
1082	100
1077	100
1083	100
1090	100
1078	100
1081	100
1066	100
1068	100
1068	100
1079	100
1079	100
1086	100
1075	100
1080	100
1078	100
1082	100
1083	100
1084	100
1143	100
1050	100
1064	100
1078	100
1079	100
1079	100
1079	100
1075	100
1079	100
1093	100
1072	100
1084	100
1083	100
1104	100
1061	100
1054	100
1079	100
1081	100
1079	100
1073	100
1078	100
1082	100
1074	100
1103	100
1084	100
1093	100
1066	100
1068	100
1069	100
1079	100
1079	100
1079	100
1080	100
1072	100
1085	100
1084	100
1083	100
1079	100
1096	100
1061	100
1068	100
1080	100
1080	100
1080	100
1080	100
1079	100
1083	100
1083	100
1083	100
1082	100
1094	100
1086	100
1067	100
1071	100
1073	100
1073	100
1084	100
1079	100
1079	100
1091	100
1081	100
1084	100
1083	100
1089	100
1060	100
1069	100
1087	100
1078	100
1080	100
1080	100
1080	100
1080	100
1080	100
1084	100
1073	100
1094	100
1087	100
1060	100
1087	100
1075	100
1084	100
1075	100
1084	100
1118	100
1045	100
1084	100
1083	100
1084	100
1091	100
1064	100
1069	100
1079	100
1079	100
1079	100
1074	100
1077	100
1082	100
1083	100
1084	100
1078	100
1095	100
1055	100
1074	100
1069	100
1080	100
1080	100
1079	100
1079	100
1075	100
1082	100
1082	100
1085	100
1085	100
1631	100
1066	100
1063	100
1073	100
1086	100
1053	100
1094	100
1083	100
1083	100
1083	100
1083	100
1084	100
1084	100
1079	100
1088	100
1083	100
1071	100
1085	100
1091	100
1083	100
1072	100
1084	100
1084	100
1083	100
1084	100
1085	100
1084	100
1089	100
1082	100
1085	100
1096	100
1068	100
1069	100
1081	100
1074	100
1085	100
1079	100
1080	100
1083	100
1073	100
1073	100
1071	100
1068	100
1087	100
1067	100
1072	100
1058	100
1071	100
1086	100
1056	100
1075	100
1086	100
1057	100
1071	100
1071	100
1072	100
1070	100
1061	100
1084	100
1081	100
1078	100
1076	100
1083	100
1080	100
1073	100
1073	100
1076	100
1075	100
1063	100
1071	100
1096	100
1067	100
1065	100
1079	100
1079	100
1080	100
1080	100
1080	100
1079	100
1097	100
1072	100
1094	100
1113	100
1074	100
1064	100
1081	100
1079	100
1079	100
1075	100
1084	100
1082	100
1083	100
1085	100
1098	100
1087	100
1078	100
1065	100
1086	100
1085	100
1085	100
1087	100
1085	100
1077	100
1088	100
1089	100
1083	100
1084	100
1063	100
1070	100
1070	100
1081	100
1081	100
1080	100
1080	100
1074	100
1091	100
1087	100
1087	100
1091	100
1063	100
1062	100
1062	100
1079	100
1080	100
1099	100
1076	100
1090	100
1089	100
1089	100
1090	100
1089	100
1113	100
1067	100
1086	100
1085	100
1084	100
1092	100
1070	100
1084	100
1089	100
1089	100
1087	100
1087	100
1075	100
1055	100
1070	100
1086	100
1080	100
1090	100
1080	100
1093	100
1089	100
1079	100
1079	100
1089	100
1098	100
1053	100
1070	100
1085	100
1085	100
1086	100
1085	100
1098	100
1068	100
1089	100
1088	100
1093	100
1089	100
1075	100
1056	100
1085	100
1085	100
1085	100
1086	100
1085	100
1088	100
1088	100
1090	100
1088	100
1092	100
1056	100
1070	100
1085	100
1087	100
1085	100
1085	100
1091	100
1106	100
1042	100
1070	100
1078	100
1103	100
1054	100
1062	100
1067	100
1075	100
1072	100
1091	100
1064	100
1075	100
1084	100
1083	100
1083	100
1084	100
1084	100
1097	100
1069	100
1081	100
1072	100
1081	100
1078	100
1079	100
1078	100
1079	100
1083	100
1081	100
1081	100
1091	100
1062	100
2525	100
1082	100
1059	100
1058	100
1059	100
1059	100
1061	100
1083	100
1044	100
1061	100
1060	100
1060	100
1061	100
1062	100
1061	100
1062	100
1062	100
1063	100
1062	100
1063	100
1062	100
1061	100
1076	100
1075	100
1062	100
1056	100
1066	100
1062	100
1062	100
1062	100
1087	100
1087	100
1086	100
1086	100
1086	100
1086	100
1085	100
1086	100
1085	100
1087	100
1084	100
1076	100
1089	100
1084	100
1075	100
1085	100
1085	100
1084	100
1090	100
1085	100
1084	100
1088	100
1089	100
1084	100
1085	100
1084	100
1085	100
1084	100
1084	100
1076	100
1096	100
1089	100
1084	100
1085	100
1085	100
1085	100
1085	100
1084	100
1085	100
1084	100
1084	100
1084	100
1085	100
1085	100
1085	100
1084	100
1085	100
1084	100
1086	100
1085	100
1097	100
1080	100
1101	100
1085	100
1084	100
1084	100
1084	100
1086	100
1085	100
1090	100
1084	100
1084	100
1075	100
1090	100
1088	100
1084	100
1084	100
1085	100
1085	100
1085	100
1084	100
1086	100
1085	100
1084	100
1085	100
1085	100
1084	100
1084	100
1084	100
1086	100
1085	100
1084	100
1085	100
1084	100
1086	100
1084	100
1085	100
1084	100
1080	100
1090	100
1085	100
1084	100
1084	100
1085	100
1084	100
1085	100
1087	100
1086	100
1084	100
1085	100
1085	100
1085	100
1084	100
1084	100
1085	100
1086	100
1084	100
1085	100
1087	100
1079	100
1084	100
1084	100
1085	100
1084	100
1066	100
1090	100
1084	100
1080	100
1081	100
1081	100
1081	100
1080	100
1080	100
1063	100
1077	100
1075	100
1065	100
1077	100
1086	100
1059	100
1085	100
1057	100
1071	100
1072	100
1086	100
1057	100
1070	100
1045	100
1085	100
1075	100
1057	100
1086	100
1066	100
1075	100
1057	100
1086	100
1058	100
1085	100
1065	100
1080	100
1065	100
1048	100
1088	100
1074	100
1072	100
1081	100
1080	100
1074	100
1072	100
1079	100
1077	100
1071	100
1071	100
1074	100
1071	100
1087	100
1057	100
1072	100
1072	100
1071	100
1071	100
1071	100
1085	100
1058	100
1072	100
1082	100
1061	100
1073	100
1067	100
1099	100
1061	100
1073	100
1071	100
1072	100
1084	100
1057	100
1084	100
1059	100
1085	100
1057	100
1073	100
1085	100
1048	100
1086	100
1073	100
1070	100
1085	100
1072	100
1059	100
1071	100
1074	100
1073	100
1072	100
1086	100
1070	100
1059	100
1104	100
1035	100
1072	100
1073	100
1071	100
1071	100
1072	100
1072	100
1071	100
1073	100
1072	100
1079	100
1071	100
1082	100
1066	100
1073	100
1059	100
1072	100
1072	100
1071	100
1072	100
1071	100
1080	100
1092	100
1063	100
1072	100
1071	100
1079	100
1076	100
1059	100
1117	100
1099	100
1086	100
1073	100
1071	100
1071	100
1068	100
1084	100
1069	100
1075	100
1102	100
1088	100
1084	100
1084	100
1083	100
1083	100
1080	100
1084	100
1083	100
1084	100
1083	100
1095	100
1086	100
1066	100
1080	100
1083	100
1096	100
1083	100
1084	100
1087	100
1074	100
1099	100
1084	100
1090	100
1083	100
1069	100
1080	100
1079	100
1083	100
1069	100
1079	100
1079	100
1080	100
1081	100
1083	100
1079	100
1101	100
1070	100
1069	100
1079	100
1086	100
1051	100
1076	100
1085	100
1073	100
1070	100
1071	100
1072	100
1053	100
1089	100
1071	100
1061	100
1071	100
1071	100
1057	100
1101	100
1070	100
1071	100
1071	100
1072	100
1070	100
1057	100
1065	100
1086	100
1071	100
1061	100
1071	100
1071	100
1070	100
1071	100
1057	100
1084	100
1070	100
1071	100
1072	100
1056	100
1071	100
1083	100
1058	100
1069	100
1079	100
1079	100
1080	100
1079	100
1079	100
1074	100
1082	100
1083	100
1083	100
1083	100
1104	100
1062	100
1054	100
1079	100
1079	100
1074	100
1084	100
1080	100
1081	100
1083	100
1084	100
1082	100
1093	100
1087	100
1075	100
1064	100
1079	100
1080	100
1080	100
1080	100
1096	100
1084	100
1082	100
1083	100
1082	100
1093	100
1069	100
1069	100
1079	100
1079	100
1081	100
1073	100
1089	100
1076	100
1080	100
1083	100
1084	100
1093	100
1074	100
1054	100
1079	100
1079	100
1079	100
1081	100
1079	100
1083	100
1082	100
1083	100
1082	100
1082	100
1097	100
1075	100
1054	100
1081	100
1079	100
1081	100
1079	100
1072	100
1079	100
1083	100
1084	100
1083	100
1094	100
1074	100
1054	100
1075	100
1085	100
1079	100
1079	100
1080	100
1073	100
1081	100
1078	100
1084	100
1081	100
1097	100
1051	100
1073	100
1080	100
1079	100
1072	100
1082	100
1085	100
1079	100
1083	100
1083	100
1083	100
1093	100
1087	100
1061	100
1078	100
1079	100
1080	100
1079	100
1079	100
1074	100
1083	100
1071	100
1080	100
1073	100
1088	100
1081	100
1084	100
1084	100
1083	100
1079	100
1089	100
1085	100
1084	100
1084	100
1084	100
1085	100
1112	100
1081	100
1083	100
1052	100
1101	100
1084	100
1085	100
1084	100
1073	100
1084	100
1082	100
1083	100
1092	100
1081	100
1083	100
1084	100
1084	100
1084	100
1082	100
1084	100
1085	100
1083	100
1083	100
1084	100
1117	100
1065	100
1084	100
1083	100
1084	100
1083	100
1085	100
1083	100
1077	100
1089	100
1083	100
1098	100
1088	100
1083	100
1084	100
1084	100
1083	100
1083	100
1084	100
1084	100
1085	100
1083	100
1080	100
1099	100
1082	100
1084	100
1083	100
1083	100
1084	100
1083	100
1083	100
1083	100
1084	100
1084	100
1083	100
1119	100
1065	100
1084	100
1084	100
1084	100
1083	100
1083	100
1084	100
1083	100
1086	100
1082	100
1084	100
1097	100
1101	100
1095	100
1108	100
1084	100
1085	100
1085	100
1078	100
1091	100
1082	100
1084	100
1095	100
1084	100
1083	100
1084	100
1085	100
1085	100
1083	100
1084	100
1076	100
1082	100
1086	100
1095	100
1075	100
1083	100
1085	100
1084	100
1085	100
1083	100
1084	100
1084	100
1083	100
1084	100
1137	100
1137	100
1084	100
1083	100
1082	100
1084	100
1082	100
1083	100
1084	100
1082	100
1083	100
1086	100
1080	100
1100	100
1084	100
1082	100
1084	100
1083	100
1084	100
1105	100
1071	100
1083	100
1083	100
1087	100
1109	100
1083	100
1083	100
1083	100
1082	100
1083	100
1095	100
1072	100
1084	100
1083	100
1084	100
1079	100
1098	100
1083	100
1084	100
1083	100
1083	100
1083	100
1085	100
1081	100
1083	100
1080	100
1085	100
1076	100
1099	100
1084	100
1082	100
1083	100
1084	100
1083	100
1102	100
1089	100
1084	100
1082	100
1083	100
1102	100
1083	100
1082	100
1083	100
1084	100
1084	100
1083	100
1083	100
1084	100
1083	100
1083	100
1094	100
1084	100
1083	100
1083	100
1083	100
1084	100
1083	100
1084	100
1085	100
1083	100
1083	100
1083	100
1096	100
1082	100
1083	100
1083	100
1084	100
1083	100
1083	100
1109	100
1097	100
1084	100
1115	100
1077	100
1082	100
1083	100
1083	100
1084	100
1083	100
1083	100
1095	100
1070	100
1083	100
1083	100
1084	100
1094	100
1081	100
1083	100
1084	100
1083	100
1083	100
1084	100
1083	100
1083	100
1083	100
1084	100
1083	100
1107	100
1070	100
1085	100
1083	100
1083	100
1084	100
1084	100
1082	100
1083	100
1084	100
1083	100
1075	100
1077	100
1069	100
1089	100
1083	100
1083	100
1083	100
1083	100
1082	100
1084	100
1079	100
1083	100
1083	100
1125	100
1065	100
1079	100
1084	100
1080	100
1079	100
1079	100
1093	100
1079	100
1083	100
1088	100
1084	100
1073	100
1068	100
1069	100
1079	100
1079	100
1078	100
1078	100
1076	100
1077	100
1082	100
1084	100
1082	100
1083	100
1064	100
1068	100
1067	100
1078	100
1079	100
1079	100
1079	100
1078	100
1083	100
1082	100
1083	100
1083	100
1083	100
1064	100
1067	100
1079	100
1079	100
1079	100
1078	100
1078	100
1078	100
1082	100
1089	100
1083	100
1082	100
1084	100
1065	100
1068	100
1078	100
1078	100
1079	100
1079	100
1074	100
1078	100
1084	100
1082	100
1082	100
1137	100
1022	100
1062	100
1063	100
1078	100
1078	100
1078	100
1078	100
1087	100
1088	100
1087	100
1088	100
1104	100
1085	100
1068	100
1067	100
1079	100
1078	100
1078	100
1076	100
1078	100
1079	100
1083	100
1083	100
1082	100
1082	100
1074	100
1065	100
1067	100
1084	100
1069	100
1078	100
1081	100
1077	100
1079	100
1078	100
1081	100
1093	100
1083	100
1103	100
1079	100
1077	100
1088	100
1072	100
1083	100
1088	100
1079	100
1082	100
1083	100
1088	100
1094	100
1087	100
1083	100
1084	100
1084	100
1084	100
1078	100
1085	100
1083	100
1083	100
1084	100
1085	100
1092	100
1087	100
1083	100
1079	100
1087	100
1082	100
1083	100
1072	100
1083	100
1084	100
1083	100
1082	100
1094	100
1088	100
1083	100
1083	100
1082	100
1084	100
1082	100
1083	100
1084	100
1079	100
1083	100
1083	100
1103	100
1081	100
1083	100
1083	100
1078	100
1083	100
1083	100
1084	100
1082	100
1098	100
1082	100
1083	100
1097	100
1087	100
1082	100
1083	100
1082	100
1084	100
1081	100
1079	100
1082	100
1083	100
1084	100
1098	100
1074	100
1083	100
1083	100
1096	100
1082	100
1080	100
1088	100
1082	100
1084	100
1083	100
1082	100
1091	100
1086	100
1083	100
1083	100
1083	100
2820	100
1057	100
1070	100
1071	100
1069	100
1085	100
1077	100
1066	100
1080	100
1078	100
1079	100
1090	100
1084	100
1081	100
1077	100
1081	100
1086	100
1075	100
1084	100
1072	100
1072	100
1075	100
1079	100
1072	100
1071	100
1069	100
1080	100
1081	100
1080	100
1082	100
1080	100
1081	100
1081	100
1081	100
1083	100
1081	100
1083	100
1068	100
1081	100
1081	100
1082	100
1080	100
1081	100
1081	100
1082	100
1128	100
1083	100
1081	100
1081	100
1078	100
1081	100
1081	100
1081	100
1081	100
1081	100
1082	100
1081	100
1081	100
1082	100
1082	100
1082	100
1069	100
1082	100
1081	100
1081	100
1081	100
1082	100
1080	100
1081	100
1077	100
1081	100
1080	100
1081	100
1084	100
1068	100
1081	100
1082	100
1082	100
1081	100
1081	100
1081	100
1081	100
1081	100
1081	100
1083	100
1080	100
1078	100
1080	100
1081	100
1080	100
1081	100
1081	100
1081	100
1080	100
1081	100
1082	100
1080	100
1081	100
1072	100
1082	100
1080	100
1081	100
1081	100
1082	100
1081	100
1081	100
1081	100
1081	100
1081	100
1081	100
1087	100
1068	100
1081	100
1081	100
1081	100
1080	100
1081	100
1081	100
1080	100
1081	100
1081	100
1081	100
1081	100
1068	100
1081	100
1082	100
1080	100
1080	100
1081	100
1082	100
1080	100
1081	100
1081	100
1081	100
1081	100
1074	100
1069	100
1080	100
1081	100
1081	100
1082	100
1081	100
1081	100
1082	100
1082	100
1080	100
1081	100
1082	100
1067	100
1086	100
1078	100
1081	100
1081	100
1081	100
1081	100
1081	100
1081	100
1081	100
1079	100
1086	100
1067	100
1082	100
1081	100
1081	100
1081	100
1081	100
1090	100
1080	100
1081	100
1082	100
1081	100
1081	100
1072	100
1069	100
1081	100
1081	100
1081	100
1082	100
1081	100
1081	100
1082	100
1081	100
1081	100
1082	100
1082	100
1068	100
1081	100
1082	100
1081	100
1080	100
1081	100
1080	100
1081	100
1080	100
1082	100
1082	100
1081	100
1073	100
1068	100
1090	100
1081	100
1081	100
1080	100
1082	100
1080	100
1081	100
1082	100
1080	100
1076	100
1082	100
1078	100
1080	100
1083	100
1082	100
1083	100
1081	100
1081	100
1082	100
1081	100
1081	100
1082	100
1082	100
1068	100
1081	100
1081	100
1083	100
1081	100
1081	100
1081	100
1082	100
1081	100
1081	100
1082	100
1081	100
1072	100
1069	100
1082	100
1081	100
1083	100
1081	100
1081	100
1080	100
1081	100
1081	100
1082	100
1081	100
1082	100
1069	100
1081	100
1082	100
1081	100
1084	100
1080	100
1081	100
1082	100
1080	100
1081	100
1081	100
1082	100
1072	100
1082	100
1081	100
1081	100
1082	100
1081	100
1082	100
1087	100
1080	100
1108	100
1086	100
1080	100
1100	100
1057	100
1067	100
1084	100
1063	100
1080	100
1077	100
1079	100
1078	100
1079	100
1081	100
1081	100
1081	100
1072	100
1063	100
1066	100
1078	100
1077	100
1077	100
1078	100
1073	100
1077	100
1116	100
1095	100
1058	100
1080	100
1082	100
1081	100
1083	100
1082	100
1082	100
1084	100
1082	100
1082	100
1082	100
1083	100
1081	100
1082	100
1083	100
1082	100
1082	100
1082	100
1083	100
1083	100
1083	100
1082	100
1083	100
1081	100
1082	100
1082	100
1096	100
1083	100
1083	100
1082	100
1082	100
1082	100
1084	100
1082	100
1081	100
1082	100
1080	100
1083	100
1100	100
1082	100
1082	100
1083	100
1081	100
1078	100
1085	100
1081	100
1082	100
1082	100
1082	100
1081	100
1128	100
1076	100
1082	100
1081	100
1077	100
1081	100
1085	100
1079	100
1081	100
1082	100
1081	100
1101	100
1078	100
1082	100
1082	100
1081	100
1081	100
1081	100
1082	100
1085	100
1082	100
1082	100
1072	100
1092	100
1080	100
1081	100
1089	100
1081	100
1082	100
1082	100
1081	100
1086	100
1081	100
1081	100
1082	100
1092	100
1080	100
1069	100
1081	100
1082	100
1081	100
1085	100
1108	100
1061	100
1082	100
1081	100
1083	100
1108	100
1066	100
1082	100
1082	100
1081	100
1081	100
1081	100
1083	100
1081	100
1083	100
1081	100
1082	100
1072	100
1097	100
1082	100
1082	100
1081	100
1082	100
1087	100
1080	100
1086	100
1082	100
1081	100
1081	100
1094	100
1071	100
1082	100
1081	100
1082	100
1082	100
1095	100
1064	100
1082	100
1082	100
1073	100
1096	100
1087	100
1087	100
1081	100
1081	100
1082	100
1081	100
1081	100
1081	100
1082	100
1081	100
1082	100
1083	100
1091	100
1090	100
1081	100
1082	100
1081	100
1081	100
1082	100
1082	100
1082	100
1080	100
1082	100
1083	100
1091	100
1071	100
1082	100
1081	100
1070	100
1082	100
1081	100
1081	100
1082	100
1082	100
1082	100
1082	100
1081	100
1115	100
1064	100
1082	100
1081	100
1081	100
1081	100
1076	100
1085	100
1092	100
1086	100
1081	100
1083	100
1067	100
1086	100
1080	100
1082	100
1081	100
1080	100
1081	100
1082	100
1077	100
1081	100
1082	100
1081	100
1083	100
1080	100
1081	100
1079	100
1081	100
1080	100
1103	100
1063	100
1095	100
1081	100
1092	100
1080	100
1084	100
1065	100
1085	100
1081	100
1080	100
1082	100
1081	100
1081	100
1081	100
1082	100
1081	100
1082	100
1082	100
1067	100
1081	100
1080	100
1081	100
1080	100
1081	100
1081	100
1082	100
1080	100
1081	100
1082	100
1081	100
1072	100
1069	100
1081	100
1080	100
1081	100
1078	100
1081	100
1080	100
1081	100
1081	100
1097	100
1066	100
1083	100
1102	100
1081	100
1081	100
1081	100
1082	100
1081	100
1081	100
1083	100
1081	100
1079	100
1083	100
1089	100
1052	100
1114	100
1065	100
1080	100
1082	100
1079	100
1080	100
1079	100
1085	100
1077	100
1083	100
1085	100
1057	100
1082	100
1079	100
1073	100
1086	100
1071	100
1071	100
1057	100
1086	100
1057	100
1086	100
1053	100
1087	100
1087	100
1061	100
1071	100
1072	100
1071	100
1072	100
1071	100
1071	100
1072	100
1070	100
1057	100
1086	100
1071	100
1084	100
1071	100
1062	100
1071	100
1073	100
1061	100
1072	100
1058	100
1085	100
1071	100
1072	100
1053	100
1075	100
1071	100
1071	100
1077	100
1057	100
1085	100
1071	100
1072	100
1071	100
1071	100
1071	100
1059	100
1087	100
1050	100
1086	100
1071	100
1071	100
1066	100
1076	100
1071	100
1084	100
1085	100
1073	100
1086	100
1088	100
1088	100
1105	100
1083	100
1097	100
1084	100
1087	100
1089	100
1083	100
1083	100
1084	100
1083	100
1083	100
1083	100
1083	100
1083	100
1083	100
1084	100
1088	100
1086	100
1083	100
1084	100
1083	100
1083	100
1082	100
1083	100
1083	100
1083	100
1082	100
1083	100
1082	100
1082	100
1083	100
1083	100
1083	100
1083	100
1092	100
1083	100
1073	100
1082	100
1083	100
1083	100
1083	100
1084	100
1083	100
1085	100
1079	100
1084	100
1087	100
1086	100
1087	100
1087	100
1086	100
1087	100
1086	100
1087	100
1080	100
1088	100
1087	100
1086	100
1087	100
1086	100
1083	100
1086	100
1086	100
1085	100
1086	100
1086	100
1086	100
1081	100
1094	100
1084	100
1087	100
1088	100
1086	100
1087	100
1086	100
1088	100
1086	100
1087	100
1081	100
1097	100
1083	100
1082	100
1082	100
1082	100
1081	100
1093	100
1087	100
1082	100
1083	100
1082	100
1077	100
1087	100
1083	100
1083	100
1082	100
1084	100
1081	100
1111	100
1054	100
1082	100
1082	100
1083	100
1081	100
1082	100
1083	100
1074	100
1092	100
1085	100
1082	100
1092	100
1073	100
1082	100
1083	100
1081	100
1074	100
1085	100
1073	100
1074	100
1071	100
1071	100
1069	100
1082	100
1093	100
1082	100
1082	100
1082	100
1083	100
1083	100
1077	100
1083	100
1081	100
1082	100
1082	100
1082	100
1094	100
1082	100
1077	100
1087	100
1083	100
1082	100
1081	100
1082	100
1083	100
1082	100
1082	100
1073	100
1109	100
1081	100
1082	100
1082	100
1082	100
1082	100
1078	100
1082	100
1089	100
1080	100
1083	100
1098	100
1094	100
1082	100
1087	100
1082	100
1082	100
1081	100
1083	100
1082	100
1083	100
1082	100
1082	100
1082	100
1089	100
1088	100
1088	100
1081	100
1077	100
1082	100
1083	100
1082	100
1083	100
1083	100
1081	100
1082	100
1101	100
1079	100
1082	100
1082	100
1084	100
1072	100
1081	100
1084	100
1081	100
1084	100
1082	100
1083	100
1113	100
1056	100
1082	100
1084	100
1082	100
1077	100
1087	100
1083	100
1082	100
1085	100
1080	100
1082	100
1115	100
1056	100
1083	100
1081	100
1082	100
1082	100
1083	100
1087	100
1077	100
1082	100
1084	100
1082	100
1099	100
1072	100
1095	100
1081	100
1082	100
1082	100
1082	100
1082	100
1083	100
1081	100
1083	100
1082	100
1118	100
1075	100
1062	100
1080	100
1083	100
1082	100
1082	100
1083	100
1082	100
1082	100
1082	100
1083	100
1098	100
1081	100
1082	100
1082	100
1082	100
1082	100
1082	100
1082	100
1082	100
1082	100
1083	100
1092	100
1084	100
1082	100
1090	100
1082	100
1081	100
1082	100
1082	100
1082	100
1083	100
1082	100
1066	100
1083	100
1086	100
1097	100
1063	100
1080	100
1086	100
1082	100
1082	100
1082	100
1082	100
1142	100
1092	100
1137	100
1066	100
1083	100
1083	100
1082	100
1081	100
1081	100
1098	100
3111	100
1085	100
1091	100
1098	100
1083	100
1084	100
1084	100
1082	100
1084	100
1082	100
1084	100
1083	100
1083	100
1084	100
1082	100
1086	100
1083	100
1083	100
1082	100
1082	100
1083	100
1082	100
1081	100
1081	100
1082	100
1082	100
1082	100
1144	100
1070	100
1082	100
1082	100
1082	100
1082	100
1083	100
1087	100
1087	100
1081	100
1082	100
1076	100
1098	100
1081	100
1082	100
1081	100
1082	100
1081	100
1081	100
1083	100
1080	100
1082	100
1081	100
1077	100
1109	100
1081	100
1082	100
1082	100
1081	100
1082	100
1085	100
1095	100
1081	100
1082	100
1082	100
1129	100
1058	100
1081	100
1082	100
1081	100
1081	100
1082	100
1081	100
1081	100
1082	100
1082	100
1081	100
1113	100
1063	100
1084	100
1081	100
1081	100
1079	100
1072	100
1084	100
1070	100
1071	100
1070	100
1058	100
1069	100
1067	100
1095	100
1070	100
1061	100
1095	100
1061	100
1089	100
1070	100
1070	100
1071	100
1070	100
1059	100
1071	100
1079	100
1093	100
1071	100
1070	100
1057	100
1084	100
1071	100
1070	100
1070	100
1072	100
1070	100
1070	100
1070	100
1071	100
1080	100
1060	100
1056	100
1086	100
1069	100
1072	100
1070	100
1071	100
1070	100
1071	100
1071	100
1070	100
1071	100
1056	100
1098	100
1062	100
1070	100
1070	100
1071	100
1057	100
1086	100
1070	100
1072	100
1055	100
1085	100
1071	100
1070	100
1070	100
1083	100
1057	100
1070	100
1070	100
1058	100
1085	100
1070	100
1070	100
1070	100
1070	100
1070	100
1070	100
1071	100
1070	100
1061	100
1082	100
1070	100
1069	100
1070	100
1058	100
1085	100
1095	100
1063	100
1083	100
1085	100
1071	100
1071	100
1072	100
1047	100
1099	100
1070	100
1070	100
1070	100
1070	100
1073	100
1070	100
1071	100
1070	100
1072	100
1069	100
1070	100
1071	100
1047	100
1099	100
1070	100
1070	100
1071	100
1070	100
1057	100
1083	100
1071	100
1070	100
1069	100
1071	100
1070	100
1070	100
1046	100
1100	100
1069	100
1068	100
1083	100
1089	100
1070	100
1072	100
1071	100
1069	100
1070	100
1070	100
1071	100
1058	100
1050	100
1096	100
1071	100
1070	100
1071	100
1070	100
1071	100
1070	100
1070	100
1072	100
1070	100
1071	100
1070	100
1072	100
1049	100
1097	100
1071	100
1071	100
1070	100
1058	100
1083	100
1071	100
1072	100
1058	100
1085	100
1057	100
1083	100
1051	100
1066	100
1094	100
1070	100
1070	100
1071	100
1071	100
1070	100
1070	100
1071	100
1069	100
1070	100
1062	100
1070	100
1070	100
1049	100
1100	100
1083	100
1053	100
1163	100
1107	100
1118	100
1103	100
1115	100
1131	100
1176	100
1133	100
1133	100
1127	100
1134	100
1132	100
1132	100
1135	100
1114	100
1105	100
1114	100
1132	100
1135	100
1150	100
1082	100
1076	100
1099	100
1081	100
1079	100
1085	100
1086	100
1082	100
1082	100
1082	100
1083	100
1082	100
1081	100
1084	100
1098	100
1082	100
1082	100
1082	100
1081	100
1081	100
1098	100
1081	100
1083	100
1082	100
1082	100
1085	100
1081	100
1086	100
1083	100
1082	100
1082	100
1082	100
1082	100
1081	100
1082	100
1073	100
1080	100
1085	100
1094	100
1084	100
1082	100
1083	100
1082	100
1083	100
1083	100
1081	100
1084	100
1083	100
1081	100
1076	100
1093	100
1080	100
1087	100
1081	100
1083	100
1082	100
1083	100
1083	100
1082	100
1083	100
1082	100
1116	100
1055	100
1082	100
1082	100
1083	100
1083	100
1082	100
1083	100
1082	100
1082	100
1080	100
1103	100
1098	100
1082	100
1082	100
1083	100
1082	100
1082	100
1076	100
1081	100
1079	100
1080	100
1092	100
1106	100
1069	100
1087	100
1081	100
1082	100
1081	100
1081	100
1082	100
1081	100
1082	100
1082	100
1076	100
1081	100
1063	100
1083	100
1085	100
1083	100
1081	100
1082	100
1080	100
1082	100
1083	100
1082	100
1082	100
1082	100
1072	100
1082	100
1081	100
1077	100
1087	100
1081	100
1082	100
1096	100
1162	100
1080	100
1081	100
1081	100
1084	100
1082	100
1060	100
1100	100
1081	100
1082	100
1061	100
1087	100
1081	100
1082	100
1083	100
1081	100
1069	100
1081	100
1083	100
1081	100
1081	100
1069	100
1089	100
1088	100
1079	100
1076	100
1073	100
1083	100
1071	100
1085	100
1082	100
1082	100
1081	100
1082	100
1073	100
1073	100
1074	100
1073	100
1073	100
1073	100
1084	100
1097	100
1084	100
1083	100
1083	100
1082	100
1082	100
1074	100
1084	100
1083	100
1082	100
1084	100
1082	100
1083	100
1084	100
1083	100
1082	100
1083	100
1083	100
1083	100
1082	100
1082	100
1083	100
1082	100
1083	100
1085	100
1083	100
1074	100
1084	100
1072	100
1084	100
1082	100
1083	100
1079	100
1082	100
1082	100
1082	100
1098	100
1082	100
1083	100
1083	100
1082	100
1082	100
1082	100
1067	100
1084	100
1082	100
1082	100
1122	100
1074	100
1067	100
1077	100
1083	100
1082	100
1081	100
1082	100
1083	100
1082	100
1100	100
1100	100
1066	100
1065	100
1057	100
1069	100
1067	100
1077	100
1077	100
1087	100
1077	100
1082	100
1074	100
1081	100
1082	100
1082	100
1089	100
1074	100
1076	100
1078	100
1067	100
1075	100
1068	100
1071	100
1072	100
1072	100
1204	100
1169	100
1172	100
1171	100
1168	100
1167	100
1166	100
1166	100
1131	100
1160	100
1152	100
1166	100
1165	100
1172	100
1165	100
1156	100
1167	100
1166	100
1166	100
1178	100
1060	100
1068	100
1076	100
1070	100
1084	100
1081	100
1083	100
1073	100
1084	100
1080	100
1084	100
1083	100
1098	100
1073	100
1083	100
1082	100
1082	100
1082	100
1081	100
1082	100
1069	100
1082	100
1082	100
1082	100
1096	100
1082	100
1082	100
1082	100
1083	100
1084	100
1083	100
1097	100
1081	100
1081	100
1081	100
1089	100
1071	100
1082	100
1082	100
1083	100
1082	100
1084	100
1082	100
1067	100
1086	100
1082	100
1083	100
1082	100
1096	100
1082	100
1084	100
1082	100
1082	100
1082	100
1083	100
1082	100
1082	100
1083	100
1082	100
1082	100
1097	100
1083	100
1082	100
1082	100
1087	100
1078	100
1082	100
1082	100
1083	100
1082	100
1082	100
1092	100
1073	100
1082	100
1082	100
1082	100
1083	100
1081	100
1083	100
1083	100
1082	100
1082	100
1082	100
1083	100
1085	100
1082	100
1082	100
1083	100
1083	100
1082	100
1083	100
1083	100
1082	100
1082	100
1082	100
1082	100
1097	100
1082	100
1082	100
1082	100
1091	100
1082	100
1083	100
1083	100
1082	100
1083	100
1082	100
1092	100
1082	100
1082	100
1082	100
1082	100
1082	100
1083	100
1082	100
1083	100
1083	100
1082	100
1082	100
1092	100
1083	100
1082	100
1082	100
1082	100
1083	100
1082	100
1082	100
1082	100
1082	100
1072	100
1086	100
1092	100
1086	100
1082	100
1086	100
1083	100
1081	100
1082	100
1082	100
1082	100
1084	100
1082	100
1083	100
1093	100
1081	100
1082	100
1082	100
1081	100
1082	100
1082	100
1082	100
1082	100
1083	100
1082	100
1083	100
1093	100
1082	100
1083	100
1081	100
1083	100
1083	100
1083	100
1083	100
1082	100
1083	100
1083	100
1082	100
1094	100
1083	100
1082	100
1082	100
1082	100
1083	100
1082	100
1082	100
1083	100
1082	100
1083	100
1082	100
1106	100
1082	100
1083	100
1082	100
1083	100
1082	100
1083	100
1083	100
1082	100
1082	100
1084	100
1083	100
1096	100
1084	100
1082	100
1083	100
1082	100
1082	100
1083	100
1083	100
1082	100
1095	100
1084	100
1082	100
1084	100
1089	100
1094	100
1082	100
1082	100
1082	100
1083	100
1083	100
1082	100
1071	100
1075	100
1083	100
1087	100
1083	100
1069	100
1074	100
1067	100
1073	100
1072	100
1083	100
1063	100
1091	100
1082	100
1083	100
1094	100
1082	100
1083	100
1083	100
1083	100
1082	100
1082	100
1083	100
1089	100
1088	100
1083	100
1084	100
1091	100
1082	100
1082	100
1083	100
1082	100
1083	100
1083	100
1083	100
1083	100
1082	100
1083	100
1083	100
1097	100
1082	100
1084	100
1083	100
1083	100
1083	100
1083	100
1082	100
1082	100
1083	100
1083	100
1083	100
1098	100
1074	100
1083	100
1083	100
1083	100
1084	100
1082	100
1083	100
1084	100
1082	100
1083	100
1083	100
1098	100
1082	100
1083	100
1083	100
1083	100
1074	100
1083	100
1084	100
1082	100
1098	100
1083	100
1093	100
1072	100
1083	100
1083	100
1084	100
1082	100
1092	100
1068	100
1085	100
1081	100
1082	100
1083	100
1083	100
1096	100
1085	100
1083	100
1082	100
1082	100
1082	100
1083	100
1082	100
1083	100
1083	100
1082	100
1093	100
1082	100
1085	100
1083	100
1082	100
1082	100
1083	100
1082	100
1082	100
1084	100
1083	100
1082	100
1094	100
1083	100
1082	100
1084	100
1081	100
1082	100
1082	100
1083	100
1083	100
1082	100
1082	100
1082	100
1094	100
1082	100
1082	100
1084	100
1083	100
1083	100
1083	100
1096	100
1084	100
1082	100
1083	100
1083	100
1088	100
1082	100
1082	100
1085	100
1083	100
1083	100
1083	100
1083	100
1082	100
1082	100
1083	100
1082	100
1098	100
1074	100
1083	100
1084	100
1082	100
1082	100
1083	100
1082	100
1082	100
1083	100
1082	100
1082	100
1101	100
1083	100
1069	100
1068	100
4000	100
1068	100
1082	100
1082	100
1081	100
1082	100
1082	100
1082	100
1082	100
1093	100
1081	100
1082	100
1081	100
1083	100
1083	100
1082	100
1098	100
1065	100
1081	100
1082	100
1082	100
1092	100
1081	100
1083	100
1083	100
1081	100
1084	100
1083	100
1082	100
1082	100
1082	100
1082	100
1081	100
1093	100
1090	100
1081	100
1081	100
1081	100
1083	100
1082	100
1081	100
1082	100
1082	100
1081	100
1082	100
1092	100
1082	100
1081	100
1082	100
1081	100
1083	100
1081	100
1082	100
1082	100
1082	100
1082	100
1082	100
1093	100
1081	100
1082	100
1083	100
1083	100
1099	100
1086	100
1081	100
1082	100
1082	100
1082	100
1083	100
1096	100
1082	100
1082	100
1082	100
1117	100
1061	100
1079	100
1082	100
1081	100
1082	100
1082	100
1081	100
1095	100
1086	100
1083	100
1081	100
1081	100
1082	100
1083	100
1081	100
1081	100
1082	100
1081	100
1092	100
1083	100
1082	100
1081	100
1082	100
1082	100
1083	100
1082	100
1083	100
1082	100
1082	100
1083	100
1081	100
1097	100
1082	100
1097	100
1081	100
1081	100
1081	100
1081	100
1065	100
1081	100
1081	100
1082	100
1076	100
1095	100
1081	100
1081	100
1081	100
1081	100
1081	100
1081	100
1082	100
1081	100
1081	100
1083	100
1082	100
1087	100
1082	100
1079	100
1081	100
1082	100
1081	100
1082	100
1081	100
1083	100
1082	100
1072	100
1081	100
1092	100
1082	100
1082	100
1082	100
1082	100
1082	100
1082	100
1080	100
1084	100
1081	100
1081	100
1082	100
1093	100
1081	100
1081	100
1081	100
1082	100
1081	100
1082	100
1081	100
1082	100
1083	100
1082	100
1082	100
1092	100
1081	100
1081	100
1082	100
1081	100
1082	100
1082	100
1082	100
1081	100
1082	100
1082	100
1081	100
1092	100
1081	100
1083	100
1081	100
1081	100
1081	100
1083	100
1082	100
1082	100
1082	100
1082	100
1082	100
1092	100
1093	100
1081	100
1081	100
1083	100
1081	100
1081	100
1082	100
1083	100
1081	100
1082	100
1081	100
1093	100
1081	100
1083	100
1082	100
1082	100
1081	100
1082	100
1097	100
1067	100
1082	100
1082	100
1083	100
1092	100
1081	100
1082	100
1082	100
1081	100
1082	100
1083	100
1083	100
1077	100
1085	100
1088	100
1082	100
1093	100
1080	100
1082	100
1082	100
1082	100
1082	100
1082	100
1081	100
1083	100
1082	100
1082	100
1082	100
1092	100
1082	100
1082	100
1082	100
1082	100
1083	100
1082	100
1081	100
1082	100
1082	100
1082	100
1083	100
1093	100
1082	100
1074	100
1076	100
1076	100
1076	100
1076	100
1077	100
1081	100
1081	100
1081	100
1082	100
1081	100
1099	100
1064	100
1072	100
1071	100
1071	100
1071	100
1072	100
1070	100
1070	100
1071	100
1071	100
1091	100
1055	100
1072	100
1091	100
1089	100
1043	100
1071	100
1070	100
1070	100
1071	100
1072	100
1070	100
1070	100
1071	100
1071	100
1059	100
1112	100
1058	100
1070	100
1070	100
1071	100
1064	100
1068	100
1063	100
1064	100
1065	100
1064	100
1064	100
1066	100
1065	100
1053	100
1091	100
1049	100
1063	100
1064	100
1064	100
1066	100
1064	100
1064	100
1064	100
1066	100
1064	100
1064	100
1065	100
1064	100
1069	100
1076	100
1049	100
1064	100
1063	100
1064	100
1065	100
1064	100
1064	100
1064	100
1065	100
1066	100
1065	100
1065	100
1064	100
1069	100
1060	100
1080	100
1048	100
1064	100
1064	100
1065	100
1064	100
1069	100
1060	100
1065	100
1064	100
1064	100
1065	100
1064	100
1085	100
1044	100
1069	100
1059	100
1064	100
1066	100
1064	100
1064	100
1064	100
1064	100
1065	100
1063	100
1064	100
1065	100
1064	100
1071	100
1058	100
1074	100
1066	100
1064	100
1064	100
1066	100
1063	100
1065	100
1064	100
1066	100
1063	100
1064	100
1065	100
1064	100
1068	100
1060	100
1066	100
1065	100
1062	100
1064	100
1065	100
1065	100
1064	100
1064	100
1066	100
1064	100
1064	100
1065	100
1064	100
1070	100
1059	100
1065	100
1075	100
1052	100
1064	100
1064	100
1064	100
1065	100
1063	100
1066	100
1063	100
1064	100
1064	100
1064	100
1074	100
1055	100
1065	100
1064	100
1062	100
1064	100
1066	100
1065	100
1064	100
1065	100
1064	100
1064	100
1064	100
1066	100
1064	100
1076	100
1053	100
1065	100
1064	100
1071	100
1059	100
1065	100
1064	100
1072	100
1060	100
1164	100
1074	100
1105	100
1066	100
1080	100
1080	100
1105	100
1077	100
1070	100
1081	100
1077	100
1086	100
1081	100
1074	100
1102	100
1082	100
1081	100
1081	100
1117	100
1062	100
1082	100
1084	100
1087	100
1081	100
1083	100
1097	100
1066	100
1082	100
1082	100
1082	100
1093	100
1079	100
1081	100
1082	100
1081	100
1082	100
1082	100
1082	100
1081	100
1081	100
1081	100
1081	100
1092	100
1070	100
1082	100
1078	100
1082	100
1080	100
1081	100
1082	100
1078	100
1081	100
1078	100
1072	100
1071	100
1105	100
1068	100
1070	100
1070	100
1054	100
1075	100
1075	100
1100	100
1056	100
1071	100
1071	100
1081	100
1077	100
1078	100
1086	100
1082	100
1082	100
1082	100
1081	100
1099	100
1072	100
1084	100
1082	100
1082	100
1081	100
1095	100
1079	100
1081	100
1081	100
1083	100
1082	100
1082	100
1081	100
1084	100
1081	100
1081	100
1082	100
1110	100
1063	100
1082	100
1082	100
1082	100
1082	100
1082	100
1081	100
1082	100
1081	100
1082	100
1082	100
1110	100
1053	100
1081	100
1082	100
1081	100
1081	100
1082	100
1082	100
1081	100
1082	100
1082	100
1081	100
1081	100
1099	100
1082	100
1081	100
1082	100
1082	100
1082	100
1081	100
1081	100
1067	100
1081	100
1081	100
1076	100
1119	100
1090	100
1076	100
1091	100
1082	100
1078	100
1082	100
1098	100
1083	100
1081	100
1081	100
1096	100
1079	100
1081	100
1082	100
1082	100
1081	100
1082	100
1082	100
1079	100
1082	100
1083	100
1083	100
1092	100
1084	100
1082	100
1082	100
1081	100
1082	100
1081	100
1077	100
1083	100
1088	100
1085	100
1081	100
1095	100
1084	100
1082	100
1081	100
1082	100
1077	100
1082	100
1081	100
1082	100
1082	100
1083	100
1085	100
1091	100
1086	100
1081	100
1082	100
1084	100
1082	100
1081	100
1081	100
1078	100
1081	100
1083	100
1080	100
1100	100
1079	100
1082	100
1082	100
1082	100
1063	100
1087	100
1083	100
1079	100
1082	100
1083	100
1085	100
1082	100
1085	100
1083	100
1084	100
1083	100
1082	100
1082	100
1080	100
1082	100
1083	100
1085	100
1082	100
1072	100
1082	100
1083	100
1082	100
1083	100
1083	100
1079	100
1082	100
1080	100
1082	100
1082	100
1085	100
1084	100
1085	100
1082	100
1127	100
1070	100
1068	100
1070	100
1071	100
1072	100
1070	100
1068	100
1077	100
1072	100
1087	100
1057	100
1072	100
1072	100
1071	100
1083	100
1083	100
1083	100
1111	100
1064	100
1084	100
1083	100
1104	100
1084	100
1083	100
1083	100
1083	100
1083	100
1099	100
1087	100
1083	100
1084	100
1082	100
1083	100
1083	100
1085	100
1082	100
1083	100
1083	100
1083	100
1082	100
1084	100
1083	100
1078	100
1093	100
1080	100
1073	100
1062	100
1083	100
1076	100
1087	100
1080	100
1075	100
1069	100
1088	100
1082	100
1083	100
1083	100
1082	100
1091	100
1076	100
1082	100
1083	100
1082	100
1083	100
1083	100
1082	100
1084	100
1083	100
1083	100
1082	100
1084	100
1084	100
1083	100
1083	100
1083	100
1084	100
1083	100
1084	100
1083	100
1082	100
1083	100
1078	100
1083	100
1083	100
1086	100
1084	100
1086	100
1056	100
1065	100
1080	100
1065	100
1060	100
1064	100
1070	100
1064	100
1065	100
1065	100
1064	100
1065	100
1065	100
1064	100
1065	100
1064	100
1064	100
1064	100
1065	100
1064	100
1065	100
1066	100
1064	100
1081	100
1052	100
1077	100
1064	100
1065	100
1065	100
1065	100
1065	100
1067	100
1065	100
1065	100
1070	100
1065	100
1076	100
1065	100
1067	100
1059	100
1076	100
1065	100
1064	100
1066	100
1065	100
1064	100
1068	100
1065	100
1066	100
1064	100
1065	100
1067	100
1065	100
1070	100
1049	100
1077	100
1064	100
1064	100
1064	100
1074	100
1078	100
1081	100
1089	100
1083	100
1082	100
1082	100
1083	100
1089	100
1083	100
1082	100
1083	100
1084	100
1085	100
1082	100
1083	100
1082	100
1083	100
1083	100
1083	100
1097	100
1083	100
1083	100
1082	100
1079	100
1083	100
1083	100
1082	100
1083	100
1083	100
1083	100
1069	100
1096	100
1084	100
1082	100
1082	100
1083	100
1085	100
1082	100
1083	100
1083	100
1083	100
1098	100
1102	100
1083	100
1082	100
1079	100
1082	100
1083	100
1083	100
1082	100
1083	100
1082	100
1090	100
1095	100
1085	100
1113	100
1045	100
1073	100
1082	100
1082	100
1081	100
1083	100
1083	100
1082	100
1083	100
1084	100
1093	100
1091	100
1070	100
1084	100
1083	100
1082	100
1082	100
1084	100
1083	100
1083	100
1084	100
1088	100
1094	100
1082	100
1083	100
1082	100
1078	100
1082	100
1089	100
1084	100
1083	100
1080	100
1082	100
1083	100
1109	100
1100	100
1082	100
1082	100
1083	100
1083	100
1083	100
1084	100
1083	100
1082	100
1082	100
1082	100
1083	100
1082	100
1083	100
1083	100
1083	100
1082	100
1082	100
4601	100
1071	100
1077	100
1086	100
1087	100
1089	100
1089	100
1067	100
1088	100
1087	100
1087	100
1087	100
1088	100
1087	100
1088	100
1061	100
1086	100
1086	100
1087	100
1087	100
1086	100
1087	100
1087	100
1087	100
1087	100
1086	100
1086	100
1088	100
1086	100
1086	100
1089	100
1086	100
1086	100
1087	100
1087	100
1087	100
1086	100
1087	100
1086	100
1087	100
1087	100
1087	100
1085	100
1087	100
1086	100
1087	100
1086	100
1086	100
1087	100
1087	100
1086	100
1081	100
1082	100
1082	100
1157	100
1028	100
1083	100
1100	100
1082	100
1082	100
1083	100
1081	100
1082	100
1082	100
1083	100
1083	100
1083	100
1083	100
1082	100
1083	100
1082	100
1083	100
1082	100
1082	100
1083	100
1083	100
1073	100
1082	100
1082	100
1083	100
1082	100
1096	100
1082	100
1082	100
1083	100
1073	100
1083	100
1081	100
1094	100
1083	100
1082	100
1082	100
1082	100
1096	100
1082	100
1082	100
1082	100
1083	100
1082	100
1082	100
1083	100
1082	100
1082	100
1083	100
1093	100
1071	100
1082	100
1068	100
1084	100
1083	100
1082	100
1083	100
1087	100
1082	100
1072	100
1083	100
1083	100
1100	100
1082	100
1083	100
1081	100
1082	100
1082	100
1082	100
1083	100
1091	100
1082	100
1082	100
1084	100
1083	100
1083	100
1081	100
1082	100
1082	100
1083	100
1082	100
1082	100
1083	100
1082	100
1081	100
1082	100
1096	100
1082	100
1082	100
1082	100
1083	100
1081	100
1082	100
1083	100
1082	100
1083	100
1082	100
1083	100
1084	100
1082	100
1082	100
1083	100
1082	100
1092	100
1069	100
1072	100
1082	100
1082	100
1083	100
1082	100
1097	100
1082	100
1083	100
1081	100
1082	100
1083	100
1083	100
1082	100
1082	100
1083	100
1082	100
1082	100
1101	100
1087	100
1070	100
1082	100
1082	100
1083	100
1081	100
1082	100
1082	100
1081	100
1082	100
1082	100
1092	100
1082	100
1082	100
1072	100
1083	100
1082	100
1082	100
1082	100
1081	100
1073	100
1084	100
1082	100
1080	100
1113	100
1094	100
1077	100
1077	100
1077	100
1077	100
1077	100
1076	100
1069	100
1091	100
1071	100
1072	100
1059	100
1060	100
1072	100
1071	100
1071	100
1071	100
1070	100
1060	100
1077	100
1086	100
1071	100
1072	100
1071	100
1070	100
1059	100
1059	100
1046	100
1072	100
1070	100
1071	100
1070	100
1065	100
1076	100
1088	100
1097	100
1081	100
1080	100
1120	100
1059	100
1079	100
1081	100
1090	100
1085	100
1080	100
1083	100
1099	100
1079	100
1072	100
1072	100
1075	100
1084	100
1078	100
1082	100
1082	100
1078	100
1051	100
1082	100
1078	100
1071	100
1071	100
1069	100
1070	100
1081	100
1089	100
1059	100
1069	100
1066	100
1103	100
1070	100
1070	100
1075	100
1066	100
1070	100
1069	100
1072	100
1069	100
1052	100
1088	100
1071	100
1071	100
1069	100
1072	100
1070	100
1070	100
1070	100
1071	100
1069	100
1070	100
1071	100
1071	100
1071	100
1068	100
1069	100
1070	100
1070	100
1070	100
1071	100
1071	100
1070	100
1070	100
1071	100
1069	100
1070	100
1070	100
1057	100
1073	100
1059	100
1076	100
1072	100
1085	100
1071	100
1057	100
1067	100
1075	100
1073	100
1072	100
1071	100
1085	100
1057	100
1072	100
1070	100
1081	100
1080	100
1078	100
1073	100
1080	100
1082	100
1081	100
1081	100
1081	100
1082	100
1083	100
1068	100
1081	100
1081	100
1080	100
1081	100
1083	100
1082	100
1081	100
1081	100
1078	100
1081	100
1081	100
1069	100
1081	100
1112	100
1070	100
1074	100
1082	100
1080	100
1081	100
1083	100
1131	100
1014	100
1076	100
1093	100
1083	100
1083	100
1083	100
1074	100
1083	100
1082	100
1084	100
1083	100
1083	100
1082	100
1083	100
1099	100
1082	100
1082	100
1083	100
1082	100
1083	100
1083	100
1084	100
1082	100
1082	100
1083	100
1082	100
1075	100
1082	100
1082	100
1082	100
1083	100
1082	100
1083	100
1082	100
1082	100
1083	100
1082	100
1082	100
1093	100
1083	100
1083	100
1082	100
1082	100
1092	100
1067	100
1086	100
1085	100
1082	100
1082	100
1082	100
1090	100
1082	100
1072	100
1083	100
1082	100
1077	100
1079	100
1189	100
985	100
1082	100
1083	100
1083	100
1097	100
1082	100
1083	100
1083	100
1082	100
1083	100
1084	100
1083	100
1084	100
1083	100
1084	100
1082	100
1097	100
1070	100
1083	100
1083	100
1083	100
1083	100
1084	100
1083	100
1082	100
1085	100
1082	100
1082	100
1097	100
1083	100
1079	100
1076	100
1084	100
1083	100
1083	100
1083	100
1083	100
1083	100
1083	100
1082	100
1088	100
1083	100
1083	100
1110	100
1074	100
1083	100
1083	100
1083	100
1083	100
1085	100
1083	100
1094	100
1088	100
1083	100
1083	100
1084	100
1082	100
1083	100
1083	100
1074	100
1075	100
1075	100
1085	100
1108	100
1086	100
1082	100
1082	100
1081	100
1082	100
1082	100
1082	100
1082	100
1082	100
1101	100
1094	100
1077	100
1089	100
1083	100
1078	100
1075	100
1080	100
1076	100
1087	100
1082	100
1082	100
1078	100
1082	100
1083	100
1064	100
1079	100
1081	100
1081	100
1082	100
1078	100
1081	100
1082	100
1082	100
1082	100
1081	100
1083	100
1114	100
1065	100
1082	100
1084	100
1082	100
1082	100
1082	100
1083	100
1082	100
1083	100
1082	100
1084	100
1094	100
1083	100
1083	100
1082	100
1113	100
1059	100
1082	100
1076	100
1097	100
1082	100
1088	100
1092	100
1069	100
1087	100
1080	100
1082	100
1082	100
1081	100
1081	100
1082	100
1082	100
1089	100
1080	100
1082	100
1069	100
1081	100
1081	100
1082	100
1082	100
1081	100
1082	100
1083	100
1068	100
1081	100
1082	100
1079	100
1073	100
1081	100
1081	100
1083	100
1081	100
1082	100
1082	100
1082	100
1081	100
1081	100
1077	100
1086	100
1081	100
1069	100
1081	100
1082	100
1082	100
1082	100
1083	100
1082	100
1081	100
1082	100
1081	100
1081	100
1081	100
1070	100
1083	100
1081	100
1082	100
1087	100
1080	100
1081	100
1083	100
1081	100
1082	100
1082	100
1083	100
1072	100
1081	100
1082	100
1083	100
1078	100
1082	100
1081	100
1092	100
1070	100
1096	100
1082	100
1081	100
1076	100
1081	100
1150	100
1005	100
1091	100
1079	100
1078	100
1078	100
1078	100
1082	100
1081	100
1079	100
1086	100
1071	100
1059	100
1051	100
1080	100
1085	100
1064	100
1078	100
1078	100
1073	100
1085	100
1070	100
1072	100
1055	100
1084	100
1068	100
1056	100
1064	100
1072	100
1070	100
1072	100
1070	100
1071	100
1061	100
1084	100
1070	100
1056	100
1070	100
1069	100
1093	100
1055	100
1055	100
1098	100
1067	100
1070	100
1089	100
1070	100
1070	100
1058	100
1084	100
1071	100
1057	100
1082	100
1063	100
1071	100
1060	100
1070	100
1071	100
1070	100
1069	100
1057	100
1082	100
1070	100
1070	100
1056	100
1069	100
1069	100
1078	100
1070	100
1060	100
1071	100
1070	100
1071	100
1055	100
1084	100
1056	100
1069	100
1082	100
1082	100
1082	100
1081	100
1097	100
1075	100
1052	100
1064	100
1075	100
1099	100
1087	100
1078	100
1082	100
1085	100
1080	100
1082	100
1091	100
1085	100
1096	100
1080	100
1078	100
1088	100
1082	100
1107	100
1071	100
1081	100
1082	100
1082	100
1072	100
1088	100
1081	100
1082	100
1081	100
1082	100
1082	100
1083	100
1081	100
1082	100
1079	100
1081	100
1080	100
1070	100
1081	100
1066	100
1082	100
1081	100
1083	100
1096	100
1076	100
1086	100
1087	100
1086	100
1085	100
1071	100
1087	100
1087	100
1087	100
1088	100
1087	100
1088	100
1088	100
1087	100
1088	100
1087	100
1072	100
1092	100
1095	100
1087	100
1081	100
1082	100
1080	100
1079	100
1094	100
1082	100
1079	100
1085	100
1070	100
1078	100
1080	100
1087	100
1082	100
1079	100
1079	100
1087	100
1081	100
1077	100
1086	100
1061	100
1088	100
1068	100
1082	100
1081	100
1082	100
1082	100
1087	100
1082	100
1081	100
1082	100
1081	100
1112	100
1127	100
1074	100
1083	100
1084	100
1084	100
1084	100
1083	100
1081	100
1082	100
1083	100
1084	100
1083	100
1085	100
1087	100
1083	100
1083	100
1083	100
1082	100
1083	100
1082	100
1083	100
1082	100
1082	100
1100	100
1072	100
1126	100
1081	100
1066	100
1070	100
1066	100
1065	100
1066	100
1062	100
1065	100
1066	100
1064	100
1066	100
1069	100
1062	100
1064	100
1065	100
1065	100
1061	100
1064	100
1065	100
1065	100
1067	100
1065	100
1065	100
1065	100
1065	100
1064	100
1079	100
1055	100
1064	100
1064	100
1065	100
1065	100
1060	100
1064	100
1065	100
1071	100
1064	100
1065	100
1064	100
1062	100
1070	100
1064	100
1066	100
1062	100
1065	100
1061	100
1079	100
1065	100
1065	100
1065	100
1066	100
1060	100
1065	100
1066	100
1067	100
1063	100
1064	100
1073	100
1058	100
1064	100
1066	100
1066	100
1064	100
1065	100
1060	100
1065	100
1064	100
1065	100
1066	100
1064	100
1066	100
1082	100
1100	100
1085	100
1072	100
1060	100
1071	100
1065	100
5470	100
1039	100
1083	100
1095	100
1052	100
1084	100
1082	100
1083	100
1076	100
1074	100
1074	100
1086	100
1087	100
1086	100
1089	100
1103	100
1087	100
1086	100
1087	100
1087	100
1087	100
1068	100
1059	100
1059	100
1059	100
1061	100
1060	100
1061	100
1062	100
1061	100
1061	100
1061	100
1059	100
1061	100
1060	100
1062	100
1061	100
1060	100
1061	100
1060	100
1057	100
1069	100
1061	100
1058	100
1067	100
1059	100
1060	100
1060	100
1060	100
1061	100
1085	100
1083	100
1083	100
1116	100
1082	100
1082	100
1082	100
1094	100
1081	100
1082	100
1081	100
1152	100
1076	100
1082	100
1127	100
1065	100
1082	100
1082	100
1094	100
1084	100
1080	100
1081	100
1082	100
1080	100
1081	100
1058	100
1080	100
1049	100
1083	100
1081	100
1080	100
1098	100
1062	100
1061	100
1069	100
1071	100
1069	100
1070	100
1069	100
1081	100
1083	100
1081	100
1081	100
1081	100
1095	100
1061	100
1060	100
1070	100
1070	100
1069	100
1070	100
1069	100
1078	100
1062	100
1073	100
1081	100
1081	100
1081	100
1095	100
1060	100
1070	100
1069	100
1069	100
1070	100
1069	100
1069	100
1082	100
1081	100
1081	100
1081	100
1083	100
1096	100
1053	100
1061	100
1075	100
1069	100
1070	100
1063	100
1071	100
1091	100
1048	100
1071	100
1075	100
1066	100
1092	100
1078	100
1080	100
1083	100
1078	100
1086	100
1082	100
1082	100
1093	100
1070	100
1082	100
1082	100
1079	100
1083	100
1083	100
1083	100
1083	100
1082	100
1082	100
1078	100
1087	100
1083	100
1082	100
1083	100
1083	100
1082	100
1084	100
1074	100
1081	100
1083	100
1084	100
1083	100
1082	100
1083	100
1083	100
1082	100
1082	100
1083	100
1083	100
1082	100
1083	100
1084	100
1083	100
1082	100
1083	100
1083	100
1082	100
1079	100
1080	100
1093	100
1083	100
1083	100
1083	100
1083	100
1083	100
1083	100
1088	100
1084	100
1084	100
1083	100
1088	100
1083	100
1083	100
1083	100
1084	100
1083	100
1083	100
1083	100
1084	100
1082	100
1084	100
1083	100
1083	100
1083	100
1083	100
1084	100
1083	100
1082	100
1084	100
1083	100
1083	100
1083	100
1084	100
1083	100
1083	100
1083	100
1083	100
1083	100
1083	100
1083	100
1085	100
1083	100
1083	100
1083	100
1082	100
1083	100
1083	100
1075	100
1077	100
1098	100
1081	100
1082	100
1081	100
1084	100
1085	100
1098	100
1081	100
1081	100
1082	100
1073	100
1096	100
1081	100
1082	100
1081	100
1081	100
1083	100
1082	100
1081	100
1074	100
1093	100
1070	100
1072	100
1083	100
1068	100
1077	100
1078	100
1078	100
1078	100
1079	100
1077	100
1078	100
1081	100
1080	100
1081	100
1074	100
1089	100
1053	100
1079	100
1078	100
1077	100
1078	100
1079	100
1085	100
1063	100
1081	100
1077	100
1084	100
1054	100
1085	100
1083	100
1077	100
1069	100
1070	100
1072	100
1070	100
1071	100
1081	100
1070	100
1057	100
1083	100
1057	100
1085	100
1050	100
1055	100
1086	100
1070	100
1070	100
1070	100
1057	100
1083	100
1072	100
1070	100
1070	100
1056	100
1070	100
1084	100
1053	100
1075	100
1059	100
1071	100
1069	100
1070	100
1057	100
1091	100
1055	100
1085	100
1071	100
1055	100
1072	100
1098	100
1070	100
1053	100
1068	100
1074	100
1083	100
1078	100
1078	100
1086	100
1060	100
1077	100
1088	100
1064	100
1088	100
1108	100
1055	100
1053	100
1077	100
1077	100
1077	100
1078	100
1071	100
1078	100
1082	100
1084	100
1068	100
1087	100
1095	100
1064	100
1082	100
1081	100
1083	100
1081	100
1081	100
1107	100
1056	100
1080	100
1074	100
1086	100
1085	100
1068	100
1057	100
1080	100
1061	100
1084	100
1057	100
1085	100
1070	100
1070	100
1057	100
1072	100
1075	100
1085	100
1079	100
1069	100
1070	100
1070	100
1070	100
1102	100
1036	100
1076	100
1072	100
1072	100
1071	100
1088	100
1057	100
1070	100
1078	100
1072	100
1072	100
1065	100
1082	100
1077	100
1086	100
1081	100
1082	100
1081	100
1081	100
1083	100
1084	100
1069	100
1082	100
1076	100
1087	100
1080	100
1081	100
1081	100
1081	100
1082	100
1081	100
1082	100
1082	100
1068	100
1080	100
1082	100
1081	100
1081	100
1075	100
1087	100
1081	100
1081	100
1083	100
1081	100
1082	100
1071	100
1114	100
1046	100
1083	100
1081	100
1082	100
1080	100
1081	100
1084	100
1081	100
1081	100
1082	100
1086	100
1071	100
1081	100
1081	100
1081	100
1076	100
1081	100
1081	100
1081	100
1083	100
1079	100
1092	100
1083	100
1066	100
1086	100
1083	100
1075	100
1086	100
1082	100
1082	100
1081	100
1081	100
1082	100
1076	100
1081	100
1071	100
1074	100
1080	100
1082	100
1081	100
1081	100
1078	100
1079	100
1082	100
1067	100
1087	100
1080	100
1087	100
1068	100
1114	100
1064	100
1081	100
1080	100
1081	100
1081	100
1081	100
1081	100
1082	100
1082	100
1080	100
1071	100
1082	100
1081	100
1081	100
1081	100
1081	100
1081	100
1081	100
1081	100
1097	100
1081	100
1081	100
1070	100
1070	100
1082	100
1080	100
1081	100
1082	100
1080	100
1081	100
1085	100
1081	100
1081	100
1081	100
1083	100
1077	100
1082	100
1080	100
1082	100
1081	100
1082	100
1081	100
1081	100
1081	100
1080	100
1063	100
1089	100
1075	100
1094	100
1089	100
1045	100
1104	100
1072	100
1082	100
1081	100
1080	100
1082	100
1078	100
1079	100
1090	100
1070	100
1080	100
1081	100
1082	100
1082	100
1078	100
1072	100
1085	100
1056	100
1084	100
1071	100
1071	100
1071	100
1062	100
1070	100
1070	100
1070	100
1071	100
1070	100
1070	100
1070	100
1071	100
1071	100
1070	100
1070	100
1071	100
1071	100
1061	100
1063	100
1084	100
1070	100
1071	100
1070	100
1070	100
1071	100
1069	100
1070	100
1071	100
1070	100
1069	100
1071	100
1077	100
1069	100
1061	100
1070	100
1071	100
1071	100
1069	100
1070	100
1070	100
1070	100
1070	100
1050	100
1095	100
1069	100
1080	100
1067	100
1090	100
1086	100
1089	100
1083	100
1081	100
1082	100
1083	100
1082	100
1082	100
1082	100
1096	100
1083	100
1082	100
1082	100
1083	100
1084	100
1082	100
1093	100
1081	100
1082	100
1082	100
1092	100
1072	100
1082	100
1082	100
1083	100
1081	100
1083	100
1082	100
1077	100
1082	100
1082	100
1082	100
1082	100
1097	100
1082	100
1083	100
1081	100
1083	100
1083	100
1082	100
1082	100
1082	100
1082	100
1082	100
1082	100
1083	100
1104	100
1078	100
1072	100
1070	100
1072	100
1071	100
1081	100
1083	100
1082	100
1082	100
1083	100
1090	100
1062	100
1060	100
1070	100
1070	100
1120	100
1069	100
1082	100
1083	100
1081	100
1071	100
1095	100
1094	100
1097	100
1077	100
1086	100
1084	100
1079	100
1085	100
1087	100
1086	100
1086	100
1087	100
1085	100
1094	100
1088	100
1093	100
1075	100
1080	100
1081	100
1082	100
1088	100
1072	100
1081	100
1081	100
1081	100
1091	100
1082	100
1081	100
1081	100
1082	100
1084	100
1093	100
1073	100
1083	100
1081	100
1070	100
1082	100
1099	100
1081	100
1082	100
1082	100
1081	100
1082	100
1079	100
1137	100
1082	100
1081	100
1070	100
1082	100
1083	100
1078	100
1082	100
1082	100
1082	100
1082	100
1081	100
1096	100
1080	100
1081	100
1083	100
1081	100
1082	100
1086	100
1082	100
1082	100
1082	100
1082	100
1083	100
1082	100
1082	100
1082	100
1082	100
1068	100
1098	100
1083	100
1082	100
1082	100
1082	100
1073	100
1082	100
1092	100
1082	100
1081	100
1082	100
1082	100
1086	100
1082	100
1082	100
1082	100
1082	100
1082	100
1082	100
1083	100
1082	100
1106	100
1087	100
1092	100
1071	100
1082	100
1082	100
1082	100
1081	100
1082	100
1082	100
1083	100
1081	100
1081	100
1082	100
1082	100
1082	100
1082	100
1083	100
1081	100
1082	100
1082	100
1082	100
1141	100
1070	100
1082	100
1081	100
1084	100
1069	100
1081	100
1082	100
1072	100
1083	100
1082	100
1083	100
1083	100
1082	100
1081	100
1101	100
1084	100
1072	100
1089	100
1063	100
1070	100
1071	100
1070	100
1070	100
1068	100
1081	100
1082	100
1082	100
1083	100
1082	100
1073	100
1061	100
1071	100
1069	100
1070	100
1070	100
1071	100
1080	100
1082	100
1082	100
1090	100
1082	100
1082	100
1085	100
1061	100
1072	100
1070	100
1070	100
1076	100
1070	100
1080	100
1082	100
1081	100
1080	100
1082	100
1083	100
1085	100
1062	100
1070	100
1069	100
1077	100
1075	100
1076	100
1075	100
1075	100
1076	100
1075	100
1074	100
1075	100
1079	100
1060	100
1068	100
1081	100
1077	100
1075	100
1075	100
1075	100
1075	100
1075	100
1074	100
1076	100
1075	100
1085	100
1076	100
1060	100
1074	100
6165	100
1094	100
1077	100
1079	100
1097	100
1071	100
1082	100
1082	100
1082	100
1069	100
1068	100
1078	100
1062	100
1093	100
1064	100
1079	100
1097	100
1070	100
1081	100
1083	100
1081	100
1074	100
1054	100
1069	100
1078	100
1079	100
1078	100
1079	100
1078	100
1066	100
1087	100
1076	100
1063	100
1080	100
1084	100
1082	100
1084	100
1082	100
1083	100
1082	100
1083	100
1102	100
1079	100
1082	100
1082	100
1083	100
1084	100
1072	100
1085	100
1083	100
1082	100
1083	100
1082	100
1083	100
1082	100
1082	100
1083	100
1069	100
1082	100
1069	100
1069	100
1080	100
1078	100
1071	100
1079	100
1078	100
1078	100
1083	100
1082	100
1082	100
1082	100
1083	100
1068	100
1068	100
1080	100
1078	100
1070	100
1078	100
1072	100
1084	100
1082	100
1083	100
1082	100
1082	100
1074	100
1100	100
1038	100
1063	100
1064	100
1062	100
1065	100
1063	100
1063	100
1065	100
1069	100
1059	100
1064	100
1065	100
1063	100
1052	100
1073	100
1063	100
1063	100
1063	100
1064	100
1064	100
1063	100
1063	100
1074	100
1054	100
1068	100
1059	100
1064	100
1064	100
1066	100
1059	100
1063	100
1063	100
1063	100
1063	100
1064	100
1063	100
1064	100
1064	100
1064	100
1063	100
1068	100
1060	100
1064	100
1063	100
1057	100
1068	100
1062	100
1063	100
1063	100
1064	100
1063	100
1064	100
1063	100
1066	100
1064	100
1069	100
1069	100
1058	100
1064	100
1064	100
1058	100
1068	100
1063	100
1064	100
1064	100
1064	100
1085	100
1116	100
1091	100
1097	100
1088	100
1081	100
1122	100
1032	100
1072	100
1066	100
1077	100
1077	100
1078	100
1079	100
1075	100
1077	100
1081	100
1080	100
1080	100
1080	100
1063	100
1080	100
1065	100
1076	100
1077	100
1077	100
1077	100
1073	100
1080	100
1080	100
1081	100
1083	100
1080	100
1062	100
1083	100
1052	100
1076	100
1078	100
1076	100
1077	100
1088	100
1059	100
1079	100
1081	100
1086	100
1085	100
1063	100
1065	100
1066	100
1082	100
1077	100
1077	100
1077	100
1078	100
1081	100
1081	100
1081	100
1081	100
1080	100
1062	100
1065	100
1067	100
1076	100
1076	100
1076	100
1077	100
1127	100
1078	100
1072	100
1072	100
1072	100
1079	100
1069	100
1081	100
1080	100
1081	100
1081	100
1080	100
1080	100
1087	100
1081	100
1082	100
1081	100
1082	100
1077	100
1068	100
1080	100
1081	100
1080	100
1081	100
1081	100
1082	100
1081	100
1049	100
1093	100
1083	100
1086	100
1068	100
1081	100
1080	100
1096	100
1080	100
1081	100
1080	100
1080	100
1115	100
1066	100
1080	100
1080	100
1070	100
1080	100
1081	100
1080	100
1078	100
1079	100
1081	100
1081	100
1081	100
1082	100
1081	100
1082	100
1082	100
1068	100
1080	100
1081	100
1081	100
1081	100
1082	100
1081	100
1081	100
1081	100
1084	100
1080	100
1080	100
1068	100
1081	100
1081	100
1082	100
1076	100
1081	100
1081	100
1080	100
1081	100
1080	100
1080	100
1074	100
1075	100
1072	100
1079	100
1081	100
1082	100
1080	100
1081	100
1080	100
1081	100
1080	100
1081	100
1081	100
1080	100
1076	100
1079	100
1081	100
1080	100
1080	100
1080	100
1082	100
1080	100
1081	100
1081	100
1077	100
1081	100
1083	100
1082	100
1081	100
1081	100
1081	100
1081	100
1080	100
1081	100
1081	100
1080	100
1081	100
1082	100
1082	100
1073	100
1081	100
1081	100
1081	100
1080	100
1081	100
1080	100
1082	100
1088	100
1073	100
1082	100
1082	100
1071	100
1082	100
1081	100
1080	100
1081	100
1080	100
1081	100
1080	100
1081	100
1082	100
1071	100
1092	100
1080	100
1074	100
1080	100
1082	100
1080	100
1081	100
1080	100
1081	100
1082	100
1080	100
1081	100
1081	100
1082	100
1068	100
1080	100
1081	100
1083	100
1080	100
1080	100
1081	100
1082	100
1080	100
1081	100
1081	100
1080	100
1072	100
1092	100
1082	100
1081	100
1081	100
1081	100
1081	100
1081	100
1081	100
1082	100
1080	100
1081	100
1083	100
1069	100
1081	100
1081	100
1080	100
1081	100
1080	100
1078	100
1082	100
1081	100
1097	100
1081	100
1082	100
1066	100
1066	100
1066	100
1077	100
1077	100
1077	100
1077	100
1077	100
1078	100
1065	100
1071	100
1083	100
1085	100
1113	100
1041	100
1068	100
1084	100
1062	100
1078	100
1077	100
1077	100
1079	100
1080	100
1081	100
1082	100
1082	100
1094	100
1065	100
1088	100
1077	100
1073	100
1080	100
1081	100
1082	100
1081	100
1081	100
1083	100
1080	100
1080	100
1068	100
1081	100
1079	100
1075	100
1080	100
1081	100
1081	100
1080	100
1081	100
1081	100
1080	100
1082	100
1069	100
1066	100
1066	100
1074	100
1082	100
1076	100
1077	100
1076	100
1078	100
1081	100
1081	100
1085	100
1080	100
1084	100
1050	100
1067	100
1076	100
1065	100
1075	100
1082	100
1062	100
1085	100
1059	100
1074	100
1056	100
1071	100
1072	100
1060	100
1095	100
1037	100
1076	100
1078	100
1076	100
1072	100
1073	100
1076	100
1077	100
1074	100
1072	100
1071	100
1071	100
1060	100
1065	100
1066	100
1077	100
1077	100
1076	100
1077	100
1072	100
1077	100
1080	100
1082	100
1081	100
1080	100
1071	100
1063	100
1066	100
1077	100
1077	100
1078	100
1095	100
1081	100
1066	100
1099	100
1081	100
1080	100
1080	100
1063	100
1065	100
1066	100
1076	100
1077	100
1076	100
1106	100
1100	100
1135	100
1072	100
1082	100
1094	100
1087	100
1081	100
1082	100
1078	100
1087	100
1081	100
1083	100
1080	100
1079	100
1080	100
1080	100
1074	100
1090	100
1070	100
1071	100
1071	100
1057	100
1062	100
1102	100
1070	100
1071	100
1058	100
1084	100
1071	100
1071	100
1071	100
1086	100
1071	100
1070	100
1071	100
1070	100
1070	100
1072	100
1070	100
1071	100
1056	100
1086	100
1070	100
1070	100
1061	100
1076	100
1071	100
1070	100
1082	100
1082	100
1081	100
1083	100
1082	100
1081	100
1082	100
1119	100
1052	100
1108	100
1064	100
1082	100
1078	100
1086	100
1081	100
1081	100
1083	100
1081	100
1081	100
1082	100
1082	100
1097	100
1080	100
1083	100
1081	100
1081	100
1082	100
1082	100
1083	100
1082	100
1081	100
1081	100
1081	100
1099	100
1072	100
1080	100
1082	100
1082	100
1082	100
1081	100
1082	100
1089	100
1080	100
1082	100
1082	100
1099	100
1070	100
1082	100
1081	100
1082	100
1081	100
1081	100
1089	100
1083	100
1076	100
1087	100
1082	100
1098	100
1071	100
1081	100
1083	100
1063	100
1084	100
1082	100
1087	100
1082	100
1081	100
1082	100
1080	100
1083	100
1068	100
1081	100
1081	100
1081	100
1080	100
1082	100
1080	100
1081	100
1083	100
1080	100
1085	100
1095	100
1077	100
1080	100
1081	100
1081	100
1081	100
1081	100
1081	100
1081	100
1080	100
1082	100
1080	100
1083	100
1069	100
1080	100
1081	100
1081	100
1077	100
1080	100
1081	100
1082	100
1080	100
1081	100
1083	100
1080	100
1083	100
1067	100
1081	100
1080	100
1081	100
1081	100
1081	100
1081	100
1128	100
1053	100
1089	100
1075	100
1094	100
1065	100
1067	100
1078	100
1077	100
1078	100
1075	100
1073	100
1086	100
1081	100
1081	100
1081	100
1082	100
1093	100
1062	100
1062	100
1072	100
1077	100
1078	100
1078	100
1078	100
1078	100
1080	100
1082	100
1081	100
1080	100
1090	100
1063	100
1062	100
1072	100
1078	100
1081	100
1077	100
1077	100
1098	100
1075	100
1080	100
1081	100
1082	100
1097	100
1063	100
1072	100
1079	100
1077	100
1078	100
1073	100
1091	100
1065	100
1077	100
1095	100
1085	100
1107	100
1075	100
1084	100
1081	100
1077	100
1076	100
1087	100
1081	100
1079	100
1078	100
1066	100
1086	100
1055	100
1092	100
1069	100
1070	100
1065	100
1075	100
1066	100
1074	100
1065	100
1086	100
1070	100
1070	100
1071	100
1072	100
1070	100
1087	100
1074	100
1070	100
1071	100
1070	100
1071	100
1069	100
1071	100
1071	100
1070	100
1055	100
1087	100
1070	100
1083	100
1056	100
1070	100
1060	100
1071	100
1070	100
1065	100
1075	100
1071	100
1109	100
1068	100
1083	100
1082	100
1093	100
1082	100
1081	100
1082	100
1082	100
1082	100
1082	100
1082	100
1085	100
1072	100
1083	100
1082	100
1093	100
1081	100
1083	100
1082	100
1074	100
1083	100
1082	100
1082	100
1082	100
1082	100
1082	100
1082	100
1092	100
1071	100
1082	100
1082	100
1081	100
1082	100
1081	100
1082	100
1082	100
1081	100
1082	100
1087	100
1082	100
1083	100
6902	100
1078	100
1092	100
1091	100
1080	100
1077	100
1077	100
1076	100
1086	100
1087	100
1076	100
1075	100
1074	100
1087	100
1059	100
1059	100
1074	100
1076	100
1074	100
1109	100
1074	100
1075	100
1074	100
1074	100
1076	100
1075	100
1074	100
1070	100
1061	100
1059	100
1070	100
1058	100
1082	100
1068	100
1069	100
1070	100
1069	100
1056	100
1083	100
1057	100
1069	100
1084	100
1070	100
1060	100
1069	100
1069	100
1071	100
1061	100
1055	100
1083	100
1064	100
1078	100
1085	100
1063	100
1088	100
1087	100
1077	100
1080	100
1078	100
1073	100
1072	100
1071	100
1077	100
1078	100
1080	100
1081	100
1080	100
1080	100
1066	100
1080	100
1080	100
1080	100
1080	100
1081	100
1081	100
1080	100
1081	100
1080	100
1081	100
1080	100
1081	100
1065	100
1079	100
1080	100
1080	100
1080	100
1079	100
1079	100
1080	100
1079	100
1080	100
1075	100
1079	100
1071	100
1067	100
1080	100
1080	100
1079	100
1080	100
1082	100
1081	100
1093	100
1076	100
1084	100
1080	100
1088	100
1065	100
1067	100
1066	100
1081	100
1083	100
1082	100
1082	100
1087	100
1081	100
1083	100
1086	100
1086	100
1074	100
1080	100
1076	100
1067	100
1081	100
1081	100
1083	100
1082	100
1081	100
1080	100
1086	100
1085	100
1087	100
1077	100
1052	100
1081	100
1082	100
1082	100
1083	100
1082	100
1084	100
1086	100
1086	100
1085	100
1085	100
1070	100
1066	100
1067	100
1081	100
1097	100
1062	100
1071	100
1082	100
1087	100
1062	100
1077	100
1081	100
1080	100
1063	100
1066	100
1066	100
1076	100
1077	100
1075	100
1077	100
1076	100
1088	100
1063	100
1080	100
1081	100
1080	100
1084	100
1062	100
1066	100
1077	100
1077	100
1076	100
1077	100
1077	100
1072	100
1080	100
1094	100
1081	100
1079	100
1077	100
1063	100
1066	100
1077	100
1076	100
1072	100
1076	100
1075	100
1080	100
1069	100
1080	100
1080	100
1067	100
1078	100
1066	100
1065	100
1066	100
1077	100
1076	100
1076	100
1077	100
1072	100
1076	100
1081	100
1082	100
1079	100
1080	100
1063	100
1066	100
1066	100
1077	100
1076	100
1077	100
1077	100
1072	100
1077	100
1080	100
1081	100
1075	100
1081	100
1080	100
1062	100
1065	100
1077	100
1075	100
1077	100
1077	100
1078	100
1080	100
1080	100
1083	100
1082	100
1080	100
1077	100
1063	100
1077	100
1066	100
1080	100
1077	100
1073	100
1076	100
1094	100
1075	100
1080	100
1080	100
1082	100
1071	100
1063	100
1066	100
1077	100
1076	100
1076	100
1076	100
1078	100
1072	100
1080	100
1081	100
1084	100
1082	100
1082	100
1063	100
1065	100
1077	100
1078	100
1077	100
1077	100
1077	100
1091	100
1079	100
1081	100
1081	100
1082	100
1070	100
1064	100
1066	100
1077	100
1076	100
1077	100
1078	100
1065	100
1067	100
1062	100
1064	100
1064	100
1064	100
1064	100
1067	100
1060	100
1063	100
1063	100
1064	100
1063	100
1063	100
1063	100
1065	100
1063	100
1064	100
1064	100
1063	100
1063	100
1064	100
1065	100
1051	100
1073	100
1063	100
1064	100
1063	100
1063	100
1063	100
1064	100
1063	100
1064	100
1065	100
1063	100
1064	100
1064	100
1065	100
1063	100
1053	100
1073	100
1061	100
1066	100
1064	100
1064	100
1064	100
1063	100
1064	100
1085	100
1058	100
1064	100
1070	100
1066	100
1064	100
1063	100
1066	100
1063	100
1063	100
1064	100
1063	100
1065	100
1064	100
1063	100
1064	100
1063	100
1064	100
1063	100
1065	100
1064	100
1065	100
1062	100
1064	100
1063	100
1063	100
1064	100
1065	100
1063	100
1063	100
1064	100
1064	100
1063	100
1063	100
1064	100
1064	100
1063	100
1051	100
1076	100
1064	100
1062	100
1063	100
1064	100
1063	100
1063	100
1064	100
1065	100
1063	100
1064	100
1064	100
1063	100
1064	100
1064	100
1053	100
1073	100
1064	100
1063	100
1064	100
1063	100
1063	100
1064	100
1064	100
1064	100
1063	100
1064	100
1064	100
1069	100
1078	100
1053	100
1074	100
1063	100
1064	100
1064	100
1063	100
1064	100
1064	100
1065	100
1063	100
1063	100
1065	100
1063	100
1063	100
1064	100
1067	100
1060	100
1064	100
1063	100
1064	100
1064	100
1063	100
1063	100
1065	100
1063	100
1063	100
1062	100
1063	100
1063	100
1063	100
1064	100
1054	100
1071	100
1062	100
1063	100
1063	100
1063	100
1064	100
1064	100
1063	100
1063	100
1068	100
1060	100
1062	100
1064	100
1064	100
1063	100
1052	100
1074	100
1064	100
1063	100
1064	100
1063	100
1064	100
1063	100
1064	100
1064	100
1064	100
1063	100
1064	100
1064	100
1063	100
1065	100
1060	100
1063	100
1063	100
1063	100
1063	100
1065	100
1062	100
1063	100
1063	100
1064	100
1063	100
1098	100
1056	100
1079	100
1092	100
1081	100
1082	100
1081	100
1081	100
1084	100
1082	100
1080	100
1081	100
1081	100
1081	100
1081	100
1092	100
1082	100
1080	100
1072	100
1080	100
1082	100
1081	100
1082	100
1082	100
1081	100
1082	100
1081	100
1082	100
1082	100
1081	100
1076	100
1082	100
1081	100
1084	100
1081	100
1083	100
1081	100
1081	100
1082	100
1081	100
1096	100
1082	100
1082	100
1081	100
1081	100
1082	100
1081	100
1081	100
1081	100
1082	100
1081	100
1081	100
1127	100
1083	100
1081	100
1082	100
1081	100
1085	100
1081	100
1081	100
1081	100
1082	100
1081	100
1092	100
1082	100
1081	100
1081	100
1082	100
1082	100
1081	100
1082	100
1081	100
1082	100
1077	100
1092	100
1087	100
1067	100
1059	100
1081	100
1083	100
1083	100
1089	100
1082	100
1082	100
1086	100
1086	100
1087	100
1086	100
1086	100
1067	100
1068	100
1082	100
1082	100
1080	100
1079	100
1084	100
1086	100
1087	100
1085	100
1086	100
1086	100
1063	100
1063	100
1082	100
1081	100
1083	100
1082	100
1083	100
1089	100
1086	100
1081	100
1086	100
1087	100
1062	100
1063	100
1083	100
1083	100
1083	100
1083	100
1082	100
1085	100
1087	100
1086	100
1080	100
1081	100
1063	100
1063	100
1064	100
1078	100
1082	100
1083	100
1083	100
1079	100
1082	100
1089	100
1085	100
1086	100
1086	100
1063	100
1062	100
1082	100
1082	100
1082	100
1083	100
1083	100
1099	100
1075	100
1089	100
1085	100
1086	100
1073	100
1053	100
1068	100
1083	100
1082	100
1083	100
1084	100
1083	100
1088	100
1071	100
1086	100
1085	100
1086	100
1073	100
1054	100
1082	100
1083	100
1083	100
1084	100
1081	100
1083	100
1086	100
1087	100
1086	100
1086	100
1075	100
1053	100
1067	100
1083	100
1082	100
1088	100
1068	100
1084	100
1082	100
1094	100
1086	100
1087	100
1085	100
1073	100
1048	100
1085	100
1080	100
1083	100
1072	100
1077	100
1078	100
1079	100
1066	100
1081	100
1081	100
1079	100
1090	100
1052	100
1075	100
1063	100
1078	100
1077	100
1077	100
1078	100
1080	100
1080	100
1081	100
1079	100
1078	100
1089	100
1077	100
1054	100
1078	100
1086	100
1070	100
1070	100
1069	100
1066	100
1086	100
1084	100
1080	100
1078	100
1100	100
1057	100
1080	100
1081	100
1083	100
1081	100
1082	100
1082	100
1082	100
1082	100
1093	100
1074	100
1099	100
1081	100
1081	100
1082	100
1081	100
1082	100
1082	100
1082	100
1079	100
1107	100
1066	100
1082	100
1079	100
1080	100
1087	100
1081	100
1082	100
1082	100
1083	100
1082	100
1082	100
1082	100
1082	100
1083	100
1097	100
1082	100
1082	100
1082	100
1081	100
1082	100
1082	100
1082	100
1082	100
1081	100
1082	100
1083	100
1098	100
1081	100
1081	100
1082	100
1083	100
1081	100
1082	100
1082	100
1081	100
1074	100
1083	100
1087	100
1109	100
1080	100
1082	100
1083	100
1080	100
1081	100
1096	100
1067	100
1081	100
1081	100
1082	100
1080	100
1094	100
1083	100
1081	100
1081	100
1080	100
1081	100
1082	100
1081	100
1081	100
1083	100
1081	100
1083	100
1070	100
1090	100
1079	100
1082	100
1081	100
1082	100
1081	100
1081	100
1082	100
1081	100
1082	100
1080	100
1113	100
1063	100
1083	100
1081	100
1082	100
1081	100
1082	100
1082	100
1081	100
1081	100
1081	100
1082	100
1113	100
1063	100
1083	100
1081	100
1081	100
1081	100
1081	100
1081	100
1081	100
1082	100
1083	100
1080	100
6481	100
1077	100
1074	100
1074	100
1074	100
1085	100
1084	100
1094	100
1083	100
1082	100
1082	100
1081	100
1091	100
1082	100
1082	100
1085	100
1082	100
1082	100
1082	100
1077	100
1098	100
1080	100
1082	100
1084	100
1080	100
1081	100
1082	100
1080	100
1081	100
1081	100
1082	100
1075	100
1098	100
1081	100
1082	100
1081	100
1081	100
1081	100
1082	100
1080	100
1081	100
1082	100
1080	100
1080	100
1094	100
1082	100
1080	100
1081	100
1083	100
1083	100
1080	100
1082	100
1082	100
1081	100
1081	100
1083	100
1097	100
1081	100
1082	100
1082	100
1084	100
1080	100
1081	100
1078	100
1053	100
1095	100
1086	100
1083	100
1097	100
1079	100
1081	100
1082	100
1081	100
1081	100
1081	100
1082	100
1081	100
1081	100
1065	100
1098	100
1094	100
1082	100
1082	100
1081	100
1081	100
1082	100
1083	100
1081	100
1081	100
1082	100
1081	100
1082	100
1095	100
1082	100
1080	100
1082	100
1082	100
1083	100
1070	100
1082	100
1087	100
1080	100
1081	100
1081	100
1073	100
1081	100
1067	100
1077	100
1078	100
1077	100
1078	100
1100	100
1056	100
1078	100
1080	100
1082	100
1081	100
1094	100
1064	100
1075	100
1096	100
1065	100
1077	100
1078	100
1090	100
1067	100
1100	100
1090	100
1090	100
1075	100
1053	100
1067	100
1082	100
1083	100
1084	100
1083	100
1089	100
1099	100
1059	100
1086	100
1086	100
1087	100
1073	100
1053	100
1083	100
1082	100
1082	100
1083	100
1083	100
1086	100
1089	100
1087	100
1087	100
1085	100
1073	100
1053	100
1068	100
1082	100
1083	100
1083	100
1083	100
1091	100
1073	100
1083	100
1075	100
1104	100
1053	100
1100	100
1080	100
1081	100
1081	100
1082	100
1078	100
1084	100
1083	100
1080	100
1080	100
1082	100
1082	100
1096	100
1081	100
1082	100
1082	100
1081	100
1082	100
1078	100
1084	100
1085	100
1073	100
1085	100
1082	100
1080	100
1082	100
1083	100
1080	100
1081	100
1081	100
1082	100
1081	100
1078	100
1086	100
1081	100
1083	100
1124	100
1079	100
1081	100
1081	100
1081	100
1081	100
1082	100
1081	100
1083	100
1083	100
1079	100
1078	100
1099	100
1081	100
1081	100
1078	100
1084	100
1081	100
1081	100
1081	100
1081	100
1083	100
1081	100
1081	100
1096	100
1082	100
1081	100
1082	100
1081	100
1081	100
1081	100
1083	100
1081	100
1082	100
1083	100
1079	100
1093	100
1082	100
1082	100
1081	100
1081	100
1078	100
1083	100
1080	100
1062	100
1078	100
1086	100
1081	100
1107	100
1071	100
1081	100
1082	100
1081	100
1082	100
1081	100
1082	100
1083	100
1081	100
1082	100
1080	100
1100	100
1075	100
1115	100
1064	100
1072	100
1081	100
1081	100
1080	100
1082	100
1081	100
1076	100
1099	100
1096	100
1081	100
1078	100
1080	100
1085	100
1081	100
1081	100
1082	100
1078	100
1078	100
1096	100
1078	100
1099	100
1081	100
1081	100
1081	100
1082	100
1081	100
1082	100
1081	100
1082	100
1081	100
1081	100
1082	100
1095	100
1082	100
1081	100
1081	100
1109	100
1047	100
1064	100
1064	100
1065	100
1063	100
1064	100
1061	100
1064	100
1066	100
1065	100
1063	100
1065	100
1063	100
1064	100
1064	100
1064	100
1064	100
1064	100
1065	100
1063	100
1063	100
1064	100
1064	100
1064	100
1052	100
1074	100
1064	100
1064	100
1064	100
1064	100
1065	100
1063	100
1064	100
1064	100
1063	100
1061	100
1067	100
1065	100
1073	100
1062	100
1068	100
1053	100
1062	100
1063	100
1063	100
1073	100
1064	100
1064	100
1064	100
1064	100
1063	100
1063	100
1064	100
1064	100
1061	100
1055	100
1080	100
1055	100
1063	100
1076	100
1076	100
1075	100
1076	100
1077	100
1095	100
1081	100
1080	100
1082	100
1099	100
1077	100
1073	100
1073	100
1081	100
1083	100
1082	100
1082	100
1082	100
1082	100
1082	100
1083	100
1092	100
1081	100
1100	100
1074	100
1082	100
1081	100
1083	100
1081	100
1082	100
1082	100
1081	100
1082	100
1092	100
1082	100
1081	100
1082	100
1082	100
1082	100
1081	100
1082	100
1082	100
1081	100
1081	100
1081	100
1093	100
1081	100
1082	100
1082	100
1084	100
1082	100
1118	100
1066	100
1070	100
1069	100
1064	100
1065	100
1064	100
1068	100
1059	100
1065	100
1063	100
1065	100
1064	100
1064	100
1064	100
1063	100
1083	100
1046	100
1065	100
1064	100
1065	100
1065	100
1074	100
1054	100
1064	100
1063	100
1064	100
1063	100
1066	100
1063	100
1064	100
1065	100
1065	100
1063	100
1064	100
1064	100
1064	100
1065	100
1067	100
1059	100
1063	100
1064	100
1064	100
1064	100
1064	100
1064	100
1063	100
1065	100
1063	100
1064	100
1065	100
1064	100
1065	100
1078	100
1074	100
1084	100
1086	100
1086	100
1087	100
1086	100
1086	100
1087	100
1087	100
1081	100
1082	100
1093	100
1081	100
1082	100
1081	100
1083	100
1081	100
1083	100
1083	100
1087	100
1081	100
1081	100
1082	100
1090	100
1081	100
1081	100
1082	100
1082	100
1081	100
1083	100
1109	100
1081	100
1095	100
1082	100
1081	100
1083	100
1082	100
1084	100
1081	100
1082	100
1082	100
1084	100
1081	100
1081	100
1082	100
1081	100
1082	100
1101	100
1082	100
1081	100
1073	100
1077	100
1089	100
1077	100
1077	100
1048	100
1071	100
1077	100
1081	100
1076	100
1099	100
1050	100
1067	100
1071	100
1076	100
1079	100
1070	100
1077	100
1073	100
1077	100
1082	100
1080	100
1081	100
1087	100
1062	100
1061	100
1073	100
1078	100
1078	100
1074	100
1072	100
1087	100
1091	100
1081	100
1076	100
1085	100
1072	100
1062	100
1065	100
1077	100
1073	100
1076	100
1083	100
1082	100
1081	100
1067	100
1088	100
1080	100
1080	100
1071	100
1064	100
1064	100
1059	100
1073	100
1081	100
1077	100
1077	100
1090	100
1080	100
1071	100
1072	100
1073	100
1071	100
1074	100
1052	100
1067	100
1076	100
1077	100
1077	100
1077	100
1076	100
1081	100
1077	100
1087	100
1080	100
1079	100
1094	100
1083	100
1083	100
1082	100
1083	100
1081	100
1083	100
1112	100
1068	100
1082	100
1083	100
1095	100
1069	100
1081	100
1081	100
1082	100
1082	100
1082	100
1081	100
1068	100
1074	100
1066	100
1083	100
1081	100
1104	100
1054	100
1099	100
1093	100
1057	100
1076	100
1083	100
1081	100
1082	100
1082	100
1082	100
1083	100
1109	100
1066	100
1085	100
1082	100
1081	100
1081	100
1082	100
1081	100
1083	100
1081	100
1082	100
1081	100
1110	100
1071	100
1078	100
1081	100
1082	100
1081	100
1081	100
1082	100
1081	100
1081	100
1064	100
1084	100
1091	100
1072	100
1082	100
1082	100
1082	100
1082	100
1081	100
1083	100
1081	100
1082	100
1081	100
1076	100
1081	100
1097	100
1075	100
1077	100
1092	100
1081	100
1082	100
1081	100
1081	100
1082	100
1080	100
1082	100
1082	100
1098	100
1078	100
1081	100
1081	100
1082	100
1072	100
1080	100
1081	100
1081	100
1082	100
1080	100
1083	100
1099	100
1070	100
1082	100
1082	100
1081	100
1081	100
1081	100
1081	100
1081	100
1081	100
1083	100
1081	100
1123	100
1063	100
1082	100
1081	100
1081	100
1082	100
1081	100
1081	100
1098	100
1064	100
1080	100
1081	100
1073	100
1068	100
1066	100
1073	100
1066	100
1075	100
1070	100
1075	100
1087	100
1057	100
1071	100
1080	100
1082	100
1076	100
1065	100
1059	100
1055	100
1075	100
1076	100
1076	100
1077	100
1080	100
1077	100
1074	100
1070	100
1070	100
1085	100
1072	100
1059	100
1058	100
1056	100
1085	100
1070	100
1071	100
1070	100
1068	100
1074	100
1070	100
1058	100
1083	100
1069	100
1071	100
1110	100
1057	100
1081	100
1082	100
1081	100
1071	100
1066	100
1059	100
1075	100
1065	100
1060	100
1065	100
1064	100
1064	100
1068	100
1059	100
1064	100
1064	100
1064	100
1064	100
1064	100
1064	100
1059	100
1070	100
1064	100
1064	100
1065	100
1064	100
1065	100
1074	100
1061	100
1063	100
1063	100
1065	100
1064	100
1063	100
1064	100
7839	100
1039	100
1063	100
1066	100
1065	100
1066	100
1064	100
1065	100
1065	100
1067	100
1065	100
1067	100
1066	100
1063	100
1063	100
1064	100
1063	100
1064	100
1063	100
1063	100
1063	100
1064	100
1063	100
1063	100
1065	100
1063	100
1064	100
1067	100
1059	100
1064	100
1063	100
1063	100
1064	100
1063	100
1063	100
1064	100
1064	100
1063	100
1064	100
1065	100
1063	100
1064	100
1074	100
1052	100
1074	100
1063	100
1064	100
1065	100
1063	100
1065	100
1063	100
1065	100
1063	100
1063	100
1064	100
1064	100
1054	100
1084	100
1099	100
1081	100
1082	100
1081	100
1083	100
1081	100
1081	100
1082	100
1081	100
1088	100
1081	100
1083	100
1083	100
1081	100
1090	100
1082	100
1081	100
1082	100
1081	100
1083	100
1081	100
1082	100
1082	100
1081	100
1096	100
1082	100
1081	100
1081	100
1081	100
1082	100
1082	100
1081	100
1081	100
1082	100
1082	100
1081	100
1096	100
1082	100
1081	100
1082	100
1075	100
1142	100
1042	100
1079	100
1076	100
1081	100
1080	100
1080	100
1113	100
1039	100
1089	100
1081	100
1082	100
1081	100
1083	100
1083	100
1096	100
1082	100
1082	100
1081	100
1112	100
1065	100
1081	100
1083	100
1081	100
1082	100
1082	100
1082	100
1081	100
1082	100
1082	100
1082	100
1113	100
1066	100
1082	100
1081	100
1081	100
1081	100
1082	100
1082	100
1082	100
1082	100
1082	100
1081	100
1113	100
1064	100
1080	100
1081	100
1081	100
1082	100
1081	100
1083	100
1083	100
1081	100
1138	100
1068	100
1090	100
1080	100
1081	100
1082	100
1082	100
1081	100
1081	100
1084	100
1080	100
1076	100
1082	100
1081	100
1096	100
1081	100
1081	100
1083	100
1081	100
1081	100
1081	100
1082	100
1081	100
1082	100
1082	100
1082	100
1071	100
1080	100
1082	100
1081	100
1082	100
1080	100
1082	100
1081	100
1081	100
1076	100
1080	100
1080	100
1069	100
1097	100
1080	100
1080	100
1080	100
1081	100
1080	100
1078	100
1069	100
1081	100
1078	100
1073	100
1082	100
1088	100
1042	100
1077	100
1070	100
1069	100
1070	100
1053	100
1099	100
1060	100
1070	100
1071	100
1072	100
1070	100
1056	100
1073	100
1058	100
1059	100
1070	100
1056	100
1084	100
1069	100
1069	100
1070	100
1070	100
1070	100
1080	100
1069	100
1070	100
1080	100
1065	100
1070	100
1071	100
1070	100
1071	100
1069	100
1071	100
1076	100
1075	100
1060	100
1086	100
1071	100
1071	100
1093	100
1065	100
1070	100
1069	100
1069	100
1071	100
1071	100
1070	100
1070	100
1029	100
1047	100
1088	100
1070	100
1075	100
1070	100
1058	100
1059	100
1059	100
1070	100
1070	100
1070	100
1071	100
1069	100
1070	100
1072	100
1069	100
1069	100
1070	100
1072	100
1058	100
1072	100
1058	100
1071	100
1069	100
1070	100
1070	100
1071	100
1069	100
1069	100
1072	100
1069	100
1070	100
1070	100
1072	100
1058	100
1058	100
1059	100
1071	100
1069	100
1070	100
1058	100
1084	100
1069	100
1070	100
1051	100
1074	100
1073	100
1084	100
1085	100
1031	100
1063	100
1072	100
1076	100
1075	100
1076	100
1077	100
1076	100
1075	100
1076	100
1076	100
1075	100
1081	100
1088	100
1079	100
1076	100
1076	100
1076	100
1076	100
1075	100
1075	100
1077	100
1075	100
1076	100
1074	100
1076	100
1090	100
1077	100
1075	100
1076	100
1076	100
1075	100
1076	100
1077	100
1075	100
1075	100
1077	100
1076	100
1076	100
1086	100
1076	100
1075	100
1076	100
1075	100
1076	100
1076	100
1076	100
1075	100
1076	100
1076	100
1078	100
1070	100
1116	100
1076	100
1071	100
1070	100
1070	100
1070	100
1070	100
1071	100
1058	100
1070	100
1071	100
1069	100
1070	100
1070	100
1087	100
1070	100
1070	100
1071	100
1071	100
1057	100
1084	100
1059	100
1071	100
1070	100
1070	100
1071	100
1069	100
1070	100
1086	100
1071	100
1071	100
1070	100
1051	100
1072	100
1085	100
1070	100
1072	100
1070	100
1071	100
1070	100
1071	100
1070	100
1073	100
1070	100
1072	100
1072	100
1067	100
1078	100
1073	100
1067	100
1081	100
1083	100
1083	100
1081	100
1103	100
1069	100
1081	100
1082	100
1083	100
1082	100
1077	100
1082	100
1078	100
1081	100
1082	100
1081	100
1078	100
1098	100
1083	100
1080	100
1082	100
1080	100
1081	100
1081	100
1081	100
1081	100
1081	100
1077	100
1081	100
1096	100
1080	100
1080	100
1080	100
1085	100
1079	100
1082	100
1081	100
1082	100
1082	100
1081	100
1082	100
1070	100
1086	100
1081	100
1081	100
1082	100
1083	100
1081	100
1081	100
1083	100
1081	100
1076	100
1081	100
1093	100
1080	100
1081	100
1082	100
1082	100
1083	100
1082	100
1085	100
1078	100
1081	100
1082	100
1077	100
1092	100
1080	100
1078	100
1082	100
1082	100
1082	100
1078	100
1088	100
1080	100
1081	100
1078	100
1081	100
1110	100
1063	100
1082	100
1080	100
1080	100
1081	100
1084	100
1081	100
1065	100
1086	100
1081	100
1081	100
1092	100
1090	100
1081	100
1082	100
1082	100
1082	100
1065	100
1083	100
1081	100
1082	100
1082	100
1081	100
1082	100
1098	100
1078	100
1082	100
1082	100
1081	100
1082	100
1085	100
1082	100
1072	100
1063	100
1082	100
1080	100
1117	100
1068	100
1082	100
1081	100
1082	100
1093	100
1078	100
1091	100
1085	100
1081	100
1085	100
1086	100
1085	100
1075	100
1080	100
1082	100
1073	100
1085	100
1081	100
1081	100
1067	100
1083	100
1082	100
1081	100
1109	100
1164	100
1166	100
1096	100
1189	100
1082	100
1105	100
1154	100
1142	100
1166	100
1167	100
1111	100
1101	100
1102	100
1100	100
1102	100
1103	100
1103	100
1103	100
1102	100
1102	100
1098	100
1119	100
1103	100
1104	100
1104	100
1105	100
1105	100
1104	100
1103	100
1103	100
1104	100
1068	100
1103	100
1102	100
1111	100
1100	100
1102	100
1102	100
1102	100
1104	100
1101	100
1104	100
1102	100
1103	100
1104	100
1104	100
1104	100
1103	100
1103	100
1106	100
1103	100
1106	100
1104	100
1105	100
1104	100
1103	100
1104	100
1105	100
1103	100
1104	100
1100	100
1105	100
1104	100
1104	100
1105	100
1103	100
1104	100
1104	100
1105	100
1103	100
1104	100
1106	100
1102	100
1103	100
1104	100
1105	100
1103	100
1104	100
1106	100
1102	100
1103	100
1106	100
1081	100
1103	100
1104	100
1103	100
1105	100
1103	100
1102	100
1106	100
1103	100
1103	100
1104	100
1105	100
1104	100
1104	100
1103	100
1106	100
1103	100
1103	100
1103	100
1103	100
1104	100
1104	100
1104	100
1102	100
1102	100
1082	100
1127	100
1103	100
1103	100
1106	100
1103	100
1071	100
1104	100
1104	100
1104	100
1104	100
1100	100
1102	100
1103	100
1104	100
1105	100
1102	100
1103	100
1104	100
1103	100
1102	100
1104	100
1104	100
1103	100
1068	100
1101	100
1094	100
1101	100
1102	100
1093	100
1112	100
1102	100
1103	100
1100	100
1103	100
1102	100
1086	100
1109	100
1114	100
1103	100
1084	100
1102	100
1104	100
1103	100
1108	100
1102	100
1103	100
1104	100
1104	100
1103	100
1103	100
1106	100
1102	100
1105	100
1103	100
1104	100
1103	100
1104	100
1103	100
1105	100
1103	100
1104	100
1105	100
1103	100
1103	100
1102	100
1106	100
1104	100
1093	100
1116	100
1103	100
1103	100
1103	100
1106	100
1102	100
1104	100
1104	100
1104	100
1102	100
1104	100
1105	100
1103	100
1104	100
1106	100
1104	100
1102	100
1103	100
1104	100
1103	100
1104	100
1103	100
1106	100
1103	100
1107	100
1103	100
1106	100
1103	100
1103	100
1105	100
1096	100
1114	100
1104	100
1105	100
1105	100
1102	100
1103	100
1106	100
1102	100
1104	100
1104	100
1103	100
1104	100
1103	100
1104	100
1103	100
1103	100
1104	100
1103	100
1103	100
1103	100
1105	100
1103	100
1103	100
1103	100
1105	100
1102	100
1104	100
1105	100
1104	100
1103	100
1097	100
1116	100
1103	100
1104	100
1102	100
1105	100
1103	100
1103	100
1103	100
1103	100
1104	100
1103	100
1106	100
1103	100
1103	100
1105	100
1104	100
1104	100
1103	100
1104	100
1103	100
1103	100
1105	100
1105	100
1100	100
1106	100
1067	100
1102	100
1101	100
1103	100
1101	100
1092	100
1116	100
1101	100
1104	100
1101	100
1102	100
1100	100
1103	100
1101	100
1103	100
1104	100
1104	100
1103	100
1121	100
1086	100
1103	100
1102	100
1104	100
1102	100
1101	100
1104	100
1106	100
1102	100
1103	100
1102	100
1104	100
1104	100
1102	100
1104	100
1104	100
1103	100
1096	100
1115	100
1102	100
1104	100
1106	100
1102	100
1103	100
1103	100
1105	100
1101	100
1105	100
1104	100
1103	100
1103	100
1104	100
1104	100
1103	100
1102	100
1103	100
1105	100
1103	100
1104	100
1105	100
1103	100
1103	100
1104	100
1103	100
1103	100
1103	100
1103	100
1107	100
1092	100
1113	100
1104	100
1103	100
1103	100
1103	100
1103	100
1103	100
1104	100
1090	100
1091	100
1081	100
1173	100
1133	100
1167	100
1167	100
1173	100
1154	100
1167	100
1095	100
1116	100
1163	100
1166	100
1182	100
1163	100
1164	100
1096	100
1115	100
1164	100
1166	100
1175	100
1114	100
1077	100
1101	100
1176	100
1170	100
1157	100
1186	100
1164	100
1167	100
1096	100
1181	100
1167	100
1151	100
1125	100
1167	100
1167	100
1095	100
1182	100
1168	100
1171	100
1168	100
1166	100
1169	100
1167	100
1169	100
1169	100
1167	100
1171	100
1166	100
1168	100
1167	100
1171	100
1167	100
1167	100
1169	100
1167	100
1167	100
1169	100
1168	100
1166	100
1167	100
1169	100
1166	100
1169	100
1171	100
1139	100
1164	100
1164	100
1167	100
1166	100
1164	100
1138	100
1166	100
1166	100
1166	100
1165	100
1167	100
1165	100
1139	100
1165	100
1165	100
1180	100
1169	100
1167	100
1166	100
1170	100
1168	100
1168	100
1137	100
1167	100
1167	100
1167	100
1173	100
1167	100
1166	100
1142	100
1167	100
1167	100
1164	100
1166	100
1166	100
1167	100
1137	100
1165	100
1163	100
1163	100
1166	100
1167	100
1165	100
1110	100
1162	100
1166	100
1176	100
1167	100
1164	100
1164	100
1169	100
1165	100
1167	100
1155	100
1164	100
1168	100
1166	100
1170	100
1166	100
1168	100
1168	100
1167	100
1168	100
1167	100
1170	100
1167	100
1166	100
1169	100
1167	100
1166	100
1170	100
1168	100
1170	100
1166	100
1170	100
1166	100
1168	100
1169	100
1167	100
1168	100
1167	100
1169	100
1165	100
1167	100
1171	100
1166	100
1167	100
1167	100
1171	100
1164	100
1166	100
1169	100
1168	100
1166	100
1170	100
1166	100
1170	100
1166	100
1155	100
1145	100
1166	100
1170	100
1167	100
1165	100
1168	100
1169	100
1166	100
1168	100
1171	100
1166	100
1167	100
1168	100
1167	100
1169	100
1167	100
1169	100
1168	100
1165	100
1168	100
1170	100
1166	100
1167	100
1171	100
1169	100
1166	100
1170	100
1169	100
1166	100
1168	100
1169	100
1165	100
1159	100
1171	100
1167	100
1167	100
1177	100
1160	100
1166	100
1168	100
1171	100
1168	100
1166	100
1125	100
1156	100
1179	100
1168	100
1163	100
1145	100
1168	100
1166	100
1166	100
1171	100
1168	100
1187	100
1151	100
1142	100
1134	100
1166	100
1163	100
1167	100
1167	100
1166	100
1166	100
1105	100
1162	100
1164	100
1166	100
1166	100
1164	100
1166	100
1116	100
1161	100
1167	100
1172	100
1165	100
1167	100
1095	100
1079	100
1172	100
1166	100
1165	100
1165	100
1165	100
1167	100
1164	100
1163	100
1166	100
1107	100
1166	100
1165	100
1166	100
1169	100
1165	100
1167	100
1172	100
1168	100
1168	100
1170	100
1169	100
1167	100
1167	100
1169	100
1170	100
1167	100
1149	100
1170	100
1166	100
1168	100
1171	100
1166	100
1167	100
1168	100
1166	100
1167	100
1168	100
1168	100
1166	100
1166	100
1170	100
1167	100
1168	100
1167	100
1170	100
1166	100
1167	100
1173	100
1168	100
1167	100
1171	100
1167	100
1166	100
1169	100
1169	100
1165	100
1167	100
1169	100
1168	100
1166	100
1167	100
1170	100
1168	100
1166	100
1171	100
1166	100
1171	100
1165	100
1174	100
1138	100
1166	100
1105	100
1162	100
1169	100
1174	100
1165	100
1164	100
1164	100
1110	100
1164	100
1164	100
1132	100
1166	100
1164	100
1168	100
1167	100
1169	100
1166	100
1169	100
1167	100
1167	100
1167	100
1175	100
1166	100
1166	100
1171	100
1166	100
1167	100
1177	100
1158	100
1168	100
1166	100
1170	100
1165	100
1171	100
1171	100
1166	100
1167	100
1168	100
1169	100
1168	100
1167	100
1157	100
1166	100
1168	100
1167	100
1172	100
1166	100
1168	100
1169	100
1166	100
1167	100
1176	100
1172	100
1146	100
1143	100
1106	100
1164	100
1165	100
1174	100
1167	100
1166	100
1166	100
1109	100
1164	100
1118	100
1140	100
1168	100
1166	100
1167	100
1168	100
1168	100
1169	100
1170	100
1167	100
1169	100
1168	100
1169	100
1164	100
1168	100
1168	100
1167	100
1166	100
1178	100
1158	100
1168	100
1167	100
1168	100
1166	100
1169	100
1134	100
1166	100
1166	100
1169	100
1169	100
1168	100
1168	100
1169	100
1218	100
