0	625
0	625
0	625
0	625
0	625
0	625
0	625
0	625
0	625
0	625
1	625
1	625
1	625
1	625
1	625
1	625
1	625
1	625
1	625
1	625
2	625
2	625
2	625
2	625
2	625
2	625
2	625
2	625
2	625
2	625
3	625
3	625
3	625
3	625
3	625
3	625
3	625
3	625
3	625
3	625
4	625
4	625
4	625
4	625
4	625
4	625
4	625
4	625
4	625
4	625
5	625
5	625
5	625
5	625
5	625
5	625
5	625
5	625
5	625
5	625
6	625
6	625
6	625
6	625
6	625
6	625
6	625
6	625
6	625
6	625
7	625
7	625
7	625
7	625
7	625
7	625
7	625
7	625
7	625
7	625
8	625
8	625
8	625
8	625
8	625
8	625
8	625
8	625
8	625
8	625
9	625
9	625
9	625
9	625
9	625
9	625
9	625
9	625
9	625
9	625
10	625
10	625
10	625
10	625
10	625
10	625
10	625
10	625
10	625
10	625
11	625
11	625
11	625
11	625
11	625
11	625
11	625
11	625
11	625
11	625
12	625
12	625
12	625
12	625
12	625
12	625
12	625
12	625
12	625
12	625
13	625
13	625
13	625
13	625
13	625
13	625
13	625
13	625
13	625
13	625
14	625
14	625
14	625
14	625
14	625
14	625
14	625
14	625
14	625
14	625
15	625
15	625
15	625
15	625
15	625
15	625
15	625
15	625
15	625
15	625
16	625
16	625
16	625
16	625
16	625
16	625
16	625
16	625
16	625
16	625
17	625
17	625
17	625
17	625
17	625
17	625
17	625
17	625
17	625
17	625
18	625
18	625
18	625
18	625
18	625
18	625
18	625
18	625
18	625
18	625
19	625
19	625
19	625
19	625
19	625
19	625
19	625
19	625
19	625
19	625
20	625
20	625
20	625
20	625
20	625
20	625
20	625
20	625
20	625
20	625
21	625
21	625
21	625
21	625
21	625
21	625
21	625
21	625
21	625
21	625
22	625
22	625
22	625
22	625
22	625
22	625
22	625
22	625
22	625
22	625
23	625
23	625
23	625
23	625
23	625
23	625
23	625
23	625
23	625
23	625
24	625
24	625
24	625
24	625
24	625
24	625
24	625
24	625
24	625
24	625
25	625
25	625
25	625
25	625
25	625
25	625
25	625
25	625
25	625
25	625
26	625
26	625
26	625
26	625
26	625
26	625
26	625
26	625
26	625
26	625
27	625
27	625
27	625
27	625
27	625
27	625
27	625
27	625
27	625
27	625
28	625
28	625
28	625
28	625
28	625
28	625
28	625
28	625
28	625
28	625
29	625
29	625
29	625
29	625
29	625
29	625
29	625
29	625
29	625
29	625
30	625
30	625
30	625
30	625
30	625
30	625
30	625
30	625
30	625
30	625
31	625
31	625
31	625
31	625
31	625
31	625
31	625
31	625
31	625
31	625
32	625
32	625
32	625
32	625
32	625
32	625
32	625
32	625
32	625
32	625
33	625
33	625
33	625
33	625
33	625
33	625
33	625
33	625
33	625
33	625
34	625
34	625
34	625
34	625
34	625
34	625
34	625
34	625
34	625
34	625
35	625
35	625
35	625
35	625
35	625
35	625
35	625
35	625
35	625
35	625
36	625
36	625
36	625
36	625
36	625
36	625
36	625
36	625
36	625
36	625
37	625
37	625
37	625
37	625
37	625
37	625
37	625
37	625
37	625
37	625
38	625
38	625
38	625
38	625
38	625
38	625
38	625
38	625
38	625
38	625
39	625
39	625
39	625
39	625
39	625
39	625
39	625
39	625
39	625
39	625
40	625
40	625
40	625
40	625
40	625
40	625
40	625
40	625
40	625
40	625
41	625
41	625
41	625
41	625
41	625
41	625
41	625
41	625
41	625
41	625
42	625
42	625
42	625
42	625
42	625
42	625
42	625
42	625
42	625
42	625
43	625
43	625
43	625
43	625
43	625
43	625
43	625
43	625
43	625
43	625
44	625
44	625
44	625
44	625
44	625
44	625
44	625
44	625
44	625
44	625
45	625
45	625
45	625
45	625
45	625
45	625
45	625
45	625
45	625
45	625
46	625
46	625
46	625
46	625
46	625
46	625
46	625
46	625
46	625
46	625
47	625
47	625
47	625
47	625
47	625
47	625
47	625
47	625
47	625
47	625
48	625
48	625
48	625
48	625
48	625
48	625
48	625
48	625
48	625
48	625
49	625
49	625
49	625
49	625
49	625
49	625
49	625
49	625
49	625
49	625
50	625
50	625
50	625
50	625
50	625
50	625
50	625
50	625
50	625
50	625
51	625
51	625
51	625
51	625
51	625
51	625
51	625
51	625
51	625
51	625
52	625
52	625
52	625
52	625
52	625
52	625
52	625
52	625
52	625
52	625
53	625
53	625
53	625
53	625
53	625
53	625
53	625
53	625
53	625
53	625
54	625
54	625
54	625
54	625
54	625
54	625
54	625
54	625
54	625
54	625
55	625
55	625
55	625
55	625
55	625
55	625
55	625
55	625
55	625
55	625
56	625
56	625
56	625
56	625
56	625
56	625
56	625
56	625
56	625
56	625
57	625
57	625
57	625
57	625
57	625
57	625
57	625
57	625
57	625
57	625
58	625
58	625
58	625
58	625
58	625
58	625
58	625
58	625
58	625
58	625
59	625
59	625
59	625
59	625
59	625
59	625
59	625
59	625
59	625
59	625
60	625
60	625
60	625
60	625
60	625
60	625
60	625
60	625
60	625
60	625
61	625
61	625
61	625
61	625
61	625
61	625
61	625
61	625
61	625
61	625
62	625
62	625
62	625
62	625
62	625
62	625
62	625
62	625
62	625
62	625
63	625
63	625
63	625
63	625
63	625
63	625
63	625
63	625
63	625
63	625
64	625
64	625
64	625
64	625
64	625
64	625
64	625
64	625
64	625
64	625
65	625
65	625
65	625
65	625
65	625
65	625
65	625
65	625
65	625
65	625
66	625
66	625
66	625
66	625
66	625
66	625
66	625
66	625
66	625
66	625
67	625
67	625
67	625
67	625
67	625
67	625
67	625
67	625
67	625
67	625
68	625
68	625
68	625
68	625
68	625
68	625
68	625
68	625
68	625
68	625
69	625
69	625
69	625
69	625
69	625
69	625
69	625
69	625
69	625
69	625
70	625
70	625
70	625
70	625
70	625
70	625
70	625
70	625
70	625
70	625
71	625
71	625
71	625
71	625
71	625
71	625
71	625
71	625
71	625
71	625
72	625
72	625
72	625
72	625
72	625
72	625
72	625
72	625
72	625
72	625
73	625
73	625
73	625
73	625
73	625
73	625
73	625
73	625
73	625
73	625
74	625
74	625
74	625
74	625
74	625
74	625
74	625
74	625
74	625
74	625
75	625
75	625
75	625
75	625
75	625
75	625
75	625
75	625
75	625
75	625
76	625
76	625
76	625
76	625
76	625
76	625
76	625
76	625
76	625
76	625
77	625
77	625
77	625
77	625
77	625
77	625
77	625
77	625
77	625
77	625
78	625
78	625
78	625
78	625
78	625
78	625
78	625
78	625
78	625
78	625
79	625
79	625
79	625
79	625
79	625
79	625
79	625
79	625
79	625
79	625
80	625
80	625
80	625
80	625
80	625
80	625
80	625
80	625
80	625
80	625
81	625
81	625
81	625
81	625
81	625
81	625
81	625
81	625
81	625
81	625
82	625
82	625
82	625
82	625
82	625
82	625
82	625
82	625
82	625
82	625
83	625
83	625
83	625
83	625
83	625
83	625
83	625
83	625
83	625
83	625
84	625
84	625
84	625
84	625
84	625
84	625
84	625
84	625
84	625
84	625
85	625
85	625
85	625
85	625
85	625
85	625
85	625
85	625
85	625
85	625
86	625
86	625
86	625
86	625
86	625
86	625
86	625
86	625
86	625
86	625
87	625
87	625
87	625
87	625
87	625
87	625
87	625
87	625
87	625
87	625
88	625
88	625
88	625
88	625
88	625
88	625
88	625
88	625
88	625
88	625
89	625
89	625
89	625
89	625
89	625
89	625
89	625
89	625
89	625
89	625
90	625
90	625
90	625
90	625
90	625
90	625
90	625
90	625
90	625
90	625
91	625
91	625
91	625
91	625
91	625
91	625
91	625
91	625
91	625
91	625
92	625
92	625
92	625
92	625
92	625
92	625
92	625
92	625
92	625
92	625
93	625
93	625
93	625
93	625
93	625
93	625
93	625
93	625
93	625
93	625
94	625
94	625
94	625
94	625
94	625
94	625
94	625
94	625
94	625
94	625
95	625
95	625
95	625
95	625
95	625
95	625
95	625
95	625
95	625
95	625
96	625
96	625
96	625
96	625
96	625
96	625
96	625
96	625
96	625
96	625
97	625
97	625
97	625
97	625
97	625
97	625
97	625
97	625
97	625
97	625
98	625
98	625
98	625
98	625
98	625
98	625
98	625
98	625
98	625
98	625
99	625
99	625
99	625
99	625
99	625
99	625
99	625
99	625
99	625
99	625
100	625
100	625
100	625
100	625
100	625
100	625
100	625
100	625
100	625
100	625
101	625
101	625
101	625
101	625
101	625
101	625
101	625
101	625
101	625
101	625
102	625
102	625
102	625
102	625
102	625
102	625
102	625
102	625
102	625
102	625
103	625
103	625
103	625
103	625
103	625
103	625
103	625
103	625
103	625
103	625
104	625
104	625
104	625
104	625
104	625
104	625
104	625
104	625
104	625
104	625
105	625
105	625
105	625
105	625
105	625
105	625
105	625
105	625
105	625
105	625
106	625
106	625
106	625
106	625
106	625
106	625
106	625
106	625
106	625
106	625
107	625
107	625
107	625
107	625
107	625
107	625
107	625
107	625
107	625
107	625
108	625
108	625
108	625
108	625
108	625
108	625
108	625
108	625
108	625
108	625
109	625
109	625
109	625
109	625
109	625
109	625
109	625
109	625
109	625
109	625
110	625
110	625
110	625
110	625
110	625
110	625
110	625
110	625
110	625
110	625
111	625
111	625
111	625
111	625
111	625
111	625
111	625
111	625
111	625
111	625
112	625
112	625
112	625
112	625
112	625
112	625
112	625
112	625
112	625
112	625
113	625
113	625
113	625
113	625
113	625
113	625
113	625
113	625
113	625
113	625
114	625
114	625
114	625
114	625
114	625
114	625
114	625
114	625
114	625
114	625
115	625
115	625
115	625
115	625
115	625
115	625
115	625
115	625
115	625
115	625
116	625
116	625
116	625
116	625
116	625
116	625
116	625
116	625
116	625
116	625
117	625
117	625
117	625
117	625
117	625
117	625
117	625
117	625
117	625
117	625
118	625
118	625
118	625
118	625
118	625
118	625
118	625
118	625
118	625
118	625
119	625
119	625
119	625
119	625
119	625
119	625
119	625
119	625
119	625
119	625
120	625
120	625
120	625
120	625
120	625
120	625
120	625
120	625
120	625
120	625
121	625
121	625
121	625
121	625
121	625
121	625
121	625
121	625
121	625
121	625
122	625
122	625
122	625
122	625
122	625
122	625
122	625
122	625
122	625
122	625
123	625
123	625
123	625
123	625
123	625
123	625
123	625
123	625
123	625
123	625
124	625
124	625
124	625
124	625
124	625
124	625
124	625
124	625
124	625
124	625
125	625
125	625
125	625
125	625
125	625
125	625
125	625
125	625
125	625
125	625
126	625
126	625
126	625
126	625
126	625
126	625
126	625
126	625
126	625
126	625
127	625
127	625
127	625
127	625
127	625
127	625
127	625
127	625
127	625
127	625
128	625
128	625
128	625
128	625
128	625
128	625
128	625
128	625
128	625
128	625
129	625
129	625
129	625
129	625
129	625
129	625
129	625
129	625
129	625
129	625
130	625
130	625
130	625
130	625
130	625
130	625
130	625
130	625
130	625
130	625
131	625
131	625
131	625
131	625
131	625
131	625
131	625
131	625
131	625
131	625
132	625
132	625
132	625
132	625
132	625
132	625
132	625
132	625
132	625
132	625
133	625
133	625
133	625
133	625
133	625
133	625
133	625
133	625
133	625
133	625
134	625
134	625
134	625
134	625
134	625
134	625
134	625
134	625
134	625
134	625
135	625
135	625
135	625
135	625
135	625
135	625
135	625
135	625
135	625
135	625
136	625
136	625
136	625
136	625
136	625
136	625
136	625
136	625
136	625
136	625
137	625
137	625
137	625
137	625
137	625
137	625
137	625
137	625
137	625
137	625
138	625
138	625
138	625
138	625
138	625
138	625
138	625
138	625
138	625
138	625
139	625
139	625
139	625
139	625
139	625
139	625
139	625
139	625
139	625
139	625
140	625
140	625
140	625
140	625
140	625
140	625
140	625
140	625
140	625
140	625
141	625
141	625
141	625
141	625
141	625
141	625
141	625
141	625
141	625
141	625
142	625
142	625
142	625
142	625
142	625
142	625
142	625
142	625
142	625
142	625
143	625
143	625
143	625
143	625
143	625
143	625
143	625
143	625
143	625
143	625
144	625
144	625
144	625
144	625
144	625
144	625
144	625
144	625
144	625
144	625
145	625
145	625
145	625
145	625
145	625
145	625
145	625
145	625
145	625
145	625
146	625
146	625
146	625
146	625
146	625
146	625
146	625
146	625
146	625
146	625
147	625
147	625
147	625
147	625
147	625
147	625
147	625
147	625
147	625
147	625
148	625
148	625
148	625
148	625
148	625
148	625
148	625
148	625
148	625
148	625
149	625
149	625
149	625
149	625
149	625
149	625
149	625
149	625
149	625
149	625
150	625
150	625
150	625
150	625
150	625
150	625
150	625
150	625
150	625
150	625
151	625
151	625
151	625
151	625
151	625
151	625
151	625
151	625
151	625
151	625
152	625
152	625
152	625
152	625
152	625
152	625
152	625
152	625
152	625
152	625
153	625
153	625
153	625
153	625
153	625
153	625
153	625
153	625
153	625
153	625
154	625
154	625
154	625
154	625
154	625
154	625
154	625
154	625
154	625
154	625
155	625
155	625
155	625
155	625
155	625
155	625
155	625
155	625
155	625
155	625
156	625
156	625
156	625
156	625
156	625
156	625
156	625
156	625
156	625
156	625
157	625
157	625
157	625
157	625
157	625
157	625
157	625
157	625
157	625
157	625
158	625
158	625
158	625
158	625
158	625
158	625
158	625
158	625
158	625
158	625
159	625
159	625
159	625
159	625
159	625
159	625
159	625
159	625
159	625
159	625
160	625
160	625
160	625
160	625
160	625
160	625
160	625
160	625
160	625
160	625
161	625
161	625
161	625
161	625
161	625
161	625
161	625
161	625
161	625
161	625
162	625
162	625
162	625
162	625
162	625
162	625
162	625
162	625
162	625
162	625
163	625
163	625
163	625
163	625
163	625
163	625
163	625
163	625
163	625
163	625
164	625
164	625
164	625
164	625
164	625
164	625
164	625
164	625
164	625
164	625
165	625
165	625
165	625
165	625
165	625
165	625
165	625
165	625
165	625
165	625
166	625
166	625
166	625
166	625
166	625
166	625
166	625
166	625
166	625
166	625
167	625
167	625
167	625
167	625
167	625
167	625
167	625
167	625
167	625
167	625
168	625
168	625
168	625
168	625
168	625
168	625
168	625
168	625
168	625
168	625
169	625
169	625
169	625
169	625
169	625
169	625
169	625
169	625
169	625
169	625
170	625
170	625
170	625
170	625
170	625
170	625
170	625
170	625
170	625
170	625
171	625
171	625
171	625
171	625
171	625
171	625
171	625
171	625
171	625
171	625
172	625
172	625
172	625
172	625
172	625
172	625
172	625
172	625
172	625
172	625
173	625
173	625
173	625
173	625
173	625
173	625
173	625
173	625
173	625
173	625
174	625
174	625
174	625
174	625
174	625
174	625
174	625
174	625
174	625
174	625
175	625
175	625
175	625
175	625
175	625
175	625
175	625
175	625
175	625
175	625
176	625
176	625
176	625
176	625
176	625
176	625
176	625
176	625
176	625
176	625
177	625
177	625
177	625
177	625
177	625
177	625
177	625
177	625
177	625
177	625
178	625
178	625
178	625
178	625
178	625
178	625
178	625
178	625
178	625
178	625
179	625
179	625
179	625
179	625
179	625
179	625
179	625
179	625
179	625
179	625
180	625
180	625
180	625
180	625
180	625
180	625
180	625
180	625
180	625
180	625
181	625
181	625
181	625
181	625
181	625
181	625
181	625
181	625
181	625
181	625
182	625
182	625
182	625
182	625
182	625
182	625
182	625
182	625
182	625
182	625
183	625
183	625
183	625
183	625
183	625
183	625
183	625
183	625
183	625
183	625
184	625
184	625
184	625
184	625
184	625
184	625
184	625
184	625
184	625
184	625
185	625
185	625
185	625
185	625
185	625
185	625
185	625
185	625
185	625
185	625
186	625
186	625
186	625
186	625
186	625
186	625
186	625
186	625
186	625
186	625
187	625
187	625
187	625
187	625
187	625
187	625
187	625
187	625
187	625
187	625
188	625
188	625
188	625
188	625
188	625
188	625
188	625
188	625
188	625
188	625
189	625
189	625
189	625
189	625
189	625
189	625
189	625
189	625
189	625
189	625
190	625
190	625
190	625
190	625
190	625
190	625
190	625
190	625
190	625
190	625
191	625
191	625
191	625
191	625
191	625
191	625
191	625
191	625
191	625
191	625
192	625
192	625
192	625
192	625
192	625
192	625
192	625
192	625
192	625
192	625
193	625
193	625
193	625
193	625
193	625
193	625
193	625
193	625
193	625
193	625
194	625
194	625
194	625
194	625
194	625
194	625
194	625
194	625
194	625
194	625
195	625
195	625
195	625
195	625
195	625
195	625
195	625
195	625
195	625
195	625
196	625
196	625
196	625
196	625
196	625
196	625
196	625
196	625
196	625
196	625
197	625
197	625
197	625
197	625
197	625
197	625
197	625
197	625
197	625
197	625
198	625
198	625
198	625
198	625
198	625
198	625
198	625
198	625
198	625
198	625
199	625
199	625
199	625
199	625
199	625
199	625
199	625
199	625
199	625
199	625
200	625
200	625
200	625
200	625
200	625
200	625
200	625
200	625
200	625
200	625
201	625
201	625
201	625
201	625
201	625
201	625
201	625
201	625
201	625
201	625
202	625
202	625
202	625
202	625
202	625
202	625
202	625
202	625
202	625
202	625
203	625
203	625
203	625
203	625
203	625
203	625
203	625
203	625
203	625
203	625
204	625
204	625
204	625
204	625
204	625
204	625
204	625
204	625
204	625
204	625
205	625
205	625
205	625
205	625
205	625
205	625
205	625
205	625
205	625
205	625
206	625
206	625
206	625
206	625
206	625
206	625
206	625
206	625
206	625
206	625
207	625
207	625
207	625
207	625
207	625
207	625
207	625
207	625
207	625
207	625
208	625
208	625
208	625
208	625
208	625
208	625
208	625
208	625
208	625
208	625
209	625
209	625
209	625
209	625
209	625
209	625
209	625
209	625
209	625
209	625
210	625
210	625
210	625
210	625
210	625
210	625
210	625
210	625
210	625
210	625
211	625
211	625
211	625
211	625
211	625
211	625
211	625
211	625
211	625
211	625
212	625
212	625
212	625
212	625
212	625
212	625
212	625
212	625
212	625
212	625
213	625
213	625
213	625
213	625
213	625
213	625
213	625
213	625
213	625
213	625
214	625
214	625
214	625
214	625
214	625
214	625
214	625
214	625
214	625
214	625
215	625
215	625
215	625
215	625
215	625
215	625
215	625
215	625
215	625
215	625
216	625
216	625
216	625
216	625
216	625
216	625
216	625
216	625
216	625
216	625
217	625
217	625
217	625
217	625
217	625
217	625
217	625
217	625
217	625
217	625
218	625
218	625
218	625
218	625
218	625
218	625
218	625
218	625
218	625
218	625
219	625
219	625
219	625
219	625
219	625
219	625
219	625
219	625
219	625
219	625
220	625
220	625
220	625
220	625
220	625
220	625
220	625
220	625
220	625
220	625
221	625
221	625
221	625
221	625
221	625
221	625
221	625
221	625
221	625
221	625
222	625
222	625
222	625
222	625
222	625
222	625
222	625
222	625
222	625
222	625
223	625
223	625
223	625
223	625
223	625
223	625
223	625
223	625
223	625
223	625
224	625
224	625
224	625
224	625
224	625
224	625
224	625
224	625
224	625
224	625
225	625
225	625
225	625
225	625
225	625
225	625
225	625
225	625
225	625
225	625
226	625
226	625
226	625
226	625
226	625
226	625
226	625
226	625
226	625
226	625
227	625
227	625
227	625
227	625
227	625
227	625
227	625
227	625
227	625
227	625
228	625
228	625
228	625
228	625
228	625
228	625
228	625
228	625
228	625
228	625
229	625
229	625
229	625
229	625
229	625
229	625
229	625
229	625
229	625
229	625
230	625
230	625
230	625
230	625
230	625
230	625
230	625
230	625
230	625
230	625
231	625
231	625
231	625
231	625
231	625
231	625
231	625
231	625
231	625
231	625
232	625
232	625
232	625
232	625
232	625
232	625
232	625
232	625
232	625
232	625
233	625
233	625
233	625
233	625
233	625
233	625
233	625
233	625
233	625
233	625
234	625
234	625
234	625
234	625
234	625
234	625
234	625
234	625
234	625
234	625
235	625
235	625
235	625
235	625
235	625
235	625
235	625
235	625
235	625
235	625
236	625
236	625
236	625
236	625
236	625
236	625
236	625
236	625
236	625
236	625
237	625
237	625
237	625
237	625
237	625
237	625
237	625
237	625
237	625
237	625
238	625
238	625
238	625
238	625
238	625
238	625
238	625
238	625
238	625
238	625
239	625
239	625
239	625
239	625
239	625
239	625
239	625
239	625
239	625
239	625
240	625
240	625
240	625
240	625
240	625
240	625
240	625
240	625
240	625
240	625
241	625
241	625
241	625
241	625
241	625
241	625
241	625
241	625
241	625
241	625
242	625
242	625
242	625
242	625
242	625
242	625
242	625
242	625
242	625
242	625
243	625
243	625
243	625
243	625
243	625
243	625
243	625
243	625
243	625
243	625
244	625
244	625
244	625
244	625
244	625
244	625
244	625
244	625
244	625
244	625
245	625
245	625
245	625
245	625
245	625
245	625
245	625
245	625
245	625
245	625
246	625
246	625
246	625
246	625
246	625
246	625
246	625
246	625
246	625
246	625
247	625
247	625
247	625
247	625
247	625
247	625
247	625
247	625
247	625
247	625
248	625
248	625
248	625
248	625
248	625
248	625
248	625
248	625
248	625
248	625
249	625
249	625
249	625
249	625
249	625
249	625
249	625
249	625
249	625
249	625
250	625
250	625
250	625
250	625
250	625
250	625
250	625
250	625
250	625
250	625
251	625
251	625
251	625
251	625
251	625
251	625
251	625
251	625
251	625
251	625
252	625
252	625
252	625
252	625
252	625
252	625
252	625
252	625
252	625
252	625
253	625
253	625
253	625
253	625
253	625
253	625
253	625
253	625
253	625
253	625
254	625
254	625
254	625
254	625
254	625
254	625
254	625
254	625
254	625
254	625
255	625
255	625
255	625
255	625
255	625
255	625
255	625
255	625
255	625
255	625
256	625
256	625
256	625
256	625
256	625
256	625
256	625
256	625
256	625
256	625
257	625
257	625
257	625
257	625
257	625
257	625
257	625
257	625
257	625
257	625
258	625
258	625
258	625
258	625
258	625
258	625
258	625
258	625
258	625
258	625
259	625
259	625
259	625
259	625
259	625
259	625
259	625
259	625
259	625
259	625
260	625
260	625
260	625
260	625
260	625
260	625
260	625
260	625
260	625
260	625
261	625
261	625
261	625
261	625
261	625
261	625
261	625
261	625
261	625
261	625
262	625
262	625
262	625
262	625
262	625
262	625
262	625
262	625
262	625
262	625
263	625
263	625
263	625
263	625
263	625
263	625
263	625
263	625
263	625
263	625
264	625
264	625
264	625
264	625
264	625
264	625
264	625
264	625
264	625
264	625
265	625
265	625
265	625
265	625
265	625
265	625
265	625
265	625
265	625
265	625
266	625
266	625
266	625
266	625
266	625
266	625
266	625
266	625
266	625
266	625
267	625
267	625
267	625
267	625
267	625
267	625
267	625
267	625
267	625
267	625
268	625
268	625
268	625
268	625
268	625
268	625
268	625
268	625
268	625
268	625
269	625
269	625
269	625
269	625
269	625
269	625
269	625
269	625
269	625
269	625
270	625
270	625
270	625
270	625
270	625
270	625
270	625
270	625
270	625
270	625
271	625
271	625
271	625
271	625
271	625
271	625
271	625
271	625
271	625
271	625
272	625
272	625
272	625
272	625
272	625
272	625
272	625
272	625
272	625
272	625
273	625
273	625
273	625
273	625
273	625
273	625
273	625
273	625
273	625
273	625
274	625
274	625
274	625
274	625
274	625
274	625
274	625
274	625
274	625
274	625
275	625
275	625
275	625
275	625
275	625
275	625
275	625
275	625
275	625
275	625
276	625
276	625
276	625
276	625
276	625
276	625
276	625
276	625
276	625
276	625
277	625
277	625
277	625
277	625
277	625
277	625
277	625
277	625
277	625
277	625
278	625
278	625
278	625
278	625
278	625
278	625
278	625
278	625
278	625
278	625
279	625
279	625
279	625
279	625
279	625
279	625
279	625
279	625
279	625
279	625
280	625
280	625
280	625
280	625
280	625
280	625
280	625
280	625
280	625
280	625
281	625
281	625
281	625
281	625
281	625
281	625
281	625
281	625
281	625
281	625
282	625
282	625
282	625
282	625
282	625
282	625
282	625
282	625
282	625
282	625
283	625
283	625
283	625
283	625
283	625
283	625
283	625
283	625
283	625
283	625
284	625
284	625
284	625
284	625
284	625
284	625
284	625
284	625
284	625
284	625
285	625
285	625
285	625
285	625
285	625
285	625
285	625
285	625
285	625
285	625
286	625
286	625
286	625
286	625
286	625
286	625
286	625
286	625
286	625
286	625
287	625
287	625
287	625
287	625
287	625
287	625
287	625
287	625
287	625
287	625
288	625
288	625
288	625
288	625
288	625
288	625
288	625
288	625
288	625
288	625
289	625
289	625
289	625
289	625
289	625
289	625
289	625
289	625
289	625
289	625
290	625
290	625
290	625
290	625
290	625
290	625
290	625
290	625
290	625
290	625
291	625
291	625
291	625
291	625
291	625
291	625
291	625
291	625
291	625
291	625
292	625
292	625
292	625
292	625
292	625
292	625
292	625
292	625
292	625
292	625
293	625
293	625
293	625
293	625
293	625
293	625
293	625
293	625
293	625
293	625
294	625
294	625
294	625
294	625
294	625
294	625
294	625
294	625
294	625
294	625
295	625
295	625
295	625
295	625
295	625
295	625
295	625
295	625
295	625
295	625
296	625
296	625
296	625
296	625
296	625
296	625
296	625
296	625
296	625
296	625
297	625
297	625
297	625
297	625
297	625
297	625
297	625
297	625
297	625
297	625
298	625
298	625
298	625
298	625
298	625
298	625
298	625
298	625
298	625
298	625
299	625
299	625
299	625
299	625
299	625
299	625
299	625
299	625
299	625
299	625
300	625
300	625
300	625
300	625
300	625
300	625
300	625
300	625
300	625
300	625
301	625
301	625
301	625
301	625
301	625
301	625
301	625
301	625
301	625
301	625
302	625
302	625
302	625
302	625
302	625
302	625
302	625
302	625
302	625
302	625
303	625
303	625
303	625
303	625
303	625
303	625
303	625
303	625
303	625
303	625
304	625
304	625
304	625
304	625
304	625
304	625
304	625
304	625
304	625
304	625
305	625
305	625
305	625
305	625
305	625
305	625
305	625
305	625
305	625
305	625
306	625
306	625
306	625
306	625
306	625
306	625
306	625
306	625
306	625
306	625
307	625
307	625
307	625
307	625
307	625
307	625
307	625
307	625
307	625
307	625
308	625
308	625
308	625
308	625
308	625
308	625
308	625
308	625
308	625
308	625
309	625
309	625
309	625
309	625
309	625
309	625
309	625
309	625
309	625
309	625
310	625
310	625
310	625
310	625
310	625
310	625
310	625
310	625
310	625
310	625
311	625
311	625
311	625
311	625
311	625
311	625
311	625
311	625
311	625
311	625
312	625
312	625
312	625
312	625
312	625
312	625
312	625
312	625
312	625
312	625
313	625
313	625
313	625
313	625
313	625
313	625
313	625
313	625
313	625
313	625
314	625
314	625
314	625
314	625
314	625
314	625
314	625
314	625
314	625
314	625
315	625
315	625
315	625
315	625
315	625
315	625
315	625
315	625
315	625
315	625
316	625
316	625
316	625
316	625
316	625
316	625
316	625
316	625
316	625
316	625
317	625
317	625
317	625
317	625
317	625
317	625
317	625
317	625
317	625
317	625
318	625
318	625
318	625
318	625
318	625
318	625
318	625
318	625
318	625
318	625
319	625
319	625
319	625
319	625
319	625
319	625
319	625
319	625
319	625
319	625
320	625
320	625
320	625
320	625
320	625
320	625
320	625
320	625
320	625
320	625
321	625
321	625
321	625
321	625
321	625
321	625
321	625
321	625
321	625
321	625
322	625
322	625
322	625
322	625
322	625
322	625
322	625
322	625
322	625
322	625
323	625
323	625
323	625
323	625
323	625
323	625
323	625
323	625
323	625
323	625
324	625
324	625
324	625
324	625
324	625
324	625
324	625
324	625
324	625
324	625
325	625
325	625
325	625
325	625
325	625
325	625
325	625
325	625
325	625
325	625
326	625
326	625
326	625
326	625
326	625
326	625
326	625
326	625
326	625
326	625
327	625
327	625
327	625
327	625
327	625
327	625
327	625
327	625
327	625
327	625
328	625
328	625
328	625
328	625
328	625
328	625
328	625
328	625
328	625
328	625
329	625
329	625
329	625
329	625
329	625
329	625
329	625
329	625
329	625
329	625
330	625
330	625
330	625
330	625
330	625
330	625
330	625
330	625
330	625
330	625
331	625
331	625
331	625
331	625
331	625
331	625
331	625
331	625
331	625
331	625
332	625
332	625
332	625
332	625
332	625
332	625
332	625
332	625
332	625
332	625
333	625
333	625
333	625
333	625
333	625
333	625
333	625
333	625
333	625
333	625
334	625
334	625
334	625
334	625
334	625
334	625
334	625
334	625
334	625
334	625
335	625
335	625
335	625
335	625
335	625
335	625
335	625
335	625
335	625
335	625
336	625
336	625
336	625
336	625
336	625
336	625
336	625
336	625
336	625
336	625
337	625
337	625
337	625
337	625
337	625
337	625
337	625
337	625
337	625
337	625
338	625
338	625
338	625
338	625
338	625
338	625
338	625
338	625
338	625
338	625
339	625
339	625
339	625
339	625
339	625
339	625
339	625
339	625
339	625
339	625
340	625
340	625
340	625
340	625
340	625
340	625
340	625
340	625
340	625
340	625
341	625
341	625
341	625
341	625
341	625
341	625
341	625
341	625
341	625
341	625
342	625
342	625
342	625
342	625
342	625
342	625
342	625
342	625
342	625
342	625
343	625
343	625
343	625
343	625
343	625
343	625
343	625
343	625
343	625
343	625
344	625
344	625
344	625
344	625
344	625
344	625
344	625
344	625
344	625
344	625
345	625
345	625
345	625
345	625
345	625
345	625
345	625
345	625
345	625
345	625
346	625
346	625
346	625
346	625
346	625
346	625
346	625
346	625
346	625
346	625
347	625
347	625
347	625
347	625
347	625
347	625
347	625
347	625
347	625
347	625
348	625
348	625
348	625
348	625
348	625
348	625
348	625
348	625
348	625
348	625
349	625
349	625
349	625
349	625
349	625
349	625
349	625
349	625
349	625
349	625
350	625
350	625
350	625
350	625
350	625
350	625
350	625
350	625
350	625
350	625
351	625
351	625
351	625
351	625
351	625
351	625
351	625
351	625
351	625
351	625
352	625
352	625
352	625
352	625
352	625
352	625
352	625
352	625
352	625
352	625
353	625
353	625
353	625
353	625
353	625
353	625
353	625
353	625
353	625
353	625
354	625
354	625
354	625
354	625
354	625
354	625
354	625
354	625
354	625
354	625
355	625
355	625
355	625
355	625
355	625
355	625
355	625
355	625
355	625
355	625
356	625
356	625
356	625
356	625
356	625
356	625
356	625
356	625
356	625
356	625
357	625
357	625
357	625
357	625
357	625
357	625
357	625
357	625
357	625
357	625
358	625
358	625
358	625
358	625
358	625
358	625
358	625
358	625
358	625
358	625
359	625
359	625
359	625
359	625
359	625
359	625
359	625
359	625
359	625
359	625
360	625
360	625
360	625
360	625
360	625
360	625
360	625
360	625
360	625
360	625
361	625
361	625
361	625
361	625
361	625
361	625
361	625
361	625
361	625
361	625
362	625
362	625
362	625
362	625
362	625
362	625
362	625
362	625
362	625
362	625
363	625
363	625
363	625
363	625
363	625
363	625
363	625
363	625
363	625
363	625
364	625
364	625
364	625
364	625
364	625
364	625
364	625
364	625
364	625
364	625
365	625
365	625
365	625
365	625
365	625
365	625
365	625
365	625
365	625
365	625
366	625
366	625
366	625
366	625
366	625
366	625
366	625
366	625
366	625
366	625
367	625
367	625
367	625
367	625
367	625
367	625
367	625
367	625
367	625
367	625
368	625
368	625
368	625
368	625
368	625
368	625
368	625
368	625
368	625
368	625
369	625
369	625
369	625
369	625
369	625
369	625
369	625
369	625
369	625
369	625
370	625
370	625
370	625
370	625
370	625
370	625
370	625
370	625
370	625
370	625
371	625
371	625
371	625
371	625
371	625
371	625
371	625
371	625
371	625
371	625
372	625
372	625
372	625
372	625
372	625
372	625
372	625
372	625
372	625
372	625
373	625
373	625
373	625
373	625
373	625
373	625
373	625
373	625
373	625
373	625
374	625
374	625
374	625
374	625
374	625
374	625
374	625
374	625
374	625
374	625
375	625
375	625
375	625
375	625
375	625
375	625
375	625
375	625
375	625
375	625
376	625
376	625
376	625
376	625
376	625
376	625
376	625
376	625
376	625
376	625
377	625
377	625
377	625
377	625
377	625
377	625
377	625
377	625
377	625
377	625
378	625
378	625
378	625
378	625
378	625
378	625
378	625
378	625
378	625
378	625
379	625
379	625
379	625
379	625
379	625
379	625
379	625
379	625
379	625
379	625
380	625
380	625
380	625
380	625
380	625
380	625
380	625
380	625
380	625
380	625
381	625
381	625
381	625
381	625
381	625
381	625
381	625
381	625
381	625
381	625
382	625
382	625
382	625
382	625
382	625
382	625
382	625
382	625
382	625
382	625
383	625
383	625
383	625
383	625
383	625
383	625
383	625
383	625
383	625
383	625
384	625
384	625
384	625
384	625
384	625
384	625
384	625
384	625
384	625
384	625
385	625
385	625
385	625
385	625
385	625
385	625
385	625
385	625
385	625
385	625
386	625
386	625
386	625
386	625
386	625
386	625
386	625
386	625
386	625
386	625
387	625
387	625
387	625
387	625
387	625
387	625
387	625
387	625
387	625
387	625
388	625
388	625
388	625
388	625
388	625
388	625
388	625
388	625
388	625
388	625
389	625
389	625
389	625
389	625
389	625
389	625
389	625
389	625
389	625
389	625
390	625
390	625
390	625
390	625
390	625
390	625
390	625
390	625
390	625
390	625
391	625
391	625
391	625
391	625
391	625
391	625
391	625
391	625
391	625
391	625
392	625
392	625
392	625
392	625
392	625
392	625
392	625
392	625
392	625
392	625
393	625
393	625
393	625
393	625
393	625
393	625
393	625
393	625
393	625
393	625
394	625
394	625
394	625
394	625
394	625
394	625
394	625
394	625
394	625
394	625
395	625
395	625
395	625
395	625
395	625
395	625
395	625
395	625
395	625
395	625
396	625
396	625
396	625
396	625
396	625
396	625
396	625
396	625
396	625
396	625
397	625
397	625
397	625
397	625
397	625
397	625
397	625
397	625
397	625
397	625
398	625
398	625
398	625
398	625
398	625
398	625
398	625
398	625
398	625
398	625
399	625
399	625
399	625
399	625
399	625
399	625
399	625
399	625
399	625
399	625
400	625
400	625
400	625
400	625
400	625
400	625
400	625
400	625
400	625
400	625
401	625
401	625
401	625
401	625
401	625
401	625
401	625
401	625
401	625
401	625
402	625
402	625
402	625
402	625
402	625
402	625
402	625
402	625
402	625
402	625
403	625
403	625
403	625
403	625
403	625
403	625
403	625
403	625
403	625
403	625
404	625
404	625
404	625
404	625
404	625
404	625
404	625
404	625
404	625
404	625
405	625
405	625
405	625
405	625
405	625
405	625
405	625
405	625
405	625
405	625
406	625
406	625
406	625
406	625
406	625
406	625
406	625
406	625
406	625
406	625
407	625
407	625
407	625
407	625
407	625
407	625
407	625
407	625
407	625
407	625
408	625
408	625
408	625
408	625
408	625
408	625
408	625
408	625
408	625
408	625
409	625
409	625
409	625
409	625
409	625
409	625
409	625
409	625
409	625
409	625
410	625
410	625
410	625
410	625
410	625
410	625
410	625
410	625
410	625
410	625
411	625
411	625
411	625
411	625
411	625
411	625
411	625
411	625
411	625
411	625
412	625
412	625
412	625
412	625
412	625
412	625
412	625
412	625
412	625
412	625
413	625
413	625
413	625
413	625
413	625
413	625
413	625
413	625
413	625
413	625
414	625
414	625
414	625
414	625
414	625
414	625
414	625
414	625
414	625
414	625
415	625
415	625
415	625
415	625
415	625
415	625
415	625
415	625
415	625
415	625
416	625
416	625
416	625
416	625
416	625
416	625
416	625
416	625
416	625
416	625
417	625
417	625
417	625
417	625
417	625
417	625
417	625
417	625
417	625
417	625
418	625
418	625
418	625
418	625
418	625
418	625
418	625
418	625
418	625
418	625
419	625
419	625
419	625
419	625
419	625
419	625
419	625
419	625
419	625
419	625
420	625
420	625
420	625
420	625
420	625
420	625
420	625
420	625
420	625
420	625
421	625
421	625
421	625
421	625
421	625
421	625
421	625
421	625
421	625
421	625
422	625
422	625
422	625
422	625
422	625
422	625
422	625
422	625
422	625
422	625
423	625
423	625
423	625
423	625
423	625
423	625
423	625
423	625
423	625
423	625
424	625
424	625
424	625
424	625
424	625
424	625
424	625
424	625
424	625
424	625
425	625
425	625
425	625
425	625
425	625
425	625
425	625
425	625
425	625
425	625
426	625
426	625
426	625
426	625
426	625
426	625
426	625
426	625
426	625
426	625
427	625
427	625
427	625
427	625
427	625
427	625
427	625
427	625
427	625
427	625
428	625
428	625
428	625
428	625
428	625
428	625
428	625
428	625
428	625
428	625
429	625
429	625
429	625
429	625
429	625
429	625
429	625
429	625
429	625
429	625
430	625
430	625
430	625
430	625
430	625
430	625
430	625
430	625
430	625
430	625
431	625
431	625
431	625
431	625
431	625
431	625
431	625
431	625
431	625
431	625
432	625
432	625
432	625
432	625
432	625
432	625
432	625
432	625
432	625
432	625
433	625
433	625
433	625
433	625
433	625
433	625
433	625
433	625
433	625
433	625
434	625
434	625
434	625
434	625
434	625
434	625
434	625
434	625
434	625
434	625
435	625
435	625
435	625
435	625
435	625
435	625
435	625
435	625
435	625
435	625
436	625
436	625
436	625
436	625
436	625
436	625
436	625
436	625
436	625
436	625
437	625
437	625
437	625
437	625
437	625
437	625
437	625
437	625
437	625
437	625
438	625
438	625
438	625
438	625
438	625
438	625
438	625
438	625
438	625
438	625
439	625
439	625
439	625
439	625
439	625
439	625
439	625
439	625
439	625
439	625
440	625
440	625
440	625
440	625
440	625
440	625
440	625
440	625
440	625
440	625
441	625
441	625
441	625
441	625
441	625
441	625
441	625
441	625
441	625
441	625
442	625
442	625
442	625
442	625
442	625
442	625
442	625
442	625
442	625
442	625
443	625
443	625
443	625
443	625
443	625
443	625
443	625
443	625
443	625
443	625
444	625
444	625
444	625
444	625
444	625
444	625
444	625
444	625
444	625
444	625
445	625
445	625
445	625
445	625
445	625
445	625
445	625
445	625
445	625
445	625
446	625
446	625
446	625
446	625
446	625
446	625
446	625
446	625
446	625
446	625
447	625
447	625
447	625
447	625
447	625
447	625
447	625
447	625
447	625
447	625
448	625
448	625
448	625
448	625
448	625
448	625
448	625
448	625
448	625
448	625
449	625
449	625
449	625
449	625
449	625
449	625
449	625
449	625
449	625
449	625
450	625
450	625
450	625
450	625
450	625
450	625
450	625
450	625
450	625
450	625
451	625
451	625
451	625
451	625
451	625
451	625
451	625
451	625
451	625
451	625
452	625
452	625
452	625
452	625
452	625
452	625
452	625
452	625
452	625
452	625
453	625
453	625
453	625
453	625
453	625
453	625
453	625
453	625
453	625
453	625
454	625
454	625
454	625
454	625
454	625
454	625
454	625
454	625
454	625
454	625
455	625
455	625
455	625
455	625
455	625
455	625
455	625
455	625
455	625
455	625
456	625
456	625
456	625
456	625
456	625
456	625
456	625
456	625
456	625
456	625
457	625
457	625
457	625
457	625
457	625
457	625
457	625
457	625
457	625
457	625
458	625
458	625
458	625
458	625
458	625
458	625
458	625
458	625
458	625
458	625
459	625
459	625
459	625
459	625
459	625
459	625
459	625
459	625
459	625
459	625
460	625
460	625
460	625
460	625
460	625
460	625
460	625
460	625
460	625
460	625
461	625
461	625
461	625
461	625
461	625
461	625
461	625
461	625
461	625
461	625
462	625
462	625
462	625
462	625
462	625
462	625
462	625
462	625
462	625
462	625
463	625
463	625
463	625
463	625
463	625
463	625
463	625
463	625
463	625
463	625
464	625
464	625
464	625
464	625
464	625
464	625
464	625
464	625
464	625
464	625
465	625
465	625
465	625
465	625
465	625
465	625
465	625
465	625
465	625
465	625
466	625
466	625
466	625
466	625
466	625
466	625
466	625
466	625
466	625
466	625
467	625
467	625
467	625
467	625
467	625
467	625
467	625
467	625
467	625
467	625
468	625
468	625
468	625
468	625
468	625
468	625
468	625
468	625
468	625
468	625
469	625
469	625
469	625
469	625
469	625
469	625
469	625
469	625
469	625
469	625
470	625
470	625
470	625
470	625
470	625
470	625
470	625
470	625
470	625
470	625
471	625
471	625
471	625
471	625
471	625
471	625
471	625
471	625
471	625
471	625
472	625
472	625
472	625
472	625
472	625
472	625
472	625
472	625
472	625
472	625
473	625
473	625
473	625
473	625
473	625
473	625
473	625
473	625
473	625
473	625
474	625
474	625
474	625
474	625
474	625
474	625
474	625
474	625
474	625
474	625
475	625
475	625
475	625
475	625
475	625
475	625
475	625
475	625
475	625
475	625
476	625
476	625
476	625
476	625
476	625
476	625
476	625
476	625
476	625
476	625
477	625
477	625
477	625
477	625
477	625
477	625
477	625
477	625
477	625
477	625
478	625
478	625
478	625
478	625
478	625
478	625
478	625
478	625
478	625
478	625
479	625
479	625
479	625
479	625
479	625
479	625
479	625
479	625
479	625
479	625
480	625
480	625
480	625
480	625
480	625
480	625
480	625
480	625
480	625
480	625
481	625
481	625
481	625
481	625
481	625
481	625
481	625
481	625
481	625
481	625
482	625
482	625
482	625
482	625
482	625
482	625
482	625
482	625
482	625
482	625
483	625
483	625
483	625
483	625
483	625
483	625
483	625
483	625
483	625
483	625
484	625
484	625
484	625
484	625
484	625
484	625
484	625
484	625
484	625
484	625
485	625
485	625
485	625
485	625
485	625
485	625
485	625
485	625
485	625
485	625
486	625
486	625
486	625
486	625
486	625
486	625
486	625
486	625
486	625
486	625
487	625
487	625
487	625
487	625
487	625
487	625
487	625
487	625
487	625
487	625
488	625
488	625
488	625
488	625
488	625
488	625
488	625
488	625
488	625
488	625
489	625
489	625
489	625
489	625
489	625
489	625
489	625
489	625
489	625
489	625
490	625
490	625
490	625
490	625
490	625
490	625
490	625
490	625
490	625
490	625
491	625
491	625
491	625
491	625
491	625
491	625
491	625
491	625
491	625
491	625
492	625
492	625
492	625
492	625
492	625
492	625
492	625
492	625
492	625
492	625
493	625
493	625
493	625
493	625
493	625
493	625
493	625
493	625
493	625
493	625
494	625
494	625
494	625
494	625
494	625
494	625
494	625
494	625
494	625
494	625
495	625
495	625
495	625
495	625
495	625
495	625
495	625
495	625
495	625
495	625
496	625
496	625
496	625
496	625
496	625
496	625
496	625
496	625
496	625
496	625
497	625
497	625
497	625
497	625
497	625
497	625
497	625
497	625
497	625
497	625
498	625
498	625
498	625
498	625
498	625
498	625
498	625
498	625
498	625
498	625
499	625
499	625
499	625
499	625
499	625
499	625
499	625
499	625
499	625
499	625
500	625
500	625
500	625
500	625
500	625
500	625
500	625
500	625
500	625
500	625
501	625
501	625
501	625
501	625
501	625
501	625
501	625
501	625
501	625
501	625
502	625
502	625
502	625
502	625
502	625
502	625
502	625
502	625
502	625
502	625
503	625
503	625
503	625
503	625
503	625
503	625
503	625
503	625
503	625
503	625
504	625
504	625
504	625
504	625
504	625
504	625
504	625
504	625
504	625
504	625
505	625
505	625
505	625
505	625
505	625
505	625
505	625
505	625
505	625
505	625
506	625
506	625
506	625
506	625
506	625
506	625
506	625
506	625
506	625
506	625
507	625
507	625
507	625
507	625
507	625
507	625
507	625
507	625
507	625
507	625
508	625
508	625
508	625
508	625
508	625
508	625
508	625
508	625
508	625
508	625
509	625
509	625
509	625
509	625
509	625
509	625
509	625
509	625
509	625
509	625
510	625
510	625
510	625
510	625
510	625
510	625
510	625
510	625
510	625
510	625
511	625
511	625
511	625
511	625
511	625
511	625
511	625
511	625
511	625
511	625
512	625
512	625
512	625
512	625
512	625
512	625
512	625
512	625
512	625
512	625
513	625
513	625
513	625
513	625
513	625
513	625
513	625
513	625
513	625
513	625
514	625
514	625
514	625
514	625
514	625
514	625
514	625
514	625
514	625
514	625
515	625
515	625
515	625
515	625
515	625
515	625
515	625
515	625
515	625
515	625
516	625
516	625
516	625
516	625
516	625
516	625
516	625
516	625
516	625
516	625
517	625
517	625
517	625
517	625
517	625
517	625
517	625
517	625
517	625
517	625
518	625
518	625
518	625
518	625
518	625
518	625
518	625
518	625
518	625
518	625
519	625
519	625
519	625
519	625
519	625
519	625
519	625
519	625
519	625
519	625
520	625
520	625
520	625
520	625
520	625
520	625
520	625
520	625
520	625
520	625
521	625
521	625
521	625
521	625
521	625
521	625
521	625
521	625
521	625
521	625
522	625
522	625
522	625
522	625
522	625
522	625
522	625
522	625
522	625
522	625
523	625
523	625
523	625
523	625
523	625
523	625
523	625
523	625
523	625
523	625
524	625
524	625
524	625
524	625
524	625
524	625
524	625
524	625
524	625
524	625
525	625
525	625
525	625
525	625
525	625
525	625
525	625
525	625
525	625
525	625
526	625
526	625
526	625
526	625
526	625
526	625
526	625
526	625
526	625
526	625
527	625
527	625
527	625
527	625
527	625
527	625
527	625
527	625
527	625
527	625
528	625
528	625
528	625
528	625
528	625
528	625
528	625
528	625
528	625
528	625
529	625
529	625
529	625
529	625
529	625
529	625
529	625
529	625
529	625
529	625
530	625
530	625
530	625
530	625
530	625
530	625
530	625
530	625
530	625
530	625
531	625
531	625
531	625
531	625
531	625
531	625
531	625
531	625
531	625
531	625
532	625
532	625
532	625
532	625
532	625
532	625
532	625
532	625
532	625
532	625
533	625
533	625
533	625
533	625
533	625
533	625
533	625
533	625
533	625
533	625
534	625
534	625
534	625
534	625
534	625
534	625
534	625
534	625
534	625
534	625
535	625
535	625
535	625
535	625
535	625
535	625
535	625
535	625
535	625
535	625
536	625
536	625
536	625
536	625
536	625
536	625
536	625
536	625
536	625
536	625
537	625
537	625
537	625
537	625
537	625
537	625
537	625
537	625
537	625
537	625
538	625
538	625
538	625
538	625
538	625
538	625
538	625
538	625
538	625
538	625
539	625
539	625
539	625
539	625
539	625
539	625
539	625
539	625
539	625
539	625
540	625
540	625
540	625
540	625
540	625
540	625
540	625
540	625
540	625
540	625
541	625
541	625
541	625
541	625
541	625
541	625
541	625
541	625
541	625
541	625
542	625
542	625
542	625
542	625
542	625
542	625
542	625
542	625
542	625
542	625
543	625
543	625
543	625
543	625
543	625
543	625
543	625
543	625
543	625
543	625
544	625
544	625
544	625
544	625
544	625
544	625
544	625
544	625
544	625
544	625
545	625
545	625
545	625
545	625
545	625
545	625
545	625
545	625
545	625
545	625
546	625
546	625
546	625
546	625
546	625
546	625
546	625
546	625
546	625
546	625
547	625
547	625
547	625
547	625
547	625
547	625
547	625
547	625
547	625
547	625
548	625
548	625
548	625
548	625
548	625
548	625
548	625
548	625
548	625
548	625
549	625
549	625
549	625
549	625
549	625
549	625
549	625
549	625
549	625
549	625
550	625
550	625
550	625
550	625
550	625
550	625
550	625
550	625
550	625
550	625
551	625
551	625
551	625
551	625
551	625
551	625
551	625
551	625
551	625
551	625
552	625
552	625
552	625
552	625
552	625
552	625
552	625
552	625
552	625
552	625
553	625
553	625
553	625
553	625
553	625
553	625
553	625
553	625
553	625
553	625
554	625
554	625
554	625
554	625
554	625
554	625
554	625
554	625
554	625
554	625
555	625
555	625
555	625
555	625
555	625
555	625
555	625
555	625
555	625
555	625
556	625
556	625
556	625
556	625
556	625
556	625
556	625
556	625
556	625
556	625
557	625
557	625
557	625
557	625
557	625
557	625
557	625
557	625
557	625
557	625
558	625
558	625
558	625
558	625
558	625
558	625
558	625
558	625
558	625
558	625
559	625
559	625
559	625
559	625
559	625
559	625
559	625
559	625
559	625
559	625
560	625
560	625
560	625
560	625
560	625
560	625
560	625
560	625
560	625
560	625
561	625
561	625
561	625
561	625
561	625
561	625
561	625
561	625
561	625
561	625
562	625
562	625
562	625
562	625
562	625
562	625
562	625
562	625
562	625
562	625
563	625
563	625
563	625
563	625
563	625
563	625
563	625
563	625
563	625
563	625
564	625
564	625
564	625
564	625
564	625
564	625
564	625
564	625
564	625
564	625
565	625
565	625
565	625
565	625
565	625
565	625
565	625
565	625
565	625
565	625
566	625
566	625
566	625
566	625
566	625
566	625
566	625
566	625
566	625
566	625
567	625
567	625
567	625
567	625
567	625
567	625
567	625
567	625
567	625
567	625
568	625
568	625
568	625
568	625
568	625
568	625
568	625
568	625
568	625
568	625
569	625
569	625
569	625
569	625
569	625
569	625
569	625
569	625
569	625
569	625
570	625
570	625
570	625
570	625
570	625
570	625
570	625
570	625
570	625
570	625
571	625
571	625
571	625
571	625
571	625
571	625
571	625
571	625
571	625
571	625
572	625
572	625
572	625
572	625
572	625
572	625
572	625
572	625
572	625
572	625
573	625
573	625
573	625
573	625
573	625
573	625
573	625
573	625
573	625
573	625
574	625
574	625
574	625
574	625
574	625
574	625
574	625
574	625
574	625
574	625
575	625
575	625
575	625
575	625
575	625
575	625
575	625
575	625
575	625
575	625
576	625
576	625
576	625
576	625
576	625
576	625
576	625
576	625
576	625
576	625
577	625
577	625
577	625
577	625
577	625
577	625
577	625
577	625
577	625
577	625
578	625
578	625
578	625
578	625
578	625
578	625
578	625
578	625
578	625
578	625
579	625
579	625
579	625
579	625
579	625
579	625
579	625
579	625
579	625
579	625
580	625
580	625
580	625
580	625
580	625
580	625
580	625
580	625
580	625
580	625
581	625
581	625
581	625
581	625
581	625
581	625
581	625
581	625
581	625
581	625
582	625
582	625
582	625
582	625
582	625
582	625
582	625
582	625
582	625
582	625
583	625
583	625
583	625
583	625
583	625
583	625
583	625
583	625
583	625
583	625
584	625
584	625
584	625
584	625
584	625
584	625
584	625
584	625
584	625
584	625
585	625
585	625
585	625
585	625
585	625
585	625
585	625
585	625
585	625
585	625
586	625
586	625
586	625
586	625
586	625
586	625
586	625
586	625
586	625
586	625
587	625
587	625
587	625
587	625
587	625
587	625
587	625
587	625
587	625
587	625
588	625
588	625
588	625
588	625
588	625
588	625
588	625
588	625
588	625
588	625
589	625
589	625
589	625
589	625
589	625
589	625
589	625
589	625
589	625
589	625
590	625
590	625
590	625
590	625
590	625
590	625
590	625
590	625
590	625
590	625
591	625
591	625
591	625
591	625
591	625
591	625
591	625
591	625
591	625
591	625
592	625
592	625
592	625
592	625
592	625
592	625
592	625
592	625
592	625
592	625
593	625
593	625
593	625
593	625
593	625
593	625
593	625
593	625
593	625
593	625
594	625
594	625
594	625
594	625
594	625
594	625
594	625
594	625
594	625
594	625
595	625
595	625
595	625
595	625
595	625
595	625
595	625
595	625
595	625
595	625
596	625
596	625
596	625
596	625
596	625
596	625
596	625
596	625
596	625
596	625
597	625
597	625
597	625
597	625
597	625
597	625
597	625
597	625
597	625
597	625
598	625
598	625
598	625
598	625
598	625
598	625
598	625
598	625
598	625
598	625
599	625
599	625
599	625
599	625
599	625
599	625
599	625
599	625
599	625
599	625
600	625
600	625
600	625
600	625
600	625
600	625
600	625
600	625
600	625
600	625
601	625
601	625
601	625
601	625
601	625
601	625
601	625
601	625
601	625
601	625
602	625
602	625
602	625
602	625
602	625
602	625
602	625
602	625
602	625
602	625
603	625
603	625
603	625
603	625
603	625
603	625
603	625
603	625
603	625
603	625
604	625
604	625
604	625
604	625
604	625
604	625
604	625
604	625
604	625
604	625
605	625
605	625
605	625
605	625
605	625
605	625
605	625
605	625
605	625
605	625
606	625
606	625
606	625
606	625
606	625
606	625
606	625
606	625
606	625
606	625
607	625
607	625
607	625
607	625
607	625
607	625
607	625
607	625
607	625
607	625
608	625
608	625
608	625
608	625
608	625
608	625
608	625
608	625
608	625
608	625
609	625
609	625
609	625
609	625
609	625
609	625
609	625
609	625
609	625
609	625
610	625
610	625
610	625
610	625
610	625
610	625
610	625
610	625
610	625
610	625
611	625
611	625
611	625
611	625
611	625
611	625
611	625
611	625
611	625
611	625
612	625
612	625
612	625
612	625
612	625
612	625
612	625
612	625
612	625
612	625
613	625
613	625
613	625
613	625
613	625
613	625
613	625
613	625
613	625
613	625
614	625
614	625
614	625
614	625
614	625
614	625
614	625
614	625
614	625
614	625
615	625
615	625
615	625
615	625
615	625
615	625
615	625
615	625
615	625
615	625
616	625
616	625
616	625
616	625
616	625
616	625
616	625
616	625
616	625
616	625
617	625
617	625
617	625
617	625
617	625
617	625
617	625
617	625
617	625
617	625
618	625
618	625
618	625
618	625
618	625
618	625
618	625
618	625
618	625
618	625
619	625
619	625
619	625
619	625
619	625
619	625
619	625
619	625
619	625
619	625
620	625
620	625
620	625
620	625
620	625
620	625
620	625
620	625
620	625
620	625
621	625
621	625
621	625
621	625
621	625
621	625
621	625
621	625
621	625
621	625
622	625
622	625
622	625
622	625
622	625
622	625
622	625
622	625
622	625
622	625
623	625
623	625
623	625
623	625
623	625
623	625
623	625
623	625
623	625
623	625
624	625
624	625
624	625
624	625
624	625
624	625
624	625
624	625
624	625
624	625
625	625
625	625
625	625
625	625
625	625
625	625
625	625
625	625
625	625
625	625
626	625
626	625
626	625
626	625
626	625
626	625
626	625
626	625
626	625
626	625
627	625
627	625
627	625
627	625
627	625
627	625
627	625
627	625
627	625
627	625
628	625
628	625
628	625
628	625
628	625
628	625
628	625
628	625
628	625
628	625
629	625
629	625
629	625
629	625
629	625
629	625
629	625
629	625
629	625
629	625
630	625
630	625
630	625
630	625
630	625
630	625
630	625
630	625
630	625
630	625
631	625
631	625
631	625
631	625
631	625
631	625
631	625
631	625
631	625
631	625
632	625
632	625
632	625
632	625
632	625
632	625
632	625
632	625
632	625
632	625
633	625
633	625
633	625
633	625
633	625
633	625
633	625
633	625
633	625
633	625
634	625
634	625
634	625
634	625
634	625
634	625
634	625
634	625
634	625
634	625
635	625
635	625
635	625
635	625
635	625
635	625
635	625
635	625
635	625
635	625
636	625
636	625
636	625
636	625
636	625
636	625
636	625
636	625
636	625
636	625
637	625
637	625
637	625
637	625
637	625
637	625
637	625
637	625
637	625
637	625
638	625
638	625
638	625
638	625
638	625
638	625
638	625
638	625
638	625
638	625
639	625
639	625
639	625
639	625
639	625
639	625
639	625
639	625
639	625
639	625
640	625
640	625
640	625
640	625
640	625
640	625
640	625
640	625
640	625
640	625
641	625
641	625
641	625
641	625
641	625
641	625
641	625
641	625
641	625
641	625
642	625
642	625
642	625
642	625
642	625
642	625
642	625
642	625
642	625
642	625
643	625
643	625
643	625
643	625
643	625
643	625
643	625
643	625
643	625
643	625
644	625
644	625
644	625
644	625
644	625
644	625
644	625
644	625
644	625
644	625
645	625
645	625
645	625
645	625
645	625
645	625
645	625
645	625
645	625
645	625
646	625
646	625
646	625
646	625
646	625
646	625
646	625
646	625
646	625
646	625
647	625
647	625
647	625
647	625
647	625
647	625
647	625
647	625
647	625
647	625
648	625
648	625
648	625
648	625
648	625
648	625
648	625
648	625
648	625
648	625
649	625
649	625
649	625
649	625
649	625
649	625
649	625
649	625
649	625
649	625
650	625
650	625
650	625
650	625
650	625
650	625
650	625
650	625
650	625
650	625
651	625
651	625
651	625
651	625
651	625
651	625
651	625
651	625
651	625
651	625
652	625
652	625
652	625
652	625
652	625
652	625
652	625
652	625
652	625
652	625
653	625
653	625
653	625
653	625
653	625
653	625
653	625
653	625
653	625
653	625
654	625
654	625
654	625
654	625
654	625
654	625
654	625
654	625
654	625
654	625
655	625
655	625
655	625
655	625
655	625
655	625
655	625
655	625
655	625
655	625
656	625
656	625
656	625
656	625
656	625
656	625
656	625
656	625
656	625
656	625
657	625
657	625
657	625
657	625
657	625
657	625
657	625
657	625
657	625
657	625
658	625
658	625
658	625
658	625
658	625
658	625
658	625
658	625
658	625
658	625
659	625
659	625
659	625
659	625
659	625
659	625
659	625
659	625
659	625
659	625
660	625
660	625
660	625
660	625
660	625
660	625
660	625
660	625
660	625
660	625
661	625
661	625
661	625
661	625
661	625
661	625
661	625
661	625
661	625
661	625
662	625
662	625
662	625
662	625
662	625
662	625
662	625
662	625
662	625
662	625
663	625
663	625
663	625
663	625
663	625
663	625
663	625
663	625
663	625
663	625
664	625
664	625
664	625
664	625
664	625
664	625
664	625
664	625
664	625
664	625
665	625
665	625
665	625
665	625
665	625
665	625
665	625
665	625
665	625
665	625
666	625
666	625
666	625
666	625
666	625
666	625
666	625
666	625
666	625
666	625
667	625
667	625
667	625
667	625
667	625
667	625
667	625
667	625
667	625
667	625
668	625
668	625
668	625
668	625
668	625
668	625
668	625
668	625
668	625
668	625
669	625
669	625
669	625
669	625
669	625
669	625
669	625
669	625
669	625
669	625
670	625
670	625
670	625
670	625
670	625
670	625
670	625
670	625
670	625
670	625
671	625
671	625
671	625
671	625
671	625
671	625
671	625
671	625
671	625
671	625
672	625
672	625
672	625
672	625
672	625
672	625
672	625
672	625
672	625
672	625
673	625
673	625
673	625
673	625
673	625
673	625
673	625
673	625
673	625
673	625
674	625
674	625
674	625
674	625
674	625
674	625
674	625
674	625
674	625
674	625
675	625
675	625
675	625
675	625
675	625
675	625
675	625
675	625
675	625
675	625
676	625
676	625
676	625
676	625
676	625
676	625
676	625
676	625
676	625
676	625
677	625
677	625
677	625
677	625
677	625
677	625
677	625
677	625
677	625
677	625
678	625
678	625
678	625
678	625
678	625
678	625
678	625
678	625
678	625
678	625
679	625
679	625
679	625
679	625
679	625
679	625
679	625
679	625
679	625
679	625
680	625
680	625
680	625
680	625
680	625
680	625
680	625
680	625
680	625
680	625
681	625
681	625
681	625
681	625
681	625
681	625
681	625
681	625
681	625
681	625
682	625
682	625
682	625
682	625
682	625
682	625
682	625
682	625
682	625
682	625
683	625
683	625
683	625
683	625
683	625
683	625
683	625
683	625
683	625
683	625
684	625
684	625
684	625
684	625
684	625
684	625
684	625
684	625
684	625
684	625
685	625
685	625
685	625
685	625
685	625
685	625
685	625
685	625
685	625
685	625
686	625
686	625
686	625
686	625
686	625
686	625
686	625
686	625
686	625
686	625
687	625
687	625
687	625
687	625
687	625
687	625
687	625
687	625
687	625
687	625
688	625
688	625
688	625
688	625
688	625
688	625
688	625
688	625
688	625
688	625
689	625
689	625
689	625
689	625
689	625
689	625
689	625
689	625
689	625
689	625
690	625
690	625
690	625
690	625
690	625
690	625
690	625
690	625
690	625
690	625
691	625
691	625
691	625
691	625
691	625
691	625
691	625
691	625
691	625
691	625
692	625
692	625
692	625
692	625
692	625
692	625
692	625
692	625
692	625
692	625
693	625
693	625
693	625
693	625
693	625
693	625
693	625
693	625
693	625
693	625
694	625
694	625
694	625
694	625
694	625
694	625
694	625
694	625
694	625
694	625
695	625
695	625
695	625
695	625
695	625
695	625
695	625
695	625
695	625
695	625
696	625
696	625
696	625
696	625
696	625
696	625
696	625
696	625
696	625
696	625
697	625
697	625
697	625
697	625
697	625
697	625
697	625
697	625
697	625
697	625
698	625
698	625
698	625
698	625
698	625
698	625
698	625
698	625
698	625
698	625
699	625
699	625
699	625
699	625
699	625
699	625
699	625
699	625
699	625
699	625
700	625
700	625
700	625
700	625
700	625
700	625
700	625
700	625
700	625
700	625
701	625
701	625
701	625
701	625
701	625
701	625
701	625
701	625
701	625
701	625
702	625
702	625
702	625
702	625
702	625
702	625
702	625
702	625
702	625
702	625
703	625
703	625
703	625
703	625
703	625
703	625
703	625
703	625
703	625
703	625
704	625
704	625
704	625
704	625
704	625
704	625
704	625
704	625
704	625
704	625
705	625
705	625
705	625
705	625
705	625
705	625
705	625
705	625
705	625
705	625
706	625
706	625
706	625
706	625
706	625
706	625
706	625
706	625
706	625
706	625
707	625
707	625
707	625
707	625
707	625
707	625
707	625
707	625
707	625
707	625
708	625
708	625
708	625
708	625
708	625
708	625
708	625
708	625
708	625
708	625
709	625
709	625
709	625
709	625
709	625
709	625
709	625
709	625
709	625
709	625
710	625
710	625
710	625
710	625
710	625
710	625
710	625
710	625
710	625
710	625
711	625
711	625
711	625
711	625
711	625
711	625
711	625
711	625
711	625
711	625
712	625
712	625
712	625
712	625
712	625
712	625
712	625
712	625
712	625
712	625
713	625
713	625
713	625
713	625
713	625
713	625
713	625
713	625
713	625
713	625
714	625
714	625
714	625
714	625
714	625
714	625
714	625
714	625
714	625
714	625
715	625
715	625
715	625
715	625
715	625
715	625
715	625
715	625
715	625
715	625
716	625
716	625
716	625
716	625
716	625
716	625
716	625
716	625
716	625
716	625
717	625
717	625
717	625
717	625
717	625
717	625
717	625
717	625
717	625
717	625
718	625
718	625
718	625
718	625
718	625
718	625
718	625
718	625
718	625
718	625
719	625
719	625
719	625
719	625
719	625
719	625
719	625
719	625
719	625
719	625
720	625
720	625
720	625
720	625
720	625
720	625
720	625
720	625
720	625
720	625
721	625
721	625
721	625
721	625
721	625
721	625
721	625
721	625
721	625
721	625
722	625
722	625
722	625
722	625
722	625
722	625
722	625
722	625
722	625
722	625
723	625
723	625
723	625
723	625
723	625
723	625
723	625
723	625
723	625
723	625
724	625
724	625
724	625
724	625
724	625
724	625
724	625
724	625
724	625
724	625
725	625
725	625
725	625
725	625
725	625
725	625
725	625
725	625
725	625
725	625
726	625
726	625
726	625
726	625
726	625
726	625
726	625
726	625
726	625
726	625
727	625
727	625
727	625
727	625
727	625
727	625
727	625
727	625
727	625
727	625
728	625
728	625
728	625
728	625
728	625
728	625
728	625
728	625
728	625
728	625
729	625
729	625
729	625
729	625
729	625
729	625
729	625
729	625
729	625
729	625
730	625
730	625
730	625
730	625
730	625
730	625
730	625
730	625
730	625
730	625
731	625
731	625
731	625
731	625
731	625
731	625
731	625
731	625
731	625
731	625
732	625
732	625
732	625
732	625
732	625
732	625
732	625
732	625
732	625
732	625
733	625
733	625
733	625
733	625
733	625
733	625
733	625
733	625
733	625
733	625
734	625
734	625
734	625
734	625
734	625
734	625
734	625
734	625
734	625
734	625
735	625
735	625
735	625
735	625
735	625
735	625
735	625
735	625
735	625
735	625
736	625
736	625
736	625
736	625
736	625
736	625
736	625
736	625
736	625
736	625
737	625
737	625
737	625
737	625
737	625
737	625
737	625
737	625
737	625
737	625
738	625
738	625
738	625
738	625
738	625
738	625
738	625
738	625
738	625
738	625
739	625
739	625
739	625
739	625
739	625
739	625
739	625
739	625
739	625
739	625
740	625
740	625
740	625
740	625
740	625
740	625
740	625
740	625
740	625
740	625
741	625
741	625
741	625
741	625
741	625
741	625
741	625
741	625
741	625
741	625
742	625
742	625
742	625
742	625
742	625
742	625
742	625
742	625
742	625
742	625
743	625
743	625
743	625
743	625
743	625
743	625
743	625
743	625
743	625
743	625
744	625
744	625
744	625
744	625
744	625
744	625
744	625
744	625
744	625
744	625
745	625
745	625
745	625
745	625
745	625
745	625
745	625
745	625
745	625
745	625
746	625
746	625
746	625
746	625
746	625
746	625
746	625
746	625
746	625
746	625
747	625
747	625
747	625
747	625
747	625
747	625
747	625
747	625
747	625
747	625
748	625
748	625
748	625
748	625
748	625
748	625
748	625
748	625
748	625
748	625
749	625
749	625
749	625
749	625
749	625
749	625
749	625
749	625
749	625
749	625
750	625
750	625
750	625
750	625
750	625
750	625
750	625
750	625
750	625
750	625
751	625
751	625
751	625
751	625
751	625
751	625
751	625
751	625
751	625
751	625
752	625
752	625
752	625
752	625
752	625
752	625
752	625
752	625
752	625
752	625
753	625
753	625
753	625
753	625
753	625
753	625
753	625
753	625
753	625
753	625
754	625
754	625
754	625
754	625
754	625
754	625
754	625
754	625
754	625
754	625
755	625
755	625
755	625
755	625
755	625
755	625
755	625
755	625
755	625
755	625
756	625
756	625
756	625
756	625
756	625
756	625
756	625
756	625
756	625
756	625
757	625
757	625
757	625
757	625
757	625
757	625
757	625
757	625
757	625
757	625
758	625
758	625
758	625
758	625
758	625
758	625
758	625
758	625
758	625
758	625
759	625
759	625
759	625
759	625
759	625
759	625
759	625
759	625
759	625
759	625
760	625
760	625
760	625
760	625
760	625
760	625
760	625
760	625
760	625
760	625
761	625
761	625
761	625
761	625
761	625
761	625
761	625
761	625
761	625
761	625
762	625
762	625
762	625
762	625
762	625
762	625
762	625
762	625
762	625
762	625
763	625
763	625
763	625
763	625
763	625
763	625
763	625
763	625
763	625
763	625
764	625
764	625
764	625
764	625
764	625
764	625
764	625
764	625
764	625
764	625
765	625
765	625
765	625
765	625
765	625
765	625
765	625
765	625
765	625
765	625
766	625
766	625
766	625
766	625
766	625
766	625
766	625
766	625
766	625
766	625
767	625
767	625
767	625
767	625
767	625
767	625
767	625
767	625
767	625
767	625
768	625
768	625
768	625
768	625
768	625
768	625
768	625
768	625
768	625
768	625
769	625
769	625
769	625
769	625
769	625
769	625
769	625
769	625
769	625
769	625
770	625
770	625
770	625
770	625
770	625
770	625
770	625
770	625
770	625
770	625
771	625
771	625
771	625
771	625
771	625
771	625
771	625
771	625
771	625
771	625
772	625
772	625
772	625
772	625
772	625
772	625
772	625
772	625
772	625
772	625
773	625
773	625
773	625
773	625
773	625
773	625
773	625
773	625
773	625
773	625
774	625
774	625
774	625
774	625
774	625
774	625
774	625
774	625
774	625
774	625
775	625
775	625
775	625
775	625
775	625
775	625
775	625
775	625
775	625
775	625
776	625
776	625
776	625
776	625
776	625
776	625
776	625
776	625
776	625
776	625
777	625
777	625
777	625
777	625
777	625
777	625
777	625
777	625
777	625
777	625
778	625
778	625
778	625
778	625
778	625
778	625
778	625
778	625
778	625
778	625
779	625
779	625
779	625
779	625
779	625
779	625
779	625
779	625
779	625
779	625
780	625
780	625
780	625
780	625
780	625
780	625
780	625
780	625
780	625
780	625
781	625
781	625
781	625
781	625
781	625
781	625
781	625
781	625
781	625
781	625
782	625
782	625
782	625
782	625
782	625
782	625
782	625
782	625
782	625
782	625
783	625
783	625
783	625
783	625
783	625
783	625
783	625
783	625
783	625
783	625
784	625
784	625
784	625
784	625
784	625
784	625
784	625
784	625
784	625
784	625
785	625
785	625
785	625
785	625
785	625
785	625
785	625
785	625
785	625
785	625
786	625
786	625
786	625
786	625
786	625
786	625
786	625
786	625
786	625
786	625
787	625
787	625
787	625
787	625
787	625
787	625
787	625
787	625
787	625
787	625
788	625
788	625
788	625
788	625
788	625
788	625
788	625
788	625
788	625
788	625
789	625
789	625
789	625
789	625
789	625
789	625
789	625
789	625
789	625
789	625
790	625
790	625
790	625
790	625
790	625
790	625
790	625
790	625
790	625
790	625
791	625
791	625
791	625
791	625
791	625
791	625
791	625
791	625
791	625
791	625
792	625
792	625
792	625
792	625
792	625
792	625
792	625
792	625
792	625
792	625
793	625
793	625
793	625
793	625
793	625
793	625
793	625
793	625
793	625
793	625
794	625
794	625
794	625
794	625
794	625
794	625
794	625
794	625
794	625
794	625
795	625
795	625
795	625
795	625
795	625
795	625
795	625
795	625
795	625
795	625
796	625
796	625
796	625
796	625
796	625
796	625
796	625
796	625
796	625
796	625
797	625
797	625
797	625
797	625
797	625
797	625
797	625
797	625
797	625
797	625
798	625
798	625
798	625
798	625
798	625
798	625
798	625
798	625
798	625
798	625
799	625
799	625
799	625
799	625
799	625
799	625
799	625
799	625
799	625
799	625
800	625
800	625
800	625
800	625
800	625
800	625
800	625
800	625
800	625
800	625
801	625
801	625
801	625
801	625
801	625
801	625
801	625
801	625
801	625
801	625
802	625
802	625
802	625
802	625
802	625
802	625
802	625
802	625
802	625
802	625
803	625
803	625
803	625
803	625
803	625
803	625
803	625
803	625
803	625
803	625
804	625
804	625
804	625
804	625
804	625
804	625
804	625
804	625
804	625
804	625
805	625
805	625
805	625
805	625
805	625
805	625
805	625
805	625
805	625
805	625
806	625
806	625
806	625
806	625
806	625
806	625
806	625
806	625
806	625
806	625
807	625
807	625
807	625
807	625
807	625
807	625
807	625
807	625
807	625
807	625
808	625
808	625
808	625
808	625
808	625
808	625
808	625
808	625
808	625
808	625
809	625
809	625
809	625
809	625
809	625
809	625
809	625
809	625
809	625
809	625
810	625
810	625
810	625
810	625
810	625
810	625
810	625
810	625
810	625
810	625
811	625
811	625
811	625
811	625
811	625
811	625
811	625
811	625
811	625
811	625
812	625
812	625
812	625
812	625
812	625
812	625
812	625
812	625
812	625
812	625
813	625
813	625
813	625
813	625
813	625
813	625
813	625
813	625
813	625
813	625
814	625
814	625
814	625
814	625
814	625
814	625
814	625
814	625
814	625
814	625
815	625
815	625
815	625
815	625
815	625
815	625
815	625
815	625
815	625
815	625
816	625
816	625
816	625
816	625
816	625
816	625
816	625
816	625
816	625
816	625
817	625
817	625
817	625
817	625
817	625
817	625
817	625
817	625
817	625
817	625
818	625
818	625
818	625
818	625
818	625
818	625
818	625
818	625
818	625
818	625
819	625
819	625
819	625
819	625
819	625
819	625
819	625
819	625
819	625
819	625
820	625
820	625
820	625
820	625
820	625
820	625
820	625
820	625
820	625
820	625
821	625
821	625
821	625
821	625
821	625
821	625
821	625
821	625
821	625
821	625
822	625
822	625
822	625
822	625
822	625
822	625
822	625
822	625
822	625
822	625
823	625
823	625
823	625
823	625
823	625
823	625
823	625
823	625
823	625
823	625
824	625
824	625
824	625
824	625
824	625
824	625
824	625
824	625
824	625
824	625
825	625
825	625
825	625
825	625
825	625
825	625
825	625
825	625
825	625
825	625
826	625
826	625
826	625
826	625
826	625
826	625
826	625
826	625
826	625
826	625
827	625
827	625
827	625
827	625
827	625
827	625
827	625
827	625
827	625
827	625
828	625
828	625
828	625
828	625
828	625
828	625
828	625
828	625
828	625
828	625
829	625
829	625
829	625
829	625
829	625
829	625
829	625
829	625
829	625
829	625
830	625
830	625
830	625
830	625
830	625
830	625
830	625
830	625
830	625
830	625
831	625
831	625
831	625
831	625
831	625
831	625
831	625
831	625
831	625
831	625
832	625
832	625
832	625
832	625
832	625
832	625
832	625
832	625
832	625
832	625
833	625
833	625
833	625
833	625
833	625
833	625
833	625
833	625
833	625
833	625
834	625
834	625
834	625
834	625
834	625
834	625
834	625
834	625
834	625
834	625
835	625
835	625
835	625
835	625
835	625
835	625
835	625
835	625
835	625
835	625
836	625
836	625
836	625
836	625
836	625
836	625
836	625
836	625
836	625
836	625
837	625
837	625
837	625
837	625
837	625
837	625
837	625
837	625
837	625
837	625
838	625
838	625
838	625
838	625
838	625
838	625
838	625
838	625
838	625
838	625
839	625
839	625
839	625
839	625
839	625
839	625
839	625
839	625
839	625
839	625
840	625
840	625
840	625
840	625
840	625
840	625
840	625
840	625
840	625
840	625
841	625
841	625
841	625
841	625
841	625
841	625
841	625
841	625
841	625
841	625
842	625
842	625
842	625
842	625
842	625
842	625
842	625
842	625
842	625
842	625
843	625
843	625
843	625
843	625
843	625
843	625
843	625
843	625
843	625
843	625
844	625
844	625
844	625
844	625
844	625
844	625
844	625
844	625
844	625
844	625
845	625
845	625
845	625
845	625
845	625
845	625
845	625
845	625
845	625
845	625
846	625
846	625
846	625
846	625
846	625
846	625
846	625
846	625
846	625
846	625
847	625
847	625
847	625
847	625
847	625
847	625
847	625
847	625
847	625
847	625
848	625
848	625
848	625
848	625
848	625
848	625
848	625
848	625
848	625
848	625
849	625
849	625
849	625
849	625
849	625
849	625
849	625
849	625
849	625
849	625
850	625
850	625
850	625
850	625
850	625
850	625
850	625
850	625
850	625
850	625
851	625
851	625
851	625
851	625
851	625
851	625
851	625
851	625
851	625
851	625
852	625
852	625
852	625
852	625
852	625
852	625
852	625
852	625
852	625
852	625
853	625
853	625
853	625
853	625
853	625
853	625
853	625
853	625
853	625
853	625
854	625
854	625
854	625
854	625
854	625
854	625
854	625
854	625
854	625
854	625
855	625
855	625
855	625
855	625
855	625
855	625
855	625
855	625
855	625
855	625
856	625
856	625
856	625
856	625
856	625
856	625
856	625
856	625
856	625
856	625
857	625
857	625
857	625
857	625
857	625
857	625
857	625
857	625
857	625
857	625
858	625
858	625
858	625
858	625
858	625
858	625
858	625
858	625
858	625
858	625
859	625
859	625
859	625
859	625
859	625
859	625
859	625
859	625
859	625
859	625
860	625
860	625
860	625
860	625
860	625
860	625
860	625
860	625
860	625
860	625
861	625
861	625
861	625
861	625
861	625
861	625
861	625
861	625
861	625
861	625
862	625
862	625
862	625
862	625
862	625
862	625
862	625
862	625
862	625
862	625
863	625
863	625
863	625
863	625
863	625
863	625
863	625
863	625
863	625
863	625
864	625
864	625
864	625
864	625
864	625
864	625
864	625
864	625
864	625
864	625
865	625
865	625
865	625
865	625
865	625
865	625
865	625
865	625
865	625
865	625
866	625
866	625
866	625
866	625
866	625
866	625
866	625
866	625
866	625
866	625
867	625
867	625
867	625
867	625
867	625
867	625
867	625
867	625
867	625
867	625
868	625
868	625
868	625
868	625
868	625
868	625
868	625
868	625
868	625
868	625
869	625
869	625
869	625
869	625
869	625
869	625
869	625
869	625
869	625
869	625
870	625
870	625
870	625
870	625
870	625
870	625
870	625
870	625
870	625
870	625
871	625
871	625
871	625
871	625
871	625
871	625
871	625
871	625
871	625
871	625
872	625
872	625
872	625
872	625
872	625
872	625
872	625
872	625
872	625
872	625
873	625
873	625
873	625
873	625
873	625
873	625
873	625
873	625
873	625
873	625
874	625
874	625
874	625
874	625
874	625
874	625
874	625
874	625
874	625
874	625
875	625
875	625
875	625
875	625
875	625
875	625
875	625
875	625
875	625
875	625
876	625
876	625
876	625
876	625
876	625
876	625
876	625
876	625
876	625
876	625
877	625
877	625
877	625
877	625
877	625
877	625
877	625
877	625
877	625
877	625
878	625
878	625
878	625
878	625
878	625
878	625
878	625
878	625
878	625
878	625
879	625
879	625
879	625
879	625
879	625
879	625
879	625
879	625
879	625
879	625
880	625
880	625
880	625
880	625
880	625
880	625
880	625
880	625
880	625
880	625
881	625
881	625
881	625
881	625
881	625
881	625
881	625
881	625
881	625
881	625
882	625
882	625
882	625
882	625
882	625
882	625
882	625
882	625
882	625
882	625
883	625
883	625
883	625
883	625
883	625
883	625
883	625
883	625
883	625
883	625
884	625
884	625
884	625
884	625
884	625
884	625
884	625
884	625
884	625
884	625
885	625
885	625
885	625
885	625
885	625
885	625
885	625
885	625
885	625
885	625
886	625
886	625
886	625
886	625
886	625
886	625
886	625
886	625
886	625
886	625
887	625
887	625
887	625
887	625
887	625
887	625
887	625
887	625
887	625
887	625
888	625
888	625
888	625
888	625
888	625
888	625
888	625
888	625
888	625
888	625
889	625
889	625
889	625
889	625
889	625
889	625
889	625
889	625
889	625
889	625
890	625
890	625
890	625
890	625
890	625
890	625
890	625
890	625
890	625
890	625
891	625
891	625
891	625
891	625
891	625
891	625
891	625
891	625
891	625
891	625
892	625
892	625
892	625
892	625
892	625
892	625
892	625
892	625
892	625
892	625
893	625
893	625
893	625
893	625
893	625
893	625
893	625
893	625
893	625
893	625
894	625
894	625
894	625
894	625
894	625
894	625
894	625
894	625
894	625
894	625
895	625
895	625
895	625
895	625
895	625
895	625
895	625
895	625
895	625
895	625
896	625
896	625
896	625
896	625
896	625
896	625
896	625
896	625
896	625
896	625
897	625
897	625
897	625
897	625
897	625
897	625
897	625
897	625
897	625
897	625
898	625
898	625
898	625
898	625
898	625
898	625
898	625
898	625
898	625
898	625
899	625
899	625
899	625
899	625
899	625
899	625
899	625
899	625
899	625
899	625
900	625
900	625
900	625
900	625
900	625
900	625
900	625
900	625
900	625
900	625
901	625
901	625
901	625
901	625
901	625
901	625
901	625
901	625
901	625
901	625
902	625
902	625
902	625
902	625
902	625
902	625
902	625
902	625
902	625
902	625
903	625
903	625
903	625
903	625
903	625
903	625
903	625
903	625
903	625
903	625
904	625
904	625
904	625
904	625
904	625
904	625
904	625
904	625
904	625
904	625
905	625
905	625
905	625
905	625
905	625
905	625
905	625
905	625
905	625
905	625
906	625
906	625
906	625
906	625
906	625
906	625
906	625
906	625
906	625
906	625
907	625
907	625
907	625
907	625
907	625
907	625
907	625
907	625
907	625
907	625
908	625
908	625
908	625
908	625
908	625
908	625
908	625
908	625
908	625
908	625
909	625
909	625
909	625
909	625
909	625
909	625
909	625
909	625
909	625
909	625
910	625
910	625
910	625
910	625
910	625
910	625
910	625
910	625
910	625
910	625
911	625
911	625
911	625
911	625
911	625
911	625
911	625
911	625
911	625
911	625
912	625
912	625
912	625
912	625
912	625
912	625
912	625
912	625
912	625
912	625
913	625
913	625
913	625
913	625
913	625
913	625
913	625
913	625
913	625
913	625
914	625
914	625
914	625
914	625
914	625
914	625
914	625
914	625
914	625
914	625
915	625
915	625
915	625
915	625
915	625
915	625
915	625
915	625
915	625
915	625
916	625
916	625
916	625
916	625
916	625
916	625
916	625
916	625
916	625
916	625
917	625
917	625
917	625
917	625
917	625
917	625
917	625
917	625
917	625
917	625
918	625
918	625
918	625
918	625
918	625
918	625
918	625
918	625
918	625
918	625
919	625
919	625
919	625
919	625
919	625
919	625
919	625
919	625
919	625
919	625
920	625
920	625
920	625
920	625
920	625
920	625
920	625
920	625
920	625
920	625
921	625
921	625
921	625
921	625
921	625
921	625
921	625
921	625
921	625
921	625
922	625
922	625
922	625
922	625
922	625
922	625
922	625
922	625
922	625
922	625
923	625
923	625
923	625
923	625
923	625
923	625
923	625
923	625
923	625
923	625
924	625
924	625
924	625
924	625
924	625
924	625
924	625
924	625
924	625
924	625
925	625
925	625
925	625
925	625
925	625
925	625
925	625
925	625
925	625
925	625
926	625
926	625
926	625
926	625
926	625
926	625
926	625
926	625
926	625
926	625
927	625
927	625
927	625
927	625
927	625
927	625
927	625
927	625
927	625
927	625
928	625
928	625
928	625
928	625
928	625
928	625
928	625
928	625
928	625
928	625
929	625
929	625
929	625
929	625
929	625
929	625
929	625
929	625
929	625
929	625
930	625
930	625
930	625
930	625
930	625
930	625
930	625
930	625
930	625
930	625
931	625
931	625
931	625
931	625
931	625
931	625
931	625
931	625
931	625
931	625
932	625
932	625
932	625
932	625
932	625
932	625
932	625
932	625
932	625
932	625
933	625
933	625
933	625
933	625
933	625
933	625
933	625
933	625
933	625
933	625
934	625
934	625
934	625
934	625
934	625
934	625
934	625
934	625
934	625
934	625
935	625
935	625
935	625
935	625
935	625
935	625
935	625
935	625
935	625
935	625
936	625
936	625
936	625
936	625
936	625
936	625
936	625
936	625
936	625
936	625
937	625
937	625
937	625
937	625
937	625
937	625
937	625
937	625
937	625
937	625
938	625
938	625
938	625
938	625
938	625
938	625
938	625
938	625
938	625
938	625
939	625
939	625
939	625
939	625
939	625
939	625
939	625
939	625
939	625
939	625
940	625
940	625
940	625
940	625
940	625
940	625
940	625
940	625
940	625
940	625
941	625
941	625
941	625
941	625
941	625
941	625
941	625
941	625
941	625
941	625
942	625
942	625
942	625
942	625
942	625
942	625
942	625
942	625
942	625
942	625
943	625
943	625
943	625
943	625
943	625
943	625
943	625
943	625
943	625
943	625
944	625
944	625
944	625
944	625
944	625
944	625
944	625
944	625
944	625
944	625
945	625
945	625
945	625
945	625
945	625
945	625
945	625
945	625
945	625
945	625
946	625
946	625
946	625
946	625
946	625
946	625
946	625
946	625
946	625
946	625
947	625
947	625
947	625
947	625
947	625
947	625
947	625
947	625
947	625
947	625
948	625
948	625
948	625
948	625
948	625
948	625
948	625
948	625
948	625
948	625
949	625
949	625
949	625
949	625
949	625
949	625
949	625
949	625
949	625
949	625
950	625
950	625
950	625
950	625
950	625
950	625
950	625
950	625
950	625
950	625
951	625
951	625
951	625
951	625
951	625
951	625
951	625
951	625
951	625
951	625
952	625
952	625
952	625
952	625
952	625
952	625
952	625
952	625
952	625
952	625
953	625
953	625
953	625
953	625
953	625
953	625
953	625
953	625
953	625
953	625
954	625
954	625
954	625
954	625
954	625
954	625
954	625
954	625
954	625
954	625
955	625
955	625
955	625
955	625
955	625
955	625
955	625
955	625
955	625
955	625
956	625
956	625
956	625
956	625
956	625
956	625
956	625
956	625
956	625
956	625
957	625
957	625
957	625
957	625
957	625
957	625
957	625
957	625
957	625
957	625
958	625
958	625
958	625
958	625
958	625
958	625
958	625
958	625
958	625
958	625
959	625
959	625
959	625
959	625
959	625
959	625
959	625
959	625
959	625
959	625
960	625
960	625
960	625
960	625
960	625
960	625
960	625
960	625
960	625
960	625
961	625
961	625
961	625
961	625
961	625
961	625
961	625
961	625
961	625
961	625
962	625
962	625
962	625
962	625
962	625
962	625
962	625
962	625
962	625
962	625
963	625
963	625
963	625
963	625
963	625
963	625
963	625
963	625
963	625
963	625
964	625
964	625
964	625
964	625
964	625
964	625
964	625
964	625
964	625
964	625
965	625
965	625
965	625
965	625
965	625
965	625
965	625
965	625
965	625
965	625
966	625
966	625
966	625
966	625
966	625
966	625
966	625
966	625
966	625
966	625
967	625
967	625
967	625
967	625
967	625
967	625
967	625
967	625
967	625
967	625
968	625
968	625
968	625
968	625
968	625
968	625
968	625
968	625
968	625
968	625
969	625
969	625
969	625
969	625
969	625
969	625
969	625
969	625
969	625
969	625
970	625
970	625
970	625
970	625
970	625
970	625
970	625
970	625
970	625
970	625
971	625
971	625
971	625
971	625
971	625
971	625
971	625
971	625
971	625
971	625
972	625
972	625
972	625
972	625
972	625
972	625
972	625
972	625
972	625
972	625
973	625
973	625
973	625
973	625
973	625
973	625
973	625
973	625
973	625
973	625
974	625
974	625
974	625
974	625
974	625
974	625
974	625
974	625
974	625
974	625
975	625
975	625
975	625
975	625
975	625
975	625
975	625
975	625
975	625
975	625
976	625
976	625
976	625
976	625
976	625
976	625
976	625
976	625
976	625
976	625
977	625
977	625
977	625
977	625
977	625
977	625
977	625
977	625
977	625
977	625
978	625
978	625
978	625
978	625
978	625
978	625
978	625
978	625
978	625
978	625
979	625
979	625
979	625
979	625
979	625
979	625
979	625
979	625
979	625
979	625
980	625
980	625
980	625
980	625
980	625
980	625
980	625
980	625
980	625
980	625
981	625
981	625
981	625
981	625
981	625
981	625
981	625
981	625
981	625
981	625
982	625
982	625
982	625
982	625
982	625
982	625
982	625
982	625
982	625
982	625
983	625
983	625
983	625
983	625
983	625
983	625
983	625
983	625
983	625
983	625
984	625
984	625
984	625
984	625
984	625
984	625
984	625
984	625
984	625
984	625
985	625
985	625
985	625
985	625
985	625
985	625
985	625
985	625
985	625
985	625
986	625
986	625
986	625
986	625
986	625
986	625
986	625
986	625
986	625
986	625
987	625
987	625
987	625
987	625
987	625
987	625
987	625
987	625
987	625
987	625
988	625
988	625
988	625
988	625
988	625
988	625
988	625
988	625
988	625
988	625
989	625
989	625
989	625
989	625
989	625
989	625
989	625
989	625
989	625
989	625
990	625
990	625
990	625
990	625
990	625
990	625
990	625
990	625
990	625
990	625
991	625
991	625
991	625
991	625
991	625
991	625
991	625
991	625
991	625
991	625
992	625
992	625
992	625
992	625
992	625
992	625
992	625
992	625
992	625
992	625
993	625
993	625
993	625
993	625
993	625
993	625
993	625
993	625
993	625
993	625
994	625
994	625
994	625
994	625
994	625
994	625
994	625
994	625
994	625
994	625
995	625
995	625
995	625
995	625
995	625
995	625
995	625
995	625
995	625
995	625
996	625
996	625
996	625
996	625
996	625
996	625
996	625
996	625
996	625
996	625
997	625
997	625
997	625
997	625
997	625
997	625
997	625
997	625
997	625
997	625
998	625
998	625
998	625
998	625
998	625
998	625
998	625
998	625
998	625
998	625
999	625
999	625
999	625
999	625
999	625
999	625
999	625
999	625
999	625
999	625
1000	625
1000	625
1000	625
1000	625
1000	625
1000	625
1000	625
1000	625
1000	625
1000	625
