0	800
0	800
0	800
0	800
0	800
0	800
0	800
0	800
0	800
0	800
1	800
1	800
1	800
1	800
1	800
1	800
1	800
1	800
1	800
1	800
2	800
2	800
2	800
2	800
2	800
2	800
2	800
2	800
2	800
2	800
3	800
3	800
3	800
3	800
3	800
3	800
3	800
3	800
3	800
3	800
4	800
4	800
4	800
4	800
4	800
4	800
4	800
4	800
4	800
4	800
5	800
5	800
5	800
5	800
5	800
5	800
5	800
5	800
5	800
5	800
6	800
6	800
6	800
6	800
6	800
6	800
6	800
6	800
6	800
6	800
7	800
7	800
7	800
7	800
7	800
7	800
7	800
7	800
7	800
7	800
8	800
8	800
8	800
8	800
8	800
8	800
8	800
8	800
8	800
8	800
9	800
9	800
9	800
9	800
9	800
9	800
9	800
9	800
9	800
9	800
10	800
10	800
10	800
10	800
10	800
10	800
10	800
10	800
10	800
10	800
11	800
11	800
11	800
11	800
11	800
11	800
11	800
11	800
11	800
11	800
12	800
12	800
12	800
12	800
12	800
12	800
12	800
12	800
12	800
12	800
13	800
13	800
13	800
13	800
13	800
13	800
13	800
13	800
13	800
13	800
14	800
14	800
14	800
14	800
14	800
14	800
14	800
14	800
14	800
14	800
15	800
15	800
15	800
15	800
15	800
15	800
15	800
15	800
15	800
15	800
16	800
16	800
16	800
16	800
16	800
16	800
16	800
16	800
16	800
16	800
17	800
17	800
17	800
17	800
17	800
17	800
17	800
17	800
17	800
17	800
18	800
18	800
18	800
18	800
18	800
18	800
18	800
18	800
18	800
18	800
19	800
19	800
19	800
19	800
19	800
19	800
19	800
19	800
19	800
19	800
20	800
20	800
20	800
20	800
20	800
20	800
20	800
20	800
20	800
20	800
21	800
21	800
21	800
21	800
21	800
21	800
21	800
21	800
21	800
21	800
22	800
22	800
22	800
22	800
22	800
22	800
22	800
22	800
22	800
22	800
23	800
23	800
23	800
23	800
23	800
23	800
23	800
23	800
23	800
23	800
24	800
24	800
24	800
24	800
24	800
24	800
24	800
24	800
24	800
24	800
25	800
25	800
25	800
25	800
25	800
25	800
25	800
25	800
25	800
25	800
26	800
26	800
26	800
26	800
26	800
26	800
26	800
26	800
26	800
26	800
27	800
27	800
27	800
27	800
27	800
27	800
27	800
27	800
27	800
27	800
28	800
28	800
28	800
28	800
28	800
28	800
28	800
28	800
28	800
28	800
29	800
29	800
29	800
29	800
29	800
29	800
29	800
29	800
29	800
29	800
30	800
30	800
30	800
30	800
30	800
30	800
30	800
30	800
30	800
30	800
31	800
31	800
31	800
31	800
31	800
31	800
31	800
31	800
31	800
31	800
32	800
32	800
32	800
32	800
32	800
32	800
32	800
32	800
32	800
32	800
33	800
33	800
33	800
33	800
33	800
33	800
33	800
33	800
33	800
33	800
34	800
34	800
34	800
34	800
34	800
34	800
34	800
34	800
34	800
34	800
35	800
35	800
35	800
35	800
35	800
35	800
35	800
35	800
35	800
35	800
36	800
36	800
36	800
36	800
36	800
36	800
36	800
36	800
36	800
36	800
37	800
37	800
37	800
37	800
37	800
37	800
37	800
37	800
37	800
37	800
38	800
38	800
38	800
38	800
38	800
38	800
38	800
38	800
38	800
38	800
39	800
39	800
39	800
39	800
39	800
39	800
39	800
39	800
39	800
39	800
40	800
40	800
40	800
40	800
40	800
40	800
40	800
40	800
40	800
40	800
41	800
41	800
41	800
41	800
41	800
41	800
41	800
41	800
41	800
41	800
42	800
42	800
42	800
42	800
42	800
42	800
42	800
42	800
42	800
42	800
43	800
43	800
43	800
43	800
43	800
43	800
43	800
43	800
43	800
43	800
44	800
44	800
44	800
44	800
44	800
44	800
44	800
44	800
44	800
44	800
45	800
45	800
45	800
45	800
45	800
45	800
45	800
45	800
45	800
45	800
46	800
46	800
46	800
46	800
46	800
46	800
46	800
46	800
46	800
46	800
47	800
47	800
47	800
47	800
47	800
47	800
47	800
47	800
47	800
47	800
48	800
48	800
48	800
48	800
48	800
48	800
48	800
48	800
48	800
48	800
49	800
49	800
49	800
49	800
49	800
49	800
49	800
49	800
49	800
49	800
50	800
50	800
50	800
50	800
50	800
50	800
50	800
50	800
50	800
50	800
51	800
51	800
51	800
51	800
51	800
51	800
51	800
51	800
51	800
51	800
52	800
52	800
52	800
52	800
52	800
52	800
52	800
52	800
52	800
52	800
53	800
53	800
53	800
53	800
53	800
53	800
53	800
53	800
53	800
53	800
54	800
54	800
54	800
54	800
54	800
54	800
54	800
54	800
54	800
54	800
55	800
55	800
55	800
55	800
55	800
55	800
55	800
55	800
55	800
55	800
56	800
56	800
56	800
56	800
56	800
56	800
56	800
56	800
56	800
56	800
57	800
57	800
57	800
57	800
57	800
57	800
57	800
57	800
57	800
57	800
58	800
58	800
58	800
58	800
58	800
58	800
58	800
58	800
58	800
58	800
59	800
59	800
59	800
59	800
59	800
59	800
59	800
59	800
59	800
59	800
60	800
60	800
60	800
60	800
60	800
60	800
60	800
60	800
60	800
60	800
61	800
61	800
61	800
61	800
61	800
61	800
61	800
61	800
61	800
61	800
62	800
62	800
62	800
62	800
62	800
62	800
62	800
62	800
62	800
62	800
63	800
63	800
63	800
63	800
63	800
63	800
63	800
63	800
63	800
63	800
64	800
64	800
64	800
64	800
64	800
64	800
64	800
64	800
64	800
64	800
65	800
65	800
65	800
65	800
65	800
65	800
65	800
65	800
65	800
65	800
66	800
66	800
66	800
66	800
66	800
66	800
66	800
66	800
66	800
66	800
67	800
67	800
67	800
67	800
67	800
67	800
67	800
67	800
67	800
67	800
68	800
68	800
68	800
68	800
68	800
68	800
68	800
68	800
68	800
68	800
69	800
69	800
69	800
69	800
69	800
69	800
69	800
69	800
69	800
69	800
70	800
70	800
70	800
70	800
70	800
70	800
70	800
70	800
70	800
70	800
71	800
71	800
71	800
71	800
71	800
71	800
71	800
71	800
71	800
71	800
72	800
72	800
72	800
72	800
72	800
72	800
72	800
72	800
72	800
72	800
73	800
73	800
73	800
73	800
73	800
73	800
73	800
73	800
73	800
73	800
74	800
74	800
74	800
74	800
74	800
74	800
74	800
74	800
74	800
74	800
75	800
75	800
75	800
75	800
75	800
75	800
75	800
75	800
75	800
75	800
76	800
76	800
76	800
76	800
76	800
76	800
76	800
76	800
76	800
76	800
77	800
77	800
77	800
77	800
77	800
77	800
77	800
77	800
77	800
77	800
78	800
78	800
78	800
78	800
78	800
78	800
78	800
78	800
78	800
78	800
79	800
79	800
79	800
79	800
79	800
79	800
79	800
79	800
79	800
79	800
80	800
80	800
80	800
80	800
80	800
80	800
80	800
80	800
80	800
80	800
81	800
81	800
81	800
81	800
81	800
81	800
81	800
81	800
81	800
81	800
82	800
82	800
82	800
82	800
82	800
82	800
82	800
82	800
82	800
82	800
83	800
83	800
83	800
83	800
83	800
83	800
83	800
83	800
83	800
83	800
84	800
84	800
84	800
84	800
84	800
84	800
84	800
84	800
84	800
84	800
85	800
85	800
85	800
85	800
85	800
85	800
85	800
85	800
85	800
85	800
86	800
86	800
86	800
86	800
86	800
86	800
86	800
86	800
86	800
86	800
87	800
87	800
87	800
87	800
87	800
87	800
87	800
87	800
87	800
87	800
88	800
88	800
88	800
88	800
88	800
88	800
88	800
88	800
88	800
88	800
89	800
89	800
89	800
89	800
89	800
89	800
89	800
89	800
89	800
89	800
90	800
90	800
90	800
90	800
90	800
90	800
90	800
90	800
90	800
90	800
91	800
91	800
91	800
91	800
91	800
91	800
91	800
91	800
91	800
91	800
92	800
92	800
92	800
92	800
92	800
92	800
92	800
92	800
92	800
92	800
93	800
93	800
93	800
93	800
93	800
93	800
93	800
93	800
93	800
93	800
94	800
94	800
94	800
94	800
94	800
94	800
94	800
94	800
94	800
94	800
95	800
95	800
95	800
95	800
95	800
95	800
95	800
95	800
95	800
95	800
96	800
96	800
96	800
96	800
96	800
96	800
96	800
96	800
96	800
96	800
97	800
97	800
97	800
97	800
97	800
97	800
97	800
97	800
97	800
97	800
98	800
98	800
98	800
98	800
98	800
98	800
98	800
98	800
98	800
98	800
99	800
99	800
99	800
99	800
99	800
99	800
99	800
99	800
99	800
99	800
100	800
100	800
100	800
100	800
100	800
100	800
100	800
100	800
100	800
100	800
101	800
101	800
101	800
101	800
101	800
101	800
101	800
101	800
101	800
101	800
102	800
102	800
102	800
102	800
102	800
102	800
102	800
102	800
102	800
102	800
103	800
103	800
103	800
103	800
103	800
103	800
103	800
103	800
103	800
103	800
104	800
104	800
104	800
104	800
104	800
104	800
104	800
104	800
104	800
104	800
105	800
105	800
105	800
105	800
105	800
105	800
105	800
105	800
105	800
105	800
106	800
106	800
106	800
106	800
106	800
106	800
106	800
106	800
106	800
106	800
107	800
107	800
107	800
107	800
107	800
107	800
107	800
107	800
107	800
107	800
108	800
108	800
108	800
108	800
108	800
108	800
108	800
108	800
108	800
108	800
109	800
109	800
109	800
109	800
109	800
109	800
109	800
109	800
109	800
109	800
110	800
110	800
110	800
110	800
110	800
110	800
110	800
110	800
110	800
110	800
111	800
111	800
111	800
111	800
111	800
111	800
111	800
111	800
111	800
111	800
112	800
112	800
112	800
112	800
112	800
112	800
112	800
112	800
112	800
112	800
113	800
113	800
113	800
113	800
113	800
113	800
113	800
113	800
113	800
113	800
114	800
114	800
114	800
114	800
114	800
114	800
114	800
114	800
114	800
114	800
115	800
115	800
115	800
115	800
115	800
115	800
115	800
115	800
115	800
115	800
116	800
116	800
116	800
116	800
116	800
116	800
116	800
116	800
116	800
116	800
117	800
117	800
117	800
117	800
117	800
117	800
117	800
117	800
117	800
117	800
118	800
118	800
118	800
118	800
118	800
118	800
118	800
118	800
118	800
118	800
119	800
119	800
119	800
119	800
119	800
119	800
119	800
119	800
119	800
119	800
120	800
120	800
120	800
120	800
120	800
120	800
120	800
120	800
120	800
120	800
121	800
121	800
121	800
121	800
121	800
121	800
121	800
121	800
121	800
121	800
122	800
122	800
122	800
122	800
122	800
122	800
122	800
122	800
122	800
122	800
123	800
123	800
123	800
123	800
123	800
123	800
123	800
123	800
123	800
123	800
124	800
124	800
124	800
124	800
124	800
124	800
124	800
124	800
124	800
124	800
125	800
125	800
125	800
125	800
125	800
125	800
125	800
125	800
125	800
125	800
126	800
126	800
126	800
126	800
126	800
126	800
126	800
126	800
126	800
126	800
127	800
127	800
127	800
127	800
127	800
127	800
127	800
127	800
127	800
127	800
128	800
128	800
128	800
128	800
128	800
128	800
128	800
128	800
128	800
128	800
129	800
129	800
129	800
129	800
129	800
129	800
129	800
129	800
129	800
129	800
130	800
130	800
130	800
130	800
130	800
130	800
130	800
130	800
130	800
130	800
131	800
131	800
131	800
131	800
131	800
131	800
131	800
131	800
131	800
131	800
132	800
132	800
132	800
132	800
132	800
132	800
132	800
132	800
132	800
132	800
133	800
133	800
133	800
133	800
133	800
133	800
133	800
133	800
133	800
133	800
134	800
134	800
134	800
134	800
134	800
134	800
134	800
134	800
134	800
134	800
135	800
135	800
135	800
135	800
135	800
135	800
135	800
135	800
135	800
135	800
136	800
136	800
136	800
136	800
136	800
136	800
136	800
136	800
136	800
136	800
137	800
137	800
137	800
137	800
137	800
137	800
137	800
137	800
137	800
137	800
138	800
138	800
138	800
138	800
138	800
138	800
138	800
138	800
138	800
138	800
139	800
139	800
139	800
139	800
139	800
139	800
139	800
139	800
139	800
139	800
140	800
140	800
140	800
140	800
140	800
140	800
140	800
140	800
140	800
140	800
141	800
141	800
141	800
141	800
141	800
141	800
141	800
141	800
141	800
141	800
142	800
142	800
142	800
142	800
142	800
142	800
142	800
142	800
142	800
142	800
143	800
143	800
143	800
143	800
143	800
143	800
143	800
143	800
143	800
143	800
144	800
144	800
144	800
144	800
144	800
144	800
144	800
144	800
144	800
144	800
145	800
145	800
145	800
145	800
145	800
145	800
145	800
145	800
145	800
145	800
146	800
146	800
146	800
146	800
146	800
146	800
146	800
146	800
146	800
146	800
147	800
147	800
147	800
147	800
147	800
147	800
147	800
147	800
147	800
147	800
148	800
148	800
148	800
148	800
148	800
148	800
148	800
148	800
148	800
148	800
149	800
149	800
149	800
149	800
149	800
149	800
149	800
149	800
149	800
149	800
150	800
150	800
150	800
150	800
150	800
150	800
150	800
150	800
150	800
150	800
151	800
151	800
151	800
151	800
151	800
151	800
151	800
151	800
151	800
151	800
152	800
152	800
152	800
152	800
152	800
152	800
152	800
152	800
152	800
152	800
153	800
153	800
153	800
153	800
153	800
153	800
153	800
153	800
153	800
153	800
154	800
154	800
154	800
154	800
154	800
154	800
154	800
154	800
154	800
154	800
155	800
155	800
155	800
155	800
155	800
155	800
155	800
155	800
155	800
155	800
156	800
156	800
156	800
156	800
156	800
156	800
156	800
156	800
156	800
156	800
157	800
157	800
157	800
157	800
157	800
157	800
157	800
157	800
157	800
157	800
158	800
158	800
158	800
158	800
158	800
158	800
158	800
158	800
158	800
158	800
159	800
159	800
159	800
159	800
159	800
159	800
159	800
159	800
159	800
159	800
160	800
160	800
160	800
160	800
160	800
160	800
160	800
160	800
160	800
160	800
161	800
161	800
161	800
161	800
161	800
161	800
161	800
161	800
161	800
161	800
162	800
162	800
162	800
162	800
162	800
162	800
162	800
162	800
162	800
162	800
163	800
163	800
163	800
163	800
163	800
163	800
163	800
163	800
163	800
163	800
164	800
164	800
164	800
164	800
164	800
164	800
164	800
164	800
164	800
164	800
165	800
165	800
165	800
165	800
165	800
165	800
165	800
165	800
165	800
165	800
166	800
166	800
166	800
166	800
166	800
166	800
166	800
166	800
166	800
166	800
167	800
167	800
167	800
167	800
167	800
167	800
167	800
167	800
167	800
167	800
168	800
168	800
168	800
168	800
168	800
168	800
168	800
168	800
168	800
168	800
169	800
169	800
169	800
169	800
169	800
169	800
169	800
169	800
169	800
169	800
170	800
170	800
170	800
170	800
170	800
170	800
170	800
170	800
170	800
170	800
171	800
171	800
171	800
171	800
171	800
171	800
171	800
171	800
171	800
171	800
172	800
172	800
172	800
172	800
172	800
172	800
172	800
172	800
172	800
172	800
173	800
173	800
173	800
173	800
173	800
173	800
173	800
173	800
173	800
173	800
174	800
174	800
174	800
174	800
174	800
174	800
174	800
174	800
174	800
174	800
175	800
175	800
175	800
175	800
175	800
175	800
175	800
175	800
175	800
175	800
176	800
176	800
176	800
176	800
176	800
176	800
176	800
176	800
176	800
176	800
177	800
177	800
177	800
177	800
177	800
177	800
177	800
177	800
177	800
177	800
178	800
178	800
178	800
178	800
178	800
178	800
178	800
178	800
178	800
178	800
179	800
179	800
179	800
179	800
179	800
179	800
179	800
179	800
179	800
179	800
180	800
180	800
180	800
180	800
180	800
180	800
180	800
180	800
180	800
180	800
181	800
181	800
181	800
181	800
181	800
181	800
181	800
181	800
181	800
181	800
182	800
182	800
182	800
182	800
182	800
182	800
182	800
182	800
182	800
182	800
183	800
183	800
183	800
183	800
183	800
183	800
183	800
183	800
183	800
183	800
184	800
184	800
184	800
184	800
184	800
184	800
184	800
184	800
184	800
184	800
185	800
185	800
185	800
185	800
185	800
185	800
185	800
185	800
185	800
185	800
186	800
186	800
186	800
186	800
186	800
186	800
186	800
186	800
186	800
186	800
187	800
187	800
187	800
187	800
187	800
187	800
187	800
187	800
187	800
187	800
188	800
188	800
188	800
188	800
188	800
188	800
188	800
188	800
188	800
188	800
189	800
189	800
189	800
189	800
189	800
189	800
189	800
189	800
189	800
189	800
190	800
190	800
190	800
190	800
190	800
190	800
190	800
190	800
190	800
190	800
191	800
191	800
191	800
191	800
191	800
191	800
191	800
191	800
191	800
191	800
192	800
192	800
192	800
192	800
192	800
192	800
192	800
192	800
192	800
192	800
193	800
193	800
193	800
193	800
193	800
193	800
193	800
193	800
193	800
193	800
194	800
194	800
194	800
194	800
194	800
194	800
194	800
194	800
194	800
194	800
195	800
195	800
195	800
195	800
195	800
195	800
195	800
195	800
195	800
195	800
196	800
196	800
196	800
196	800
196	800
196	800
196	800
196	800
196	800
196	800
197	800
197	800
197	800
197	800
197	800
197	800
197	800
197	800
197	800
197	800
198	800
198	800
198	800
198	800
198	800
198	800
198	800
198	800
198	800
198	800
199	800
199	800
199	800
199	800
199	800
199	800
199	800
199	800
199	800
199	800
200	800
200	800
200	800
200	800
200	800
200	800
200	800
200	800
200	800
200	800
201	800
201	800
201	800
201	800
201	800
201	800
201	800
201	800
201	800
201	800
202	800
202	800
202	800
202	800
202	800
202	800
202	800
202	800
202	800
202	800
203	800
203	800
203	800
203	800
203	800
203	800
203	800
203	800
203	800
203	800
204	800
204	800
204	800
204	800
204	800
204	800
204	800
204	800
204	800
204	800
205	800
205	800
205	800
205	800
205	800
205	800
205	800
205	800
205	800
205	800
206	800
206	800
206	800
206	800
206	800
206	800
206	800
206	800
206	800
206	800
207	800
207	800
207	800
207	800
207	800
207	800
207	800
207	800
207	800
207	800
208	800
208	800
208	800
208	800
208	800
208	800
208	800
208	800
208	800
208	800
209	800
209	800
209	800
209	800
209	800
209	800
209	800
209	800
209	800
209	800
210	800
210	800
210	800
210	800
210	800
210	800
210	800
210	800
210	800
210	800
211	800
211	800
211	800
211	800
211	800
211	800
211	800
211	800
211	800
211	800
212	800
212	800
212	800
212	800
212	800
212	800
212	800
212	800
212	800
212	800
213	800
213	800
213	800
213	800
213	800
213	800
213	800
213	800
213	800
213	800
214	800
214	800
214	800
214	800
214	800
214	800
214	800
214	800
214	800
214	800
215	800
215	800
215	800
215	800
215	800
215	800
215	800
215	800
215	800
215	800
216	800
216	800
216	800
216	800
216	800
216	800
216	800
216	800
216	800
216	800
217	800
217	800
217	800
217	800
217	800
217	800
217	800
217	800
217	800
217	800
218	800
218	800
218	800
218	800
218	800
218	800
218	800
218	800
218	800
218	800
219	800
219	800
219	800
219	800
219	800
219	800
219	800
219	800
219	800
219	800
220	800
220	800
220	800
220	800
220	800
220	800
220	800
220	800
220	800
220	800
221	800
221	800
221	800
221	800
221	800
221	800
221	800
221	800
221	800
221	800
222	800
222	800
222	800
222	800
222	800
222	800
222	800
222	800
222	800
222	800
223	800
223	800
223	800
223	800
223	800
223	800
223	800
223	800
223	800
223	800
224	800
224	800
224	800
224	800
224	800
224	800
224	800
224	800
224	800
224	800
225	800
225	800
225	800
225	800
225	800
225	800
225	800
225	800
225	800
225	800
226	800
226	800
226	800
226	800
226	800
226	800
226	800
226	800
226	800
226	800
227	800
227	800
227	800
227	800
227	800
227	800
227	800
227	800
227	800
227	800
228	800
228	800
228	800
228	800
228	800
228	800
228	800
228	800
228	800
228	800
229	800
229	800
229	800
229	800
229	800
229	800
229	800
229	800
229	800
229	800
230	800
230	800
230	800
230	800
230	800
230	800
230	800
230	800
230	800
230	800
231	800
231	800
231	800
231	800
231	800
231	800
231	800
231	800
231	800
231	800
232	800
232	800
232	800
232	800
232	800
232	800
232	800
232	800
232	800
232	800
233	800
233	800
233	800
233	800
233	800
233	800
233	800
233	800
233	800
233	800
234	800
234	800
234	800
234	800
234	800
234	800
234	800
234	800
234	800
234	800
235	800
235	800
235	800
235	800
235	800
235	800
235	800
235	800
235	800
235	800
236	800
236	800
236	800
236	800
236	800
236	800
236	800
236	800
236	800
236	800
237	800
237	800
237	800
237	800
237	800
237	800
237	800
237	800
237	800
237	800
238	800
238	800
238	800
238	800
238	800
238	800
238	800
238	800
238	800
238	800
239	800
239	800
239	800
239	800
239	800
239	800
239	800
239	800
239	800
239	800
240	800
240	800
240	800
240	800
240	800
240	800
240	800
240	800
240	800
240	800
241	800
241	800
241	800
241	800
241	800
241	800
241	800
241	800
241	800
241	800
242	800
242	800
242	800
242	800
242	800
242	800
242	800
242	800
242	800
242	800
243	800
243	800
243	800
243	800
243	800
243	800
243	800
243	800
243	800
243	800
244	800
244	800
244	800
244	800
244	800
244	800
244	800
244	800
244	800
244	800
245	800
245	800
245	800
245	800
245	800
245	800
245	800
245	800
245	800
245	800
246	800
246	800
246	800
246	800
246	800
246	800
246	800
246	800
246	800
246	800
247	800
247	800
247	800
247	800
247	800
247	800
247	800
247	800
247	800
247	800
248	800
248	800
248	800
248	800
248	800
248	800
248	800
248	800
248	800
248	800
249	800
249	800
249	800
249	800
249	800
249	800
249	800
249	800
249	800
249	800
250	800
250	800
250	800
250	800
250	800
250	800
250	800
250	800
250	800
250	800
251	800
251	800
251	800
251	800
251	800
251	800
251	800
251	800
251	800
251	800
252	800
252	800
252	800
252	800
252	800
252	800
252	800
252	800
252	800
252	800
253	800
253	800
253	800
253	800
253	800
253	800
253	800
253	800
253	800
253	800
254	800
254	800
254	800
254	800
254	800
254	800
254	800
254	800
254	800
254	800
255	800
255	800
255	800
255	800
255	800
255	800
255	800
255	800
255	800
255	800
256	800
256	800
256	800
256	800
256	800
256	800
256	800
256	800
256	800
256	800
257	800
257	800
257	800
257	800
257	800
257	800
257	800
257	800
257	800
257	800
258	800
258	800
258	800
258	800
258	800
258	800
258	800
258	800
258	800
258	800
259	800
259	800
259	800
259	800
259	800
259	800
259	800
259	800
259	800
259	800
260	800
260	800
260	800
260	800
260	800
260	800
260	800
260	800
260	800
260	800
261	800
261	800
261	800
261	800
261	800
261	800
261	800
261	800
261	800
261	800
262	800
262	800
262	800
262	800
262	800
262	800
262	800
262	800
262	800
262	800
263	800
263	800
263	800
263	800
263	800
263	800
263	800
263	800
263	800
263	800
264	800
264	800
264	800
264	800
264	800
264	800
264	800
264	800
264	800
264	800
265	800
265	800
265	800
265	800
265	800
265	800
265	800
265	800
265	800
265	800
266	800
266	800
266	800
266	800
266	800
266	800
266	800
266	800
266	800
266	800
267	800
267	800
267	800
267	800
267	800
267	800
267	800
267	800
267	800
267	800
268	800
268	800
268	800
268	800
268	800
268	800
268	800
268	800
268	800
268	800
269	800
269	800
269	800
269	800
269	800
269	800
269	800
269	800
269	800
269	800
270	800
270	800
270	800
270	800
270	800
270	800
270	800
270	800
270	800
270	800
271	800
271	800
271	800
271	800
271	800
271	800
271	800
271	800
271	800
271	800
272	800
272	800
272	800
272	800
272	800
272	800
272	800
272	800
272	800
272	800
273	800
273	800
273	800
273	800
273	800
273	800
273	800
273	800
273	800
273	800
274	800
274	800
274	800
274	800
274	800
274	800
274	800
274	800
274	800
274	800
275	800
275	800
275	800
275	800
275	800
275	800
275	800
275	800
275	800
275	800
276	800
276	800
276	800
276	800
276	800
276	800
276	800
276	800
276	800
276	800
277	800
277	800
277	800
277	800
277	800
277	800
277	800
277	800
277	800
277	800
278	800
278	800
278	800
278	800
278	800
278	800
278	800
278	800
278	800
278	800
279	800
279	800
279	800
279	800
279	800
279	800
279	800
279	800
279	800
279	800
280	800
280	800
280	800
280	800
280	800
280	800
280	800
280	800
280	800
280	800
281	800
281	800
281	800
281	800
281	800
281	800
281	800
281	800
281	800
281	800
282	800
282	800
282	800
282	800
282	800
282	800
282	800
282	800
282	800
282	800
283	800
283	800
283	800
283	800
283	800
283	800
283	800
283	800
283	800
283	800
284	800
284	800
284	800
284	800
284	800
284	800
284	800
284	800
284	800
284	800
285	800
285	800
285	800
285	800
285	800
285	800
285	800
285	800
285	800
285	800
286	800
286	800
286	800
286	800
286	800
286	800
286	800
286	800
286	800
286	800
287	800
287	800
287	800
287	800
287	800
287	800
287	800
287	800
287	800
287	800
288	800
288	800
288	800
288	800
288	800
288	800
288	800
288	800
288	800
288	800
289	800
289	800
289	800
289	800
289	800
289	800
289	800
289	800
289	800
289	800
290	800
290	800
290	800
290	800
290	800
290	800
290	800
290	800
290	800
290	800
291	800
291	800
291	800
291	800
291	800
291	800
291	800
291	800
291	800
291	800
292	800
292	800
292	800
292	800
292	800
292	800
292	800
292	800
292	800
292	800
293	800
293	800
293	800
293	800
293	800
293	800
293	800
293	800
293	800
293	800
294	800
294	800
294	800
294	800
294	800
294	800
294	800
294	800
294	800
294	800
295	800
295	800
295	800
295	800
295	800
295	800
295	800
295	800
295	800
295	800
296	800
296	800
296	800
296	800
296	800
296	800
296	800
296	800
296	800
296	800
297	800
297	800
297	800
297	800
297	800
297	800
297	800
297	800
297	800
297	800
298	800
298	800
298	800
298	800
298	800
298	800
298	800
298	800
298	800
298	800
299	800
299	800
299	800
299	800
299	800
299	800
299	800
299	800
299	800
299	800
300	800
300	800
300	800
300	800
300	800
300	800
300	800
300	800
300	800
300	800
301	800
301	800
301	800
301	800
301	800
301	800
301	800
301	800
301	800
301	800
302	800
302	800
302	800
302	800
302	800
302	800
302	800
302	800
302	800
302	800
303	800
303	800
303	800
303	800
303	800
303	800
303	800
303	800
303	800
303	800
304	800
304	800
304	800
304	800
304	800
304	800
304	800
304	800
304	800
304	800
305	800
305	800
305	800
305	800
305	800
305	800
305	800
305	800
305	800
305	800
306	800
306	800
306	800
306	800
306	800
306	800
306	800
306	800
306	800
306	800
307	800
307	800
307	800
307	800
307	800
307	800
307	800
307	800
307	800
307	800
308	800
308	800
308	800
308	800
308	800
308	800
308	800
308	800
308	800
308	800
309	800
309	800
309	800
309	800
309	800
309	800
309	800
309	800
309	800
309	800
310	800
310	800
310	800
310	800
310	800
310	800
310	800
310	800
310	800
310	800
311	800
311	800
311	800
311	800
311	800
311	800
311	800
311	800
311	800
311	800
312	800
312	800
312	800
312	800
312	800
312	800
312	800
312	800
312	800
312	800
313	800
313	800
313	800
313	800
313	800
313	800
313	800
313	800
313	800
313	800
314	800
314	800
314	800
314	800
314	800
314	800
314	800
314	800
314	800
314	800
315	800
315	800
315	800
315	800
315	800
315	800
315	800
315	800
315	800
315	800
316	800
316	800
316	800
316	800
316	800
316	800
316	800
316	800
316	800
316	800
317	800
317	800
317	800
317	800
317	800
317	800
317	800
317	800
317	800
317	800
318	800
318	800
318	800
318	800
318	800
318	800
318	800
318	800
318	800
318	800
319	800
319	800
319	800
319	800
319	800
319	800
319	800
319	800
319	800
319	800
320	800
320	800
320	800
320	800
320	800
320	800
320	800
320	800
320	800
320	800
321	800
321	800
321	800
321	800
321	800
321	800
321	800
321	800
321	800
321	800
322	800
322	800
322	800
322	800
322	800
322	800
322	800
322	800
322	800
322	800
323	800
323	800
323	800
323	800
323	800
323	800
323	800
323	800
323	800
323	800
324	800
324	800
324	800
324	800
324	800
324	800
324	800
324	800
324	800
324	800
325	800
325	800
325	800
325	800
325	800
325	800
325	800
325	800
325	800
325	800
326	800
326	800
326	800
326	800
326	800
326	800
326	800
326	800
326	800
326	800
327	800
327	800
327	800
327	800
327	800
327	800
327	800
327	800
327	800
327	800
328	800
328	800
328	800
328	800
328	800
328	800
328	800
328	800
328	800
328	800
329	800
329	800
329	800
329	800
329	800
329	800
329	800
329	800
329	800
329	800
330	800
330	800
330	800
330	800
330	800
330	800
330	800
330	800
330	800
330	800
331	800
331	800
331	800
331	800
331	800
331	800
331	800
331	800
331	800
331	800
332	800
332	800
332	800
332	800
332	800
332	800
332	800
332	800
332	800
332	800
333	800
333	800
333	800
333	800
333	800
333	800
333	800
333	800
333	800
333	800
334	800
334	800
334	800
334	800
334	800
334	800
334	800
334	800
334	800
334	800
335	800
335	800
335	800
335	800
335	800
335	800
335	800
335	800
335	800
335	800
336	800
336	800
336	800
336	800
336	800
336	800
336	800
336	800
336	800
336	800
337	800
337	800
337	800
337	800
337	800
337	800
337	800
337	800
337	800
337	800
338	800
338	800
338	800
338	800
338	800
338	800
338	800
338	800
338	800
338	800
339	800
339	800
339	800
339	800
339	800
339	800
339	800
339	800
339	800
339	800
340	800
340	800
340	800
340	800
340	800
340	800
340	800
340	800
340	800
340	800
341	800
341	800
341	800
341	800
341	800
341	800
341	800
341	800
341	800
341	800
342	800
342	800
342	800
342	800
342	800
342	800
342	800
342	800
342	800
342	800
343	800
343	800
343	800
343	800
343	800
343	800
343	800
343	800
343	800
343	800
344	800
344	800
344	800
344	800
344	800
344	800
344	800
344	800
344	800
344	800
345	800
345	800
345	800
345	800
345	800
345	800
345	800
345	800
345	800
345	800
346	800
346	800
346	800
346	800
346	800
346	800
346	800
346	800
346	800
346	800
347	800
347	800
347	800
347	800
347	800
347	800
347	800
347	800
347	800
347	800
348	800
348	800
348	800
348	800
348	800
348	800
348	800
348	800
348	800
348	800
349	800
349	800
349	800
349	800
349	800
349	800
349	800
349	800
349	800
349	800
350	800
350	800
350	800
350	800
350	800
350	800
350	800
350	800
350	800
350	800
351	800
351	800
351	800
351	800
351	800
351	800
351	800
351	800
351	800
351	800
352	800
352	800
352	800
352	800
352	800
352	800
352	800
352	800
352	800
352	800
353	800
353	800
353	800
353	800
353	800
353	800
353	800
353	800
353	800
353	800
354	800
354	800
354	800
354	800
354	800
354	800
354	800
354	800
354	800
354	800
355	800
355	800
355	800
355	800
355	800
355	800
355	800
355	800
355	800
355	800
356	800
356	800
356	800
356	800
356	800
356	800
356	800
356	800
356	800
356	800
357	800
357	800
357	800
357	800
357	800
357	800
357	800
357	800
357	800
357	800
358	800
358	800
358	800
358	800
358	800
358	800
358	800
358	800
358	800
358	800
359	800
359	800
359	800
359	800
359	800
359	800
359	800
359	800
359	800
359	800
360	800
360	800
360	800
360	800
360	800
360	800
360	800
360	800
360	800
360	800
361	800
361	800
361	800
361	800
361	800
361	800
361	800
361	800
361	800
361	800
362	800
362	800
362	800
362	800
362	800
362	800
362	800
362	800
362	800
362	800
363	800
363	800
363	800
363	800
363	800
363	800
363	800
363	800
363	800
363	800
364	800
364	800
364	800
364	800
364	800
364	800
364	800
364	800
364	800
364	800
365	800
365	800
365	800
365	800
365	800
365	800
365	800
365	800
365	800
365	800
366	800
366	800
366	800
366	800
366	800
366	800
366	800
366	800
366	800
366	800
367	800
367	800
367	800
367	800
367	800
367	800
367	800
367	800
367	800
367	800
368	800
368	800
368	800
368	800
368	800
368	800
368	800
368	800
368	800
368	800
369	800
369	800
369	800
369	800
369	800
369	800
369	800
369	800
369	800
369	800
370	800
370	800
370	800
370	800
370	800
370	800
370	800
370	800
370	800
370	800
371	800
371	800
371	800
371	800
371	800
371	800
371	800
371	800
371	800
371	800
372	800
372	800
372	800
372	800
372	800
372	800
372	800
372	800
372	800
372	800
373	800
373	800
373	800
373	800
373	800
373	800
373	800
373	800
373	800
373	800
374	800
374	800
374	800
374	800
374	800
374	800
374	800
374	800
374	800
374	800
375	800
375	800
375	800
375	800
375	800
375	800
375	800
375	800
375	800
375	800
376	800
376	800
376	800
376	800
376	800
376	800
376	800
376	800
376	800
376	800
377	800
377	800
377	800
377	800
377	800
377	800
377	800
377	800
377	800
377	800
378	800
378	800
378	800
378	800
378	800
378	800
378	800
378	800
378	800
378	800
379	800
379	800
379	800
379	800
379	800
379	800
379	800
379	800
379	800
379	800
380	800
380	800
380	800
380	800
380	800
380	800
380	800
380	800
380	800
380	800
381	800
381	800
381	800
381	800
381	800
381	800
381	800
381	800
381	800
381	800
382	800
382	800
382	800
382	800
382	800
382	800
382	800
382	800
382	800
382	800
383	800
383	800
383	800
383	800
383	800
383	800
383	800
383	800
383	800
383	800
384	800
384	800
384	800
384	800
384	800
384	800
384	800
384	800
384	800
384	800
385	800
385	800
385	800
385	800
385	800
385	800
385	800
385	800
385	800
385	800
386	800
386	800
386	800
386	800
386	800
386	800
386	800
386	800
386	800
386	800
387	800
387	800
387	800
387	800
387	800
387	800
387	800
387	800
387	800
387	800
388	800
388	800
388	800
388	800
388	800
388	800
388	800
388	800
388	800
388	800
389	800
389	800
389	800
389	800
389	800
389	800
389	800
389	800
389	800
389	800
390	800
390	800
390	800
390	800
390	800
390	800
390	800
390	800
390	800
390	800
391	800
391	800
391	800
391	800
391	800
391	800
391	800
391	800
391	800
391	800
392	800
392	800
392	800
392	800
392	800
392	800
392	800
392	800
392	800
392	800
393	800
393	800
393	800
393	800
393	800
393	800
393	800
393	800
393	800
393	800
394	800
394	800
394	800
394	800
394	800
394	800
394	800
394	800
394	800
394	800
395	800
395	800
395	800
395	800
395	800
395	800
395	800
395	800
395	800
395	800
396	800
396	800
396	800
396	800
396	800
396	800
396	800
396	800
396	800
396	800
397	800
397	800
397	800
397	800
397	800
397	800
397	800
397	800
397	800
397	800
398	800
398	800
398	800
398	800
398	800
398	800
398	800
398	800
398	800
398	800
399	800
399	800
399	800
399	800
399	800
399	800
399	800
399	800
399	800
399	800
400	800
400	800
400	800
400	800
400	800
400	800
400	800
400	800
400	800
400	800
401	800
401	800
401	800
401	800
401	800
401	800
401	800
401	800
401	800
401	800
402	800
402	800
402	800
402	800
402	800
402	800
402	800
402	800
402	800
402	800
403	800
403	800
403	800
403	800
403	800
403	800
403	800
403	800
403	800
403	800
404	800
404	800
404	800
404	800
404	800
404	800
404	800
404	800
404	800
404	800
405	800
405	800
405	800
405	800
405	800
405	800
405	800
405	800
405	800
405	800
406	800
406	800
406	800
406	800
406	800
406	800
406	800
406	800
406	800
406	800
407	800
407	800
407	800
407	800
407	800
407	800
407	800
407	800
407	800
407	800
408	800
408	800
408	800
408	800
408	800
408	800
408	800
408	800
408	800
408	800
409	800
409	800
409	800
409	800
409	800
409	800
409	800
409	800
409	800
409	800
410	800
410	800
410	800
410	800
410	800
410	800
410	800
410	800
410	800
410	800
411	800
411	800
411	800
411	800
411	800
411	800
411	800
411	800
411	800
411	800
412	800
412	800
412	800
412	800
412	800
412	800
412	800
412	800
412	800
412	800
413	800
413	800
413	800
413	800
413	800
413	800
413	800
413	800
413	800
413	800
414	800
414	800
414	800
414	800
414	800
414	800
414	800
414	800
414	800
414	800
415	800
415	800
415	800
415	800
415	800
415	800
415	800
415	800
415	800
415	800
416	800
416	800
416	800
416	800
416	800
416	800
416	800
416	800
416	800
416	800
417	800
417	800
417	800
417	800
417	800
417	800
417	800
417	800
417	800
417	800
418	800
418	800
418	800
418	800
418	800
418	800
418	800
418	800
418	800
418	800
419	800
419	800
419	800
419	800
419	800
419	800
419	800
419	800
419	800
419	800
420	800
420	800
420	800
420	800
420	800
420	800
420	800
420	800
420	800
420	800
421	800
421	800
421	800
421	800
421	800
421	800
421	800
421	800
421	800
421	800
422	800
422	800
422	800
422	800
422	800
422	800
422	800
422	800
422	800
422	800
423	800
423	800
423	800
423	800
423	800
423	800
423	800
423	800
423	800
423	800
424	800
424	800
424	800
424	800
424	800
424	800
424	800
424	800
424	800
424	800
425	800
425	800
425	800
425	800
425	800
425	800
425	800
425	800
425	800
425	800
426	800
426	800
426	800
426	800
426	800
426	800
426	800
426	800
426	800
426	800
427	800
427	800
427	800
427	800
427	800
427	800
427	800
427	800
427	800
427	800
428	800
428	800
428	800
428	800
428	800
428	800
428	800
428	800
428	800
428	800
429	800
429	800
429	800
429	800
429	800
429	800
429	800
429	800
429	800
429	800
430	800
430	800
430	800
430	800
430	800
430	800
430	800
430	800
430	800
430	800
431	800
431	800
431	800
431	800
431	800
431	800
431	800
431	800
431	800
431	800
432	800
432	800
432	800
432	800
432	800
432	800
432	800
432	800
432	800
432	800
433	800
433	800
433	800
433	800
433	800
433	800
433	800
433	800
433	800
433	800
434	800
434	800
434	800
434	800
434	800
434	800
434	800
434	800
434	800
434	800
435	800
435	800
435	800
435	800
435	800
435	800
435	800
435	800
435	800
435	800
436	800
436	800
436	800
436	800
436	800
436	800
436	800
436	800
436	800
436	800
437	800
437	800
437	800
437	800
437	800
437	800
437	800
437	800
437	800
437	800
438	800
438	800
438	800
438	800
438	800
438	800
438	800
438	800
438	800
438	800
439	800
439	800
439	800
439	800
439	800
439	800
439	800
439	800
439	800
439	800
440	800
440	800
440	800
440	800
440	800
440	800
440	800
440	800
440	800
440	800
441	800
441	800
441	800
441	800
441	800
441	800
441	800
441	800
441	800
441	800
442	800
442	800
442	800
442	800
442	800
442	800
442	800
442	800
442	800
442	800
443	800
443	800
443	800
443	800
443	800
443	800
443	800
443	800
443	800
443	800
444	800
444	800
444	800
444	800
444	800
444	800
444	800
444	800
444	800
444	800
445	800
445	800
445	800
445	800
445	800
445	800
445	800
445	800
445	800
445	800
446	800
446	800
446	800
446	800
446	800
446	800
446	800
446	800
446	800
446	800
447	800
447	800
447	800
447	800
447	800
447	800
447	800
447	800
447	800
447	800
448	800
448	800
448	800
448	800
448	800
448	800
448	800
448	800
448	800
448	800
449	800
449	800
449	800
449	800
449	800
449	800
449	800
449	800
449	800
449	800
450	800
450	800
450	800
450	800
450	800
450	800
450	800
450	800
450	800
450	800
451	800
451	800
451	800
451	800
451	800
451	800
451	800
451	800
451	800
451	800
452	800
452	800
452	800
452	800
452	800
452	800
452	800
452	800
452	800
452	800
453	800
453	800
453	800
453	800
453	800
453	800
453	800
453	800
453	800
453	800
454	800
454	800
454	800
454	800
454	800
454	800
454	800
454	800
454	800
454	800
455	800
455	800
455	800
455	800
455	800
455	800
455	800
455	800
455	800
455	800
456	800
456	800
456	800
456	800
456	800
456	800
456	800
456	800
456	800
456	800
457	800
457	800
457	800
457	800
457	800
457	800
457	800
457	800
457	800
457	800
458	800
458	800
458	800
458	800
458	800
458	800
458	800
458	800
458	800
458	800
459	800
459	800
459	800
459	800
459	800
459	800
459	800
459	800
459	800
459	800
460	800
460	800
460	800
460	800
460	800
460	800
460	800
460	800
460	800
460	800
461	800
461	800
461	800
461	800
461	800
461	800
461	800
461	800
461	800
461	800
462	800
462	800
462	800
462	800
462	800
462	800
462	800
462	800
462	800
462	800
463	800
463	800
463	800
463	800
463	800
463	800
463	800
463	800
463	800
463	800
464	800
464	800
464	800
464	800
464	800
464	800
464	800
464	800
464	800
464	800
465	800
465	800
465	800
465	800
465	800
465	800
465	800
465	800
465	800
465	800
466	800
466	800
466	800
466	800
466	800
466	800
466	800
466	800
466	800
466	800
467	800
467	800
467	800
467	800
467	800
467	800
467	800
467	800
467	800
467	800
468	800
468	800
468	800
468	800
468	800
468	800
468	800
468	800
468	800
468	800
469	800
469	800
469	800
469	800
469	800
469	800
469	800
469	800
469	800
469	800
470	800
470	800
470	800
470	800
470	800
470	800
470	800
470	800
470	800
470	800
471	800
471	800
471	800
471	800
471	800
471	800
471	800
471	800
471	800
471	800
472	800
472	800
472	800
472	800
472	800
472	800
472	800
472	800
472	800
472	800
473	800
473	800
473	800
473	800
473	800
473	800
473	800
473	800
473	800
473	800
474	800
474	800
474	800
474	800
474	800
474	800
474	800
474	800
474	800
474	800
475	800
475	800
475	800
475	800
475	800
475	800
475	800
475	800
475	800
475	800
476	800
476	800
476	800
476	800
476	800
476	800
476	800
476	800
476	800
476	800
477	800
477	800
477	800
477	800
477	800
477	800
477	800
477	800
477	800
477	800
478	800
478	800
478	800
478	800
478	800
478	800
478	800
478	800
478	800
478	800
479	800
479	800
479	800
479	800
479	800
479	800
479	800
479	800
479	800
479	800
480	800
480	800
480	800
480	800
480	800
480	800
480	800
480	800
480	800
480	800
481	800
481	800
481	800
481	800
481	800
481	800
481	800
481	800
481	800
481	800
482	800
482	800
482	800
482	800
482	800
482	800
482	800
482	800
482	800
482	800
483	800
483	800
483	800
483	800
483	800
483	800
483	800
483	800
483	800
483	800
484	800
484	800
484	800
484	800
484	800
484	800
484	800
484	800
484	800
484	800
485	800
485	800
485	800
485	800
485	800
485	800
485	800
485	800
485	800
485	800
486	800
486	800
486	800
486	800
486	800
486	800
486	800
486	800
486	800
486	800
487	800
487	800
487	800
487	800
487	800
487	800
487	800
487	800
487	800
487	800
488	800
488	800
488	800
488	800
488	800
488	800
488	800
488	800
488	800
488	800
489	800
489	800
489	800
489	800
489	800
489	800
489	800
489	800
489	800
489	800
490	800
490	800
490	800
490	800
490	800
490	800
490	800
490	800
490	800
490	800
491	800
491	800
491	800
491	800
491	800
491	800
491	800
491	800
491	800
491	800
492	800
492	800
492	800
492	800
492	800
492	800
492	800
492	800
492	800
492	800
493	800
493	800
493	800
493	800
493	800
493	800
493	800
493	800
493	800
493	800
494	800
494	800
494	800
494	800
494	800
494	800
494	800
494	800
494	800
494	800
495	800
495	800
495	800
495	800
495	800
495	800
495	800
495	800
495	800
495	800
496	800
496	800
496	800
496	800
496	800
496	800
496	800
496	800
496	800
496	800
497	800
497	800
497	800
497	800
497	800
497	800
497	800
497	800
497	800
497	800
498	800
498	800
498	800
498	800
498	800
498	800
498	800
498	800
498	800
498	800
499	800
499	800
499	800
499	800
499	800
499	800
499	800
499	800
499	800
499	800
500	800
500	800
500	800
500	800
500	800
500	800
500	800
500	800
500	800
500	800
501	800
501	800
501	800
501	800
501	800
501	800
501	800
501	800
501	800
501	800
502	800
502	800
502	800
502	800
502	800
502	800
502	800
502	800
502	800
502	800
503	800
503	800
503	800
503	800
503	800
503	800
503	800
503	800
503	800
503	800
504	800
504	800
504	800
504	800
504	800
504	800
504	800
504	800
504	800
504	800
505	800
505	800
505	800
505	800
505	800
505	800
505	800
505	800
505	800
505	800
506	800
506	800
506	800
506	800
506	800
506	800
506	800
506	800
506	800
506	800
507	800
507	800
507	800
507	800
507	800
507	800
507	800
507	800
507	800
507	800
508	800
508	800
508	800
508	800
508	800
508	800
508	800
508	800
508	800
508	800
509	800
509	800
509	800
509	800
509	800
509	800
509	800
509	800
509	800
509	800
510	800
510	800
510	800
510	800
510	800
510	800
510	800
510	800
510	800
510	800
511	800
511	800
511	800
511	800
511	800
511	800
511	800
511	800
511	800
511	800
512	800
512	800
512	800
512	800
512	800
512	800
512	800
512	800
512	800
512	800
513	800
513	800
513	800
513	800
513	800
513	800
513	800
513	800
513	800
513	800
514	800
514	800
514	800
514	800
514	800
514	800
514	800
514	800
514	800
514	800
515	800
515	800
515	800
515	800
515	800
515	800
515	800
515	800
515	800
515	800
516	800
516	800
516	800
516	800
516	800
516	800
516	800
516	800
516	800
516	800
517	800
517	800
517	800
517	800
517	800
517	800
517	800
517	800
517	800
517	800
518	800
518	800
518	800
518	800
518	800
518	800
518	800
518	800
518	800
518	800
519	800
519	800
519	800
519	800
519	800
519	800
519	800
519	800
519	800
519	800
520	800
520	800
520	800
520	800
520	800
520	800
520	800
520	800
520	800
520	800
521	800
521	800
521	800
521	800
521	800
521	800
521	800
521	800
521	800
521	800
522	800
522	800
522	800
522	800
522	800
522	800
522	800
522	800
522	800
522	800
523	800
523	800
523	800
523	800
523	800
523	800
523	800
523	800
523	800
523	800
524	800
524	800
524	800
524	800
524	800
524	800
524	800
524	800
524	800
524	800
525	800
525	800
525	800
525	800
525	800
525	800
525	800
525	800
525	800
525	800
526	800
526	800
526	800
526	800
526	800
526	800
526	800
526	800
526	800
526	800
527	800
527	800
527	800
527	800
527	800
527	800
527	800
527	800
527	800
527	800
528	800
528	800
528	800
528	800
528	800
528	800
528	800
528	800
528	800
528	800
529	800
529	800
529	800
529	800
529	800
529	800
529	800
529	800
529	800
529	800
530	800
530	800
530	800
530	800
530	800
530	800
530	800
530	800
530	800
530	800
531	800
531	800
531	800
531	800
531	800
531	800
531	800
531	800
531	800
531	800
532	800
532	800
532	800
532	800
532	800
532	800
532	800
532	800
532	800
532	800
533	800
533	800
533	800
533	800
533	800
533	800
533	800
533	800
533	800
533	800
534	800
534	800
534	800
534	800
534	800
534	800
534	800
534	800
534	800
534	800
535	800
535	800
535	800
535	800
535	800
535	800
535	800
535	800
535	800
535	800
536	800
536	800
536	800
536	800
536	800
536	800
536	800
536	800
536	800
536	800
537	800
537	800
537	800
537	800
537	800
537	800
537	800
537	800
537	800
537	800
538	800
538	800
538	800
538	800
538	800
538	800
538	800
538	800
538	800
538	800
539	800
539	800
539	800
539	800
539	800
539	800
539	800
539	800
539	800
539	800
540	800
540	800
540	800
540	800
540	800
540	800
540	800
540	800
540	800
540	800
541	800
541	800
541	800
541	800
541	800
541	800
541	800
541	800
541	800
541	800
542	800
542	800
542	800
542	800
542	800
542	800
542	800
542	800
542	800
542	800
543	800
543	800
543	800
543	800
543	800
543	800
543	800
543	800
543	800
543	800
544	800
544	800
544	800
544	800
544	800
544	800
544	800
544	800
544	800
544	800
545	800
545	800
545	800
545	800
545	800
545	800
545	800
545	800
545	800
545	800
546	800
546	800
546	800
546	800
546	800
546	800
546	800
546	800
546	800
546	800
547	800
547	800
547	800
547	800
547	800
547	800
547	800
547	800
547	800
547	800
548	800
548	800
548	800
548	800
548	800
548	800
548	800
548	800
548	800
548	800
549	800
549	800
549	800
549	800
549	800
549	800
549	800
549	800
549	800
549	800
550	800
550	800
550	800
550	800
550	800
550	800
550	800
550	800
550	800
550	800
551	800
551	800
551	800
551	800
551	800
551	800
551	800
551	800
551	800
551	800
552	800
552	800
552	800
552	800
552	800
552	800
552	800
552	800
552	800
552	800
553	800
553	800
553	800
553	800
553	800
553	800
553	800
553	800
553	800
553	800
554	800
554	800
554	800
554	800
554	800
554	800
554	800
554	800
554	800
554	800
555	800
555	800
555	800
555	800
555	800
555	800
555	800
555	800
555	800
555	800
556	800
556	800
556	800
556	800
556	800
556	800
556	800
556	800
556	800
556	800
557	800
557	800
557	800
557	800
557	800
557	800
557	800
557	800
557	800
557	800
558	800
558	800
558	800
558	800
558	800
558	800
558	800
558	800
558	800
558	800
559	800
559	800
559	800
559	800
559	800
559	800
559	800
559	800
559	800
559	800
560	800
560	800
560	800
560	800
560	800
560	800
560	800
560	800
560	800
560	800
561	800
561	800
561	800
561	800
561	800
561	800
561	800
561	800
561	800
561	800
562	800
562	800
562	800
562	800
562	800
562	800
562	800
562	800
562	800
562	800
563	800
563	800
563	800
563	800
563	800
563	800
563	800
563	800
563	800
563	800
564	800
564	800
564	800
564	800
564	800
564	800
564	800
564	800
564	800
564	800
565	800
565	800
565	800
565	800
565	800
565	800
565	800
565	800
565	800
565	800
566	800
566	800
566	800
566	800
566	800
566	800
566	800
566	800
566	800
566	800
567	800
567	800
567	800
567	800
567	800
567	800
567	800
567	800
567	800
567	800
568	800
568	800
568	800
568	800
568	800
568	800
568	800
568	800
568	800
568	800
569	800
569	800
569	800
569	800
569	800
569	800
569	800
569	800
569	800
569	800
570	800
570	800
570	800
570	800
570	800
570	800
570	800
570	800
570	800
570	800
571	800
571	800
571	800
571	800
571	800
571	800
571	800
571	800
571	800
571	800
572	800
572	800
572	800
572	800
572	800
572	800
572	800
572	800
572	800
572	800
573	800
573	800
573	800
573	800
573	800
573	800
573	800
573	800
573	800
573	800
574	800
574	800
574	800
574	800
574	800
574	800
574	800
574	800
574	800
574	800
575	800
575	800
575	800
575	800
575	800
575	800
575	800
575	800
575	800
575	800
576	800
576	800
576	800
576	800
576	800
576	800
576	800
576	800
576	800
576	800
577	800
577	800
577	800
577	800
577	800
577	800
577	800
577	800
577	800
577	800
578	800
578	800
578	800
578	800
578	800
578	800
578	800
578	800
578	800
578	800
579	800
579	800
579	800
579	800
579	800
579	800
579	800
579	800
579	800
579	800
580	800
580	800
580	800
580	800
580	800
580	800
580	800
580	800
580	800
580	800
581	800
581	800
581	800
581	800
581	800
581	800
581	800
581	800
581	800
581	800
582	800
582	800
582	800
582	800
582	800
582	800
582	800
582	800
582	800
582	800
583	800
583	800
583	800
583	800
583	800
583	800
583	800
583	800
583	800
583	800
584	800
584	800
584	800
584	800
584	800
584	800
584	800
584	800
584	800
584	800
585	800
585	800
585	800
585	800
585	800
585	800
585	800
585	800
585	800
585	800
586	800
586	800
586	800
586	800
586	800
586	800
586	800
586	800
586	800
586	800
587	800
587	800
587	800
587	800
587	800
587	800
587	800
587	800
587	800
587	800
588	800
588	800
588	800
588	800
588	800
588	800
588	800
588	800
588	800
588	800
589	800
589	800
589	800
589	800
589	800
589	800
589	800
589	800
589	800
589	800
590	800
590	800
590	800
590	800
590	800
590	800
590	800
590	800
590	800
590	800
591	800
591	800
591	800
591	800
591	800
591	800
591	800
591	800
591	800
591	800
592	800
592	800
592	800
592	800
592	800
592	800
592	800
592	800
592	800
592	800
593	800
593	800
593	800
593	800
593	800
593	800
593	800
593	800
593	800
593	800
594	800
594	800
594	800
594	800
594	800
594	800
594	800
594	800
594	800
594	800
595	800
595	800
595	800
595	800
595	800
595	800
595	800
595	800
595	800
595	800
596	800
596	800
596	800
596	800
596	800
596	800
596	800
596	800
596	800
596	800
597	800
597	800
597	800
597	800
597	800
597	800
597	800
597	800
597	800
597	800
598	800
598	800
598	800
598	800
598	800
598	800
598	800
598	800
598	800
598	800
599	800
599	800
599	800
599	800
599	800
599	800
599	800
599	800
599	800
599	800
600	800
600	800
600	800
600	800
600	800
600	800
600	800
600	800
600	800
600	800
601	800
601	800
601	800
601	800
601	800
601	800
601	800
601	800
601	800
601	800
602	800
602	800
602	800
602	800
602	800
602	800
602	800
602	800
602	800
602	800
603	800
603	800
603	800
603	800
603	800
603	800
603	800
603	800
603	800
603	800
604	800
604	800
604	800
604	800
604	800
604	800
604	800
604	800
604	800
604	800
605	800
605	800
605	800
605	800
605	800
605	800
605	800
605	800
605	800
605	800
606	800
606	800
606	800
606	800
606	800
606	800
606	800
606	800
606	800
606	800
607	800
607	800
607	800
607	800
607	800
607	800
607	800
607	800
607	800
607	800
608	800
608	800
608	800
608	800
608	800
608	800
608	800
608	800
608	800
608	800
609	800
609	800
609	800
609	800
609	800
609	800
609	800
609	800
609	800
609	800
610	800
610	800
610	800
610	800
610	800
610	800
610	800
610	800
610	800
610	800
611	800
611	800
611	800
611	800
611	800
611	800
611	800
611	800
611	800
611	800
612	800
612	800
612	800
612	800
612	800
612	800
612	800
612	800
612	800
612	800
613	800
613	800
613	800
613	800
613	800
613	800
613	800
613	800
613	800
613	800
614	800
614	800
614	800
614	800
614	800
614	800
614	800
614	800
614	800
614	800
615	800
615	800
615	800
615	800
615	800
615	800
615	800
615	800
615	800
615	800
616	800
616	800
616	800
616	800
616	800
616	800
616	800
616	800
616	800
616	800
617	800
617	800
617	800
617	800
617	800
617	800
617	800
617	800
617	800
617	800
618	800
618	800
618	800
618	800
618	800
618	800
618	800
618	800
618	800
618	800
619	800
619	800
619	800
619	800
619	800
619	800
619	800
619	800
619	800
619	800
620	800
620	800
620	800
620	800
620	800
620	800
620	800
620	800
620	800
620	800
621	800
621	800
621	800
621	800
621	800
621	800
621	800
621	800
621	800
621	800
622	800
622	800
622	800
622	800
622	800
622	800
622	800
622	800
622	800
622	800
623	800
623	800
623	800
623	800
623	800
623	800
623	800
623	800
623	800
623	800
624	800
624	800
624	800
624	800
624	800
624	800
624	800
624	800
624	800
624	800
625	800
625	800
625	800
625	800
625	800
625	800
625	800
625	800
625	800
625	800
626	800
626	800
626	800
626	800
626	800
626	800
626	800
626	800
626	800
626	800
627	800
627	800
627	800
627	800
627	800
627	800
627	800
627	800
627	800
627	800
628	800
628	800
628	800
628	800
628	800
628	800
628	800
628	800
628	800
628	800
629	800
629	800
629	800
629	800
629	800
629	800
629	800
629	800
629	800
629	800
630	800
630	800
630	800
630	800
630	800
630	800
630	800
630	800
630	800
630	800
631	800
631	800
631	800
631	800
631	800
631	800
631	800
631	800
631	800
631	800
632	800
632	800
632	800
632	800
632	800
632	800
632	800
632	800
632	800
632	800
633	800
633	800
633	800
633	800
633	800
633	800
633	800
633	800
633	800
633	800
634	800
634	800
634	800
634	800
634	800
634	800
634	800
634	800
634	800
634	800
635	800
635	800
635	800
635	800
635	800
635	800
635	800
635	800
635	800
635	800
636	800
636	800
636	800
636	800
636	800
636	800
636	800
636	800
636	800
636	800
637	800
637	800
637	800
637	800
637	800
637	800
637	800
637	800
637	800
637	800
638	800
638	800
638	800
638	800
638	800
638	800
638	800
638	800
638	800
638	800
639	800
639	800
639	800
639	800
639	800
639	800
639	800
639	800
639	800
639	800
640	800
640	800
640	800
640	800
640	800
640	800
640	800
640	800
640	800
640	800
641	800
641	800
641	800
641	800
641	800
641	800
641	800
641	800
641	800
641	800
642	800
642	800
642	800
642	800
642	800
642	800
642	800
642	800
642	800
642	800
643	800
643	800
643	800
643	800
643	800
643	800
643	800
643	800
643	800
643	800
644	800
644	800
644	800
644	800
644	800
644	800
644	800
644	800
644	800
644	800
645	800
645	800
645	800
645	800
645	800
645	800
645	800
645	800
645	800
645	800
646	800
646	800
646	800
646	800
646	800
646	800
646	800
646	800
646	800
646	800
647	800
647	800
647	800
647	800
647	800
647	800
647	800
647	800
647	800
647	800
648	800
648	800
648	800
648	800
648	800
648	800
648	800
648	800
648	800
648	800
649	800
649	800
649	800
649	800
649	800
649	800
649	800
649	800
649	800
649	800
650	800
650	800
650	800
650	800
650	800
650	800
650	800
650	800
650	800
650	800
651	800
651	800
651	800
651	800
651	800
651	800
651	800
651	800
651	800
651	800
652	800
652	800
652	800
652	800
652	800
652	800
652	800
652	800
652	800
652	800
653	800
653	800
653	800
653	800
653	800
653	800
653	800
653	800
653	800
653	800
654	800
654	800
654	800
654	800
654	800
654	800
654	800
654	800
654	800
654	800
655	800
655	800
655	800
655	800
655	800
655	800
655	800
655	800
655	800
655	800
656	800
656	800
656	800
656	800
656	800
656	800
656	800
656	800
656	800
656	800
657	800
657	800
657	800
657	800
657	800
657	800
657	800
657	800
657	800
657	800
658	800
658	800
658	800
658	800
658	800
658	800
658	800
658	800
658	800
658	800
659	800
659	800
659	800
659	800
659	800
659	800
659	800
659	800
659	800
659	800
660	800
660	800
660	800
660	800
660	800
660	800
660	800
660	800
660	800
660	800
661	800
661	800
661	800
661	800
661	800
661	800
661	800
661	800
661	800
661	800
662	800
662	800
662	800
662	800
662	800
662	800
662	800
662	800
662	800
662	800
663	800
663	800
663	800
663	800
663	800
663	800
663	800
663	800
663	800
663	800
664	800
664	800
664	800
664	800
664	800
664	800
664	800
664	800
664	800
664	800
665	800
665	800
665	800
665	800
665	800
665	800
665	800
665	800
665	800
665	800
666	800
666	800
666	800
666	800
666	800
666	800
666	800
666	800
666	800
666	800
667	800
667	800
667	800
667	800
667	800
667	800
667	800
667	800
667	800
667	800
668	800
668	800
668	800
668	800
668	800
668	800
668	800
668	800
668	800
668	800
669	800
669	800
669	800
669	800
669	800
669	800
669	800
669	800
669	800
669	800
670	800
670	800
670	800
670	800
670	800
670	800
670	800
670	800
670	800
670	800
671	800
671	800
671	800
671	800
671	800
671	800
671	800
671	800
671	800
671	800
672	800
672	800
672	800
672	800
672	800
672	800
672	800
672	800
672	800
672	800
673	800
673	800
673	800
673	800
673	800
673	800
673	800
673	800
673	800
673	800
674	800
674	800
674	800
674	800
674	800
674	800
674	800
674	800
674	800
674	800
675	800
675	800
675	800
675	800
675	800
675	800
675	800
675	800
675	800
675	800
676	800
676	800
676	800
676	800
676	800
676	800
676	800
676	800
676	800
676	800
677	800
677	800
677	800
677	800
677	800
677	800
677	800
677	800
677	800
677	800
678	800
678	800
678	800
678	800
678	800
678	800
678	800
678	800
678	800
678	800
679	800
679	800
679	800
679	800
679	800
679	800
679	800
679	800
679	800
679	800
680	800
680	800
680	800
680	800
680	800
680	800
680	800
680	800
680	800
680	800
681	800
681	800
681	800
681	800
681	800
681	800
681	800
681	800
681	800
681	800
682	800
682	800
682	800
682	800
682	800
682	800
682	800
682	800
682	800
682	800
683	800
683	800
683	800
683	800
683	800
683	800
683	800
683	800
683	800
683	800
684	800
684	800
684	800
684	800
684	800
684	800
684	800
684	800
684	800
684	800
685	800
685	800
685	800
685	800
685	800
685	800
685	800
685	800
685	800
685	800
686	800
686	800
686	800
686	800
686	800
686	800
686	800
686	800
686	800
686	800
687	800
687	800
687	800
687	800
687	800
687	800
687	800
687	800
687	800
687	800
688	800
688	800
688	800
688	800
688	800
688	800
688	800
688	800
688	800
688	800
689	800
689	800
689	800
689	800
689	800
689	800
689	800
689	800
689	800
689	800
690	800
690	800
690	800
690	800
690	800
690	800
690	800
690	800
690	800
690	800
691	800
691	800
691	800
691	800
691	800
691	800
691	800
691	800
691	800
691	800
692	800
692	800
692	800
692	800
692	800
692	800
692	800
692	800
692	800
692	800
693	800
693	800
693	800
693	800
693	800
693	800
693	800
693	800
693	800
693	800
694	800
694	800
694	800
694	800
694	800
694	800
694	800
694	800
694	800
694	800
695	800
695	800
695	800
695	800
695	800
695	800
695	800
695	800
695	800
695	800
696	800
696	800
696	800
696	800
696	800
696	800
696	800
696	800
696	800
696	800
697	800
697	800
697	800
697	800
697	800
697	800
697	800
697	800
697	800
697	800
698	800
698	800
698	800
698	800
698	800
698	800
698	800
698	800
698	800
698	800
699	800
699	800
699	800
699	800
699	800
699	800
699	800
699	800
699	800
699	800
700	800
700	800
700	800
700	800
700	800
700	800
700	800
700	800
700	800
700	800
701	800
701	800
701	800
701	800
701	800
701	800
701	800
701	800
701	800
701	800
702	800
702	800
702	800
702	800
702	800
702	800
702	800
702	800
702	800
702	800
703	800
703	800
703	800
703	800
703	800
703	800
703	800
703	800
703	800
703	800
704	800
704	800
704	800
704	800
704	800
704	800
704	800
704	800
704	800
704	800
705	800
705	800
705	800
705	800
705	800
705	800
705	800
705	800
705	800
705	800
706	800
706	800
706	800
706	800
706	800
706	800
706	800
706	800
706	800
706	800
707	800
707	800
707	800
707	800
707	800
707	800
707	800
707	800
707	800
707	800
708	800
708	800
708	800
708	800
708	800
708	800
708	800
708	800
708	800
708	800
709	800
709	800
709	800
709	800
709	800
709	800
709	800
709	800
709	800
709	800
710	800
710	800
710	800
710	800
710	800
710	800
710	800
710	800
710	800
710	800
711	800
711	800
711	800
711	800
711	800
711	800
711	800
711	800
711	800
711	800
712	800
712	800
712	800
712	800
712	800
712	800
712	800
712	800
712	800
712	800
713	800
713	800
713	800
713	800
713	800
713	800
713	800
713	800
713	800
713	800
714	800
714	800
714	800
714	800
714	800
714	800
714	800
714	800
714	800
714	800
715	800
715	800
715	800
715	800
715	800
715	800
715	800
715	800
715	800
715	800
716	800
716	800
716	800
716	800
716	800
716	800
716	800
716	800
716	800
716	800
717	800
717	800
717	800
717	800
717	800
717	800
717	800
717	800
717	800
717	800
718	800
718	800
718	800
718	800
718	800
718	800
718	800
718	800
718	800
718	800
719	800
719	800
719	800
719	800
719	800
719	800
719	800
719	800
719	800
719	800
720	800
720	800
720	800
720	800
720	800
720	800
720	800
720	800
720	800
720	800
721	800
721	800
721	800
721	800
721	800
721	800
721	800
721	800
721	800
721	800
722	800
722	800
722	800
722	800
722	800
722	800
722	800
722	800
722	800
722	800
723	800
723	800
723	800
723	800
723	800
723	800
723	800
723	800
723	800
723	800
724	800
724	800
724	800
724	800
724	800
724	800
724	800
724	800
724	800
724	800
725	800
725	800
725	800
725	800
725	800
725	800
725	800
725	800
725	800
725	800
726	800
726	800
726	800
726	800
726	800
726	800
726	800
726	800
726	800
726	800
727	800
727	800
727	800
727	800
727	800
727	800
727	800
727	800
727	800
727	800
728	800
728	800
728	800
728	800
728	800
728	800
728	800
728	800
728	800
728	800
729	800
729	800
729	800
729	800
729	800
729	800
729	800
729	800
729	800
729	800
730	800
730	800
730	800
730	800
730	800
730	800
730	800
730	800
730	800
730	800
731	800
731	800
731	800
731	800
731	800
731	800
731	800
731	800
731	800
731	800
732	800
732	800
732	800
732	800
732	800
732	800
732	800
732	800
732	800
732	800
733	800
733	800
733	800
733	800
733	800
733	800
733	800
733	800
733	800
733	800
734	800
734	800
734	800
734	800
734	800
734	800
734	800
734	800
734	800
734	800
735	800
735	800
735	800
735	800
735	800
735	800
735	800
735	800
735	800
735	800
736	800
736	800
736	800
736	800
736	800
736	800
736	800
736	800
736	800
736	800
737	800
737	800
737	800
737	800
737	800
737	800
737	800
737	800
737	800
737	800
738	800
738	800
738	800
738	800
738	800
738	800
738	800
738	800
738	800
738	800
739	800
739	800
739	800
739	800
739	800
739	800
739	800
739	800
739	800
739	800
740	800
740	800
740	800
740	800
740	800
740	800
740	800
740	800
740	800
740	800
741	800
741	800
741	800
741	800
741	800
741	800
741	800
741	800
741	800
741	800
742	800
742	800
742	800
742	800
742	800
742	800
742	800
742	800
742	800
742	800
743	800
743	800
743	800
743	800
743	800
743	800
743	800
743	800
743	800
743	800
744	800
744	800
744	800
744	800
744	800
744	800
744	800
744	800
744	800
744	800
745	800
745	800
745	800
745	800
745	800
745	800
745	800
745	800
745	800
745	800
746	800
746	800
746	800
746	800
746	800
746	800
746	800
746	800
746	800
746	800
747	800
747	800
747	800
747	800
747	800
747	800
747	800
747	800
747	800
747	800
748	800
748	800
748	800
748	800
748	800
748	800
748	800
748	800
748	800
748	800
749	800
749	800
749	800
749	800
749	800
749	800
749	800
749	800
749	800
749	800
750	800
750	800
750	800
750	800
750	800
750	800
750	800
750	800
750	800
750	800
751	800
751	800
751	800
751	800
751	800
751	800
751	800
751	800
751	800
751	800
752	800
752	800
752	800
752	800
752	800
752	800
752	800
752	800
752	800
752	800
753	800
753	800
753	800
753	800
753	800
753	800
753	800
753	800
753	800
753	800
754	800
754	800
754	800
754	800
754	800
754	800
754	800
754	800
754	800
754	800
755	800
755	800
755	800
755	800
755	800
755	800
755	800
755	800
755	800
755	800
756	800
756	800
756	800
756	800
756	800
756	800
756	800
756	800
756	800
756	800
757	800
757	800
757	800
757	800
757	800
757	800
757	800
757	800
757	800
757	800
758	800
758	800
758	800
758	800
758	800
758	800
758	800
758	800
758	800
758	800
759	800
759	800
759	800
759	800
759	800
759	800
759	800
759	800
759	800
759	800
760	800
760	800
760	800
760	800
760	800
760	800
760	800
760	800
760	800
760	800
761	800
761	800
761	800
761	800
761	800
761	800
761	800
761	800
761	800
761	800
762	800
762	800
762	800
762	800
762	800
762	800
762	800
762	800
762	800
762	800
763	800
763	800
763	800
763	800
763	800
763	800
763	800
763	800
763	800
763	800
764	800
764	800
764	800
764	800
764	800
764	800
764	800
764	800
764	800
764	800
765	800
765	800
765	800
765	800
765	800
765	800
765	800
765	800
765	800
765	800
766	800
766	800
766	800
766	800
766	800
766	800
766	800
766	800
766	800
766	800
767	800
767	800
767	800
767	800
767	800
767	800
767	800
767	800
767	800
767	800
768	800
768	800
768	800
768	800
768	800
768	800
768	800
768	800
768	800
768	800
769	800
769	800
769	800
769	800
769	800
769	800
769	800
769	800
769	800
769	800
770	800
770	800
770	800
770	800
770	800
770	800
770	800
770	800
770	800
770	800
771	800
771	800
771	800
771	800
771	800
771	800
771	800
771	800
771	800
771	800
772	800
772	800
772	800
772	800
772	800
772	800
772	800
772	800
772	800
772	800
773	800
773	800
773	800
773	800
773	800
773	800
773	800
773	800
773	800
773	800
774	800
774	800
774	800
774	800
774	800
774	800
774	800
774	800
774	800
774	800
775	800
775	800
775	800
775	800
775	800
775	800
775	800
775	800
775	800
775	800
776	800
776	800
776	800
776	800
776	800
776	800
776	800
776	800
776	800
776	800
777	800
777	800
777	800
777	800
777	800
777	800
777	800
777	800
777	800
777	800
778	800
778	800
778	800
778	800
778	800
778	800
778	800
778	800
778	800
778	800
779	800
779	800
779	800
779	800
779	800
779	800
779	800
779	800
779	800
779	800
780	800
780	800
780	800
780	800
780	800
780	800
780	800
780	800
780	800
780	800
781	800
781	800
781	800
781	800
781	800
781	800
781	800
781	800
781	800
781	800
782	800
782	800
782	800
782	800
782	800
782	800
782	800
782	800
782	800
782	800
783	800
783	800
783	800
783	800
783	800
783	800
783	800
783	800
783	800
783	800
784	800
784	800
784	800
784	800
784	800
784	800
784	800
784	800
784	800
784	800
785	800
785	800
785	800
785	800
785	800
785	800
785	800
785	800
785	800
785	800
786	800
786	800
786	800
786	800
786	800
786	800
786	800
786	800
786	800
786	800
787	800
787	800
787	800
787	800
787	800
787	800
787	800
787	800
787	800
787	800
788	800
788	800
788	800
788	800
788	800
788	800
788	800
788	800
788	800
788	800
789	800
789	800
789	800
789	800
789	800
789	800
789	800
789	800
789	800
789	800
790	800
790	800
790	800
790	800
790	800
790	800
790	800
790	800
790	800
790	800
791	800
791	800
791	800
791	800
791	800
791	800
791	800
791	800
791	800
791	800
792	800
792	800
792	800
792	800
792	800
792	800
792	800
792	800
792	800
792	800
793	800
793	800
793	800
793	800
793	800
793	800
793	800
793	800
793	800
793	800
794	800
794	800
794	800
794	800
794	800
794	800
794	800
794	800
794	800
794	800
795	800
795	800
795	800
795	800
795	800
795	800
795	800
795	800
795	800
795	800
796	800
796	800
796	800
796	800
796	800
796	800
796	800
796	800
796	800
796	800
797	800
797	800
797	800
797	800
797	800
797	800
797	800
797	800
797	800
797	800
798	800
798	800
798	800
798	800
798	800
798	800
798	800
798	800
798	800
798	800
799	800
799	800
799	800
799	800
799	800
799	800
799	800
799	800
799	800
799	800
800	800
800	800
800	800
800	800
800	800
800	800
800	800
800	800
800	800
800	800
801	800
801	800
801	800
801	800
801	800
801	800
801	800
801	800
801	800
801	800
802	800
802	800
802	800
802	800
802	800
802	800
802	800
802	800
802	800
802	800
803	800
803	800
803	800
803	800
803	800
803	800
803	800
803	800
803	800
803	800
804	800
804	800
804	800
804	800
804	800
804	800
804	800
804	800
804	800
804	800
805	800
805	800
805	800
805	800
805	800
805	800
805	800
805	800
805	800
805	800
806	800
806	800
806	800
806	800
806	800
806	800
806	800
806	800
806	800
806	800
807	800
807	800
807	800
807	800
807	800
807	800
807	800
807	800
807	800
807	800
808	800
808	800
808	800
808	800
808	800
808	800
808	800
808	800
808	800
808	800
809	800
809	800
809	800
809	800
809	800
809	800
809	800
809	800
809	800
809	800
810	800
810	800
810	800
810	800
810	800
810	800
810	800
810	800
810	800
810	800
811	800
811	800
811	800
811	800
811	800
811	800
811	800
811	800
811	800
811	800
812	800
812	800
812	800
812	800
812	800
812	800
812	800
812	800
812	800
812	800
813	800
813	800
813	800
813	800
813	800
813	800
813	800
813	800
813	800
813	800
814	800
814	800
814	800
814	800
814	800
814	800
814	800
814	800
814	800
814	800
815	800
815	800
815	800
815	800
815	800
815	800
815	800
815	800
815	800
815	800
816	800
816	800
816	800
816	800
816	800
816	800
816	800
816	800
816	800
816	800
817	800
817	800
817	800
817	800
817	800
817	800
817	800
817	800
817	800
817	800
818	800
818	800
818	800
818	800
818	800
818	800
818	800
818	800
818	800
818	800
819	800
819	800
819	800
819	800
819	800
819	800
819	800
819	800
819	800
819	800
820	800
820	800
820	800
820	800
820	800
820	800
820	800
820	800
820	800
820	800
821	800
821	800
821	800
821	800
821	800
821	800
821	800
821	800
821	800
821	800
822	800
822	800
822	800
822	800
822	800
822	800
822	800
822	800
822	800
822	800
823	800
823	800
823	800
823	800
823	800
823	800
823	800
823	800
823	800
823	800
824	800
824	800
824	800
824	800
824	800
824	800
824	800
824	800
824	800
824	800
825	800
825	800
825	800
825	800
825	800
825	800
825	800
825	800
825	800
825	800
826	800
826	800
826	800
826	800
826	800
826	800
826	800
826	800
826	800
826	800
827	800
827	800
827	800
827	800
827	800
827	800
827	800
827	800
827	800
827	800
828	800
828	800
828	800
828	800
828	800
828	800
828	800
828	800
828	800
828	800
829	800
829	800
829	800
829	800
829	800
829	800
829	800
829	800
829	800
829	800
830	800
830	800
830	800
830	800
830	800
830	800
830	800
830	800
830	800
830	800
831	800
831	800
831	800
831	800
831	800
831	800
831	800
831	800
831	800
831	800
832	800
832	800
832	800
832	800
832	800
832	800
832	800
832	800
832	800
832	800
833	800
833	800
833	800
833	800
833	800
833	800
833	800
833	800
833	800
833	800
834	800
834	800
834	800
834	800
834	800
834	800
834	800
834	800
834	800
834	800
835	800
835	800
835	800
835	800
835	800
835	800
835	800
835	800
835	800
835	800
836	800
836	800
836	800
836	800
836	800
836	800
836	800
836	800
836	800
836	800
837	800
837	800
837	800
837	800
837	800
837	800
837	800
837	800
837	800
837	800
838	800
838	800
838	800
838	800
838	800
838	800
838	800
838	800
838	800
838	800
839	800
839	800
839	800
839	800
839	800
839	800
839	800
839	800
839	800
839	800
840	800
840	800
840	800
840	800
840	800
840	800
840	800
840	800
840	800
840	800
841	800
841	800
841	800
841	800
841	800
841	800
841	800
841	800
841	800
841	800
842	800
842	800
842	800
842	800
842	800
842	800
842	800
842	800
842	800
842	800
843	800
843	800
843	800
843	800
843	800
843	800
843	800
843	800
843	800
843	800
844	800
844	800
844	800
844	800
844	800
844	800
844	800
844	800
844	800
844	800
845	800
845	800
845	800
845	800
845	800
845	800
845	800
845	800
845	800
845	800
846	800
846	800
846	800
846	800
846	800
846	800
846	800
846	800
846	800
846	800
847	800
847	800
847	800
847	800
847	800
847	800
847	800
847	800
847	800
847	800
848	800
848	800
848	800
848	800
848	800
848	800
848	800
848	800
848	800
848	800
849	800
849	800
849	800
849	800
849	800
849	800
849	800
849	800
849	800
849	800
850	800
850	800
850	800
850	800
850	800
850	800
850	800
850	800
850	800
850	800
851	800
851	800
851	800
851	800
851	800
851	800
851	800
851	800
851	800
851	800
852	800
852	800
852	800
852	800
852	800
852	800
852	800
852	800
852	800
852	800
853	800
853	800
853	800
853	800
853	800
853	800
853	800
853	800
853	800
853	800
854	800
854	800
854	800
854	800
854	800
854	800
854	800
854	800
854	800
854	800
855	800
855	800
855	800
855	800
855	800
855	800
855	800
855	800
855	800
855	800
856	800
856	800
856	800
856	800
856	800
856	800
856	800
856	800
856	800
856	800
857	800
857	800
857	800
857	800
857	800
857	800
857	800
857	800
857	800
857	800
858	800
858	800
858	800
858	800
858	800
858	800
858	800
858	800
858	800
858	800
859	800
859	800
859	800
859	800
859	800
859	800
859	800
859	800
859	800
859	800
860	800
860	800
860	800
860	800
860	800
860	800
860	800
860	800
860	800
860	800
861	800
861	800
861	800
861	800
861	800
861	800
861	800
861	800
861	800
861	800
862	800
862	800
862	800
862	800
862	800
862	800
862	800
862	800
862	800
862	800
863	800
863	800
863	800
863	800
863	800
863	800
863	800
863	800
863	800
863	800
864	800
864	800
864	800
864	800
864	800
864	800
864	800
864	800
864	800
864	800
865	800
865	800
865	800
865	800
865	800
865	800
865	800
865	800
865	800
865	800
866	800
866	800
866	800
866	800
866	800
866	800
866	800
866	800
866	800
866	800
867	800
867	800
867	800
867	800
867	800
867	800
867	800
867	800
867	800
867	800
868	800
868	800
868	800
868	800
868	800
868	800
868	800
868	800
868	800
868	800
869	800
869	800
869	800
869	800
869	800
869	800
869	800
869	800
869	800
869	800
870	800
870	800
870	800
870	800
870	800
870	800
870	800
870	800
870	800
870	800
871	800
871	800
871	800
871	800
871	800
871	800
871	800
871	800
871	800
871	800
872	800
872	800
872	800
872	800
872	800
872	800
872	800
872	800
872	800
872	800
873	800
873	800
873	800
873	800
873	800
873	800
873	800
873	800
873	800
873	800
874	800
874	800
874	800
874	800
874	800
874	800
874	800
874	800
874	800
874	800
875	800
875	800
875	800
875	800
875	800
875	800
875	800
875	800
875	800
875	800
876	800
876	800
876	800
876	800
876	800
876	800
876	800
876	800
876	800
876	800
877	800
877	800
877	800
877	800
877	800
877	800
877	800
877	800
877	800
877	800
878	800
878	800
878	800
878	800
878	800
878	800
878	800
878	800
878	800
878	800
879	800
879	800
879	800
879	800
879	800
879	800
879	800
879	800
879	800
879	800
880	800
880	800
880	800
880	800
880	800
880	800
880	800
880	800
880	800
880	800
881	800
881	800
881	800
881	800
881	800
881	800
881	800
881	800
881	800
881	800
882	800
882	800
882	800
882	800
882	800
882	800
882	800
882	800
882	800
882	800
883	800
883	800
883	800
883	800
883	800
883	800
883	800
883	800
883	800
883	800
884	800
884	800
884	800
884	800
884	800
884	800
884	800
884	800
884	800
884	800
885	800
885	800
885	800
885	800
885	800
885	800
885	800
885	800
885	800
885	800
886	800
886	800
886	800
886	800
886	800
886	800
886	800
886	800
886	800
886	800
887	800
887	800
887	800
887	800
887	800
887	800
887	800
887	800
887	800
887	800
888	800
888	800
888	800
888	800
888	800
888	800
888	800
888	800
888	800
888	800
889	800
889	800
889	800
889	800
889	800
889	800
889	800
889	800
889	800
889	800
890	800
890	800
890	800
890	800
890	800
890	800
890	800
890	800
890	800
890	800
891	800
891	800
891	800
891	800
891	800
891	800
891	800
891	800
891	800
891	800
892	800
892	800
892	800
892	800
892	800
892	800
892	800
892	800
892	800
892	800
893	800
893	800
893	800
893	800
893	800
893	800
893	800
893	800
893	800
893	800
894	800
894	800
894	800
894	800
894	800
894	800
894	800
894	800
894	800
894	800
895	800
895	800
895	800
895	800
895	800
895	800
895	800
895	800
895	800
895	800
896	800
896	800
896	800
896	800
896	800
896	800
896	800
896	800
896	800
896	800
897	800
897	800
897	800
897	800
897	800
897	800
897	800
897	800
897	800
897	800
898	800
898	800
898	800
898	800
898	800
898	800
898	800
898	800
898	800
898	800
899	800
899	800
899	800
899	800
899	800
899	800
899	800
899	800
899	800
899	800
900	800
900	800
900	800
900	800
900	800
900	800
900	800
900	800
900	800
900	800
901	800
901	800
901	800
901	800
901	800
901	800
901	800
901	800
901	800
901	800
902	800
902	800
902	800
902	800
902	800
902	800
902	800
902	800
902	800
902	800
903	800
903	800
903	800
903	800
903	800
903	800
903	800
903	800
903	800
903	800
904	800
904	800
904	800
904	800
904	800
904	800
904	800
904	800
904	800
904	800
905	800
905	800
905	800
905	800
905	800
905	800
905	800
905	800
905	800
905	800
906	800
906	800
906	800
906	800
906	800
906	800
906	800
906	800
906	800
906	800
907	800
907	800
907	800
907	800
907	800
907	800
907	800
907	800
907	800
907	800
908	800
908	800
908	800
908	800
908	800
908	800
908	800
908	800
908	800
908	800
909	800
909	800
909	800
909	800
909	800
909	800
909	800
909	800
909	800
909	800
910	800
910	800
910	800
910	800
910	800
910	800
910	800
910	800
910	800
910	800
911	800
911	800
911	800
911	800
911	800
911	800
911	800
911	800
911	800
911	800
912	800
912	800
912	800
912	800
912	800
912	800
912	800
912	800
912	800
912	800
913	800
913	800
913	800
913	800
913	800
913	800
913	800
913	800
913	800
913	800
914	800
914	800
914	800
914	800
914	800
914	800
914	800
914	800
914	800
914	800
915	800
915	800
915	800
915	800
915	800
915	800
915	800
915	800
915	800
915	800
916	800
916	800
916	800
916	800
916	800
916	800
916	800
916	800
916	800
916	800
917	800
917	800
917	800
917	800
917	800
917	800
917	800
917	800
917	800
917	800
918	800
918	800
918	800
918	800
918	800
918	800
918	800
918	800
918	800
918	800
919	800
919	800
919	800
919	800
919	800
919	800
919	800
919	800
919	800
919	800
920	800
920	800
920	800
920	800
920	800
920	800
920	800
920	800
920	800
920	800
921	800
921	800
921	800
921	800
921	800
921	800
921	800
921	800
921	800
921	800
922	800
922	800
922	800
922	800
922	800
922	800
922	800
922	800
922	800
922	800
923	800
923	800
923	800
923	800
923	800
923	800
923	800
923	800
923	800
923	800
924	800
924	800
924	800
924	800
924	800
924	800
924	800
924	800
924	800
924	800
925	800
925	800
925	800
925	800
925	800
925	800
925	800
925	800
925	800
925	800
926	800
926	800
926	800
926	800
926	800
926	800
926	800
926	800
926	800
926	800
927	800
927	800
927	800
927	800
927	800
927	800
927	800
927	800
927	800
927	800
928	800
928	800
928	800
928	800
928	800
928	800
928	800
928	800
928	800
928	800
929	800
929	800
929	800
929	800
929	800
929	800
929	800
929	800
929	800
929	800
930	800
930	800
930	800
930	800
930	800
930	800
930	800
930	800
930	800
930	800
931	800
931	800
931	800
931	800
931	800
931	800
931	800
931	800
931	800
931	800
932	800
932	800
932	800
932	800
932	800
932	800
932	800
932	800
932	800
932	800
933	800
933	800
933	800
933	800
933	800
933	800
933	800
933	800
933	800
933	800
934	800
934	800
934	800
934	800
934	800
934	800
934	800
934	800
934	800
934	800
935	800
935	800
935	800
935	800
935	800
935	800
935	800
935	800
935	800
935	800
936	800
936	800
936	800
936	800
936	800
936	800
936	800
936	800
936	800
936	800
937	800
937	800
937	800
937	800
937	800
937	800
937	800
937	800
937	800
937	800
938	800
938	800
938	800
938	800
938	800
938	800
938	800
938	800
938	800
938	800
939	800
939	800
939	800
939	800
939	800
939	800
939	800
939	800
939	800
939	800
940	800
940	800
940	800
940	800
940	800
940	800
940	800
940	800
940	800
940	800
941	800
941	800
941	800
941	800
941	800
941	800
941	800
941	800
941	800
941	800
942	800
942	800
942	800
942	800
942	800
942	800
942	800
942	800
942	800
942	800
943	800
943	800
943	800
943	800
943	800
943	800
943	800
943	800
943	800
943	800
944	800
944	800
944	800
944	800
944	800
944	800
944	800
944	800
944	800
944	800
945	800
945	800
945	800
945	800
945	800
945	800
945	800
945	800
945	800
945	800
946	800
946	800
946	800
946	800
946	800
946	800
946	800
946	800
946	800
946	800
947	800
947	800
947	800
947	800
947	800
947	800
947	800
947	800
947	800
947	800
948	800
948	800
948	800
948	800
948	800
948	800
948	800
948	800
948	800
948	800
949	800
949	800
949	800
949	800
949	800
949	800
949	800
949	800
949	800
949	800
950	800
950	800
950	800
950	800
950	800
950	800
950	800
950	800
950	800
950	800
951	800
951	800
951	800
951	800
951	800
951	800
951	800
951	800
951	800
951	800
952	800
952	800
952	800
952	800
952	800
952	800
952	800
952	800
952	800
952	800
953	800
953	800
953	800
953	800
953	800
953	800
953	800
953	800
953	800
953	800
954	800
954	800
954	800
954	800
954	800
954	800
954	800
954	800
954	800
954	800
955	800
955	800
955	800
955	800
955	800
955	800
955	800
955	800
955	800
955	800
956	800
956	800
956	800
956	800
956	800
956	800
956	800
956	800
956	800
956	800
957	800
957	800
957	800
957	800
957	800
957	800
957	800
957	800
957	800
957	800
958	800
958	800
958	800
958	800
958	800
958	800
958	800
958	800
958	800
958	800
959	800
959	800
959	800
959	800
959	800
959	800
959	800
959	800
959	800
959	800
960	800
960	800
960	800
960	800
960	800
960	800
960	800
960	800
960	800
960	800
961	800
961	800
961	800
961	800
961	800
961	800
961	800
961	800
961	800
961	800
962	800
962	800
962	800
962	800
962	800
962	800
962	800
962	800
962	800
962	800
963	800
963	800
963	800
963	800
963	800
963	800
963	800
963	800
963	800
963	800
964	800
964	800
964	800
964	800
964	800
964	800
964	800
964	800
964	800
964	800
965	800
965	800
965	800
965	800
965	800
965	800
965	800
965	800
965	800
965	800
966	800
966	800
966	800
966	800
966	800
966	800
966	800
966	800
966	800
966	800
967	800
967	800
967	800
967	800
967	800
967	800
967	800
967	800
967	800
967	800
968	800
968	800
968	800
968	800
968	800
968	800
968	800
968	800
968	800
968	800
969	800
969	800
969	800
969	800
969	800
969	800
969	800
969	800
969	800
969	800
970	800
970	800
970	800
970	800
970	800
970	800
970	800
970	800
970	800
970	800
971	800
971	800
971	800
971	800
971	800
971	800
971	800
971	800
971	800
971	800
972	800
972	800
972	800
972	800
972	800
972	800
972	800
972	800
972	800
972	800
973	800
973	800
973	800
973	800
973	800
973	800
973	800
973	800
973	800
973	800
974	800
974	800
974	800
974	800
974	800
974	800
974	800
974	800
974	800
974	800
975	800
975	800
975	800
975	800
975	800
975	800
975	800
975	800
975	800
975	800
976	800
976	800
976	800
976	800
976	800
976	800
976	800
976	800
976	800
976	800
977	800
977	800
977	800
977	800
977	800
977	800
977	800
977	800
977	800
977	800
978	800
978	800
978	800
978	800
978	800
978	800
978	800
978	800
978	800
978	800
979	800
979	800
979	800
979	800
979	800
979	800
979	800
979	800
979	800
979	800
980	800
980	800
980	800
980	800
980	800
980	800
980	800
980	800
980	800
980	800
981	800
981	800
981	800
981	800
981	800
981	800
981	800
981	800
981	800
981	800
982	800
982	800
982	800
982	800
982	800
982	800
982	800
982	800
982	800
982	800
983	800
983	800
983	800
983	800
983	800
983	800
983	800
983	800
983	800
983	800
984	800
984	800
984	800
984	800
984	800
984	800
984	800
984	800
984	800
984	800
985	800
985	800
985	800
985	800
985	800
985	800
985	800
985	800
985	800
985	800
986	800
986	800
986	800
986	800
986	800
986	800
986	800
986	800
986	800
986	800
987	800
987	800
987	800
987	800
987	800
987	800
987	800
987	800
987	800
987	800
988	800
988	800
988	800
988	800
988	800
988	800
988	800
988	800
988	800
988	800
989	800
989	800
989	800
989	800
989	800
989	800
989	800
989	800
989	800
989	800
990	800
990	800
990	800
990	800
990	800
990	800
990	800
990	800
990	800
990	800
991	800
991	800
991	800
991	800
991	800
991	800
991	800
991	800
991	800
991	800
992	800
992	800
992	800
992	800
992	800
992	800
992	800
992	800
992	800
992	800
993	800
993	800
993	800
993	800
993	800
993	800
993	800
993	800
993	800
993	800
994	800
994	800
994	800
994	800
994	800
994	800
994	800
994	800
994	800
994	800
995	800
995	800
995	800
995	800
995	800
995	800
995	800
995	800
995	800
995	800
996	800
996	800
996	800
996	800
996	800
996	800
996	800
996	800
996	800
996	800
997	800
997	800
997	800
997	800
997	800
997	800
997	800
997	800
997	800
997	800
998	800
998	800
998	800
998	800
998	800
998	800
998	800
998	800
998	800
998	800
999	800
999	800
999	800
999	800
999	800
999	800
999	800
999	800
999	800
999	800
1000	800
1000	800
1000	800
1000	800
1000	800
1000	800
1000	800
1000	800
1000	800
1000	800
