0	325
0	325
0	325
0	325
0	325
0	325
0	325
0	325
0	325
0	325
0	325
0	325
0	325
0	325
0	325
0	325
0	325
0	325
0	325
0	325
0	325
0	325
0	325
0	325
0	325
0	325
0	325
0	325
0	325
0	325
1	325
1	325
1	325
1	325
1	325
1	325
1	325
1	325
1	325
1	325
1	325
1	325
1	325
1	325
1	325
1	325
1	325
1	325
1	325
1	325
1	325
1	325
1	325
1	325
1	325
1	325
1	325
1	325
1	325
1	325
2	325
2	325
2	325
2	325
2	325
2	325
2	325
2	325
2	325
2	325
2	325
2	325
2	325
2	325
2	325
2	325
2	325
2	325
2	325
2	325
2	325
2	325
2	325
2	325
2	325
2	325
2	325
2	325
2	325
2	325
3	325
3	325
3	325
3	325
3	325
3	325
3	325
3	325
3	325
3	325
3	325
3	325
3	325
3	325
3	325
3	325
3	325
3	325
3	325
3	325
3	325
3	325
3	325
3	325
3	325
3	325
3	325
3	325
3	325
3	325
4	325
4	325
4	325
4	325
4	325
4	325
4	325
4	325
4	325
4	325
4	325
4	325
4	325
4	325
4	325
4	325
4	325
4	325
4	325
4	325
4	325
4	325
4	325
4	325
4	325
4	325
4	325
4	325
4	325
4	325
5	325
5	325
5	325
5	325
5	325
5	325
5	325
5	325
5	325
5	325
5	325
5	325
5	325
5	325
5	325
5	325
5	325
5	325
5	325
5	325
5	325
5	325
5	325
5	325
5	325
5	325
5	325
5	325
5	325
5	325
6	325
6	325
6	325
6	325
6	325
6	325
6	325
6	325
6	325
6	325
6	325
6	325
6	325
6	325
6	325
6	325
6	325
6	325
6	325
6	325
6	325
6	325
6	325
6	325
6	325
6	325
6	325
6	325
6	325
6	325
7	325
7	325
7	325
7	325
7	325
7	325
7	325
7	325
7	325
7	325
7	325
7	325
7	325
7	325
7	325
7	325
7	325
7	325
7	325
7	325
7	325
7	325
7	325
7	325
7	325
7	325
7	325
7	325
7	325
7	325
8	325
8	325
8	325
8	325
8	325
8	325
8	325
8	325
8	325
8	325
8	325
8	325
8	325
8	325
8	325
8	325
8	325
8	325
8	325
8	325
8	325
8	325
8	325
8	325
8	325
8	325
8	325
8	325
8	325
8	325
9	325
9	325
9	325
9	325
9	325
9	325
9	325
9	325
9	325
9	325
9	325
9	325
9	325
9	325
9	325
9	325
9	325
9	325
9	325
9	325
9	325
9	325
9	325
9	325
9	325
9	325
9	325
9	325
9	325
9	325
10	325
10	325
10	325
10	325
10	325
10	325
10	325
10	325
10	325
10	325
10	325
10	325
10	325
10	325
10	325
10	325
10	325
10	325
10	325
10	325
10	325
10	325
10	325
10	325
10	325
10	325
10	325
10	325
10	325
10	325
11	325
11	325
11	325
11	325
11	325
11	325
11	325
11	325
11	325
11	325
11	325
11	325
11	325
11	325
11	325
11	325
11	325
11	325
11	325
11	325
11	325
11	325
11	325
11	325
11	325
11	325
11	325
11	325
11	325
11	325
12	325
12	325
12	325
12	325
12	325
12	325
12	325
12	325
12	325
12	325
12	325
12	325
12	325
12	325
12	325
12	325
12	325
12	325
12	325
12	325
12	325
12	325
12	325
12	325
12	325
12	325
12	325
12	325
12	325
12	325
13	325
13	325
13	325
13	325
13	325
13	325
13	325
13	325
13	325
13	325
13	325
13	325
13	325
13	325
13	325
13	325
13	325
13	325
13	325
13	325
13	325
13	325
13	325
13	325
13	325
13	325
13	325
13	325
13	325
13	325
14	325
14	325
14	325
14	325
14	325
14	325
14	325
14	325
14	325
14	325
14	325
14	325
14	325
14	325
14	325
14	325
14	325
14	325
14	325
14	325
14	325
14	325
14	325
14	325
14	325
14	325
14	325
14	325
14	325
14	325
15	325
15	325
15	325
15	325
15	325
15	325
15	325
15	325
15	325
15	325
15	325
15	325
15	325
15	325
15	325
15	325
15	325
15	325
15	325
15	325
15	325
15	325
15	325
15	325
15	325
15	325
15	325
15	325
15	325
15	325
16	325
16	325
16	325
16	325
16	325
16	325
16	325
16	325
16	325
16	325
16	325
16	325
16	325
16	325
16	325
16	325
16	325
16	325
16	325
16	325
16	325
16	325
16	325
16	325
16	325
16	325
16	325
16	325
16	325
16	325
17	325
17	325
17	325
17	325
17	325
17	325
17	325
17	325
17	325
17	325
17	325
17	325
17	325
17	325
17	325
17	325
17	325
17	325
17	325
17	325
17	325
17	325
17	325
17	325
17	325
17	325
17	325
17	325
17	325
17	325
18	325
18	325
18	325
18	325
18	325
18	325
18	325
18	325
18	325
18	325
18	325
18	325
18	325
18	325
18	325
18	325
18	325
18	325
18	325
18	325
18	325
18	325
18	325
18	325
18	325
18	325
18	325
18	325
18	325
18	325
19	325
19	325
19	325
19	325
19	325
19	325
19	325
19	325
19	325
19	325
19	325
19	325
19	325
19	325
19	325
19	325
19	325
19	325
19	325
19	325
19	325
19	325
19	325
19	325
19	325
19	325
19	325
19	325
19	325
19	325
20	325
20	325
20	325
20	325
20	325
20	325
20	325
20	325
20	325
20	325
20	325
20	325
20	325
20	325
20	325
20	325
20	325
20	325
20	325
20	325
20	325
20	325
20	325
20	325
20	325
20	325
20	325
20	325
20	325
20	325
21	325
21	325
21	325
21	325
21	325
21	325
21	325
21	325
21	325
21	325
21	325
21	325
21	325
21	325
21	325
21	325
21	325
21	325
21	325
21	325
21	325
21	325
21	325
21	325
21	325
21	325
21	325
21	325
21	325
21	325
22	325
22	325
22	325
22	325
22	325
22	325
22	325
22	325
22	325
22	325
22	325
22	325
22	325
22	325
22	325
22	325
22	325
22	325
22	325
22	325
22	325
22	325
22	325
22	325
22	325
22	325
22	325
22	325
22	325
22	325
23	325
23	325
23	325
23	325
23	325
23	325
23	325
23	325
23	325
23	325
23	325
23	325
23	325
23	325
23	325
23	325
23	325
23	325
23	325
23	325
23	325
23	325
23	325
23	325
23	325
23	325
23	325
23	325
23	325
23	325
24	325
24	325
24	325
24	325
24	325
24	325
24	325
24	325
24	325
24	325
24	325
24	325
24	325
24	325
24	325
24	325
24	325
24	325
24	325
24	325
24	325
24	325
24	325
24	325
24	325
24	325
24	325
24	325
24	325
24	325
25	325
25	325
25	325
25	325
25	325
25	325
25	325
25	325
25	325
25	325
25	325
25	325
25	325
25	325
25	325
25	325
25	325
25	325
25	325
25	325
25	325
25	325
25	325
25	325
25	325
25	325
25	325
25	325
25	325
25	325
26	325
26	325
26	325
26	325
26	325
26	325
26	325
26	325
26	325
26	325
26	325
26	325
26	325
26	325
26	325
26	325
26	325
26	325
26	325
26	325
26	325
26	325
26	325
26	325
26	325
26	325
26	325
26	325
26	325
26	325
27	325
27	325
27	325
27	325
27	325
27	325
27	325
27	325
27	325
27	325
27	325
27	325
27	325
27	325
27	325
27	325
27	325
27	325
27	325
27	325
27	325
27	325
27	325
27	325
27	325
27	325
27	325
27	325
27	325
27	325
28	325
28	325
28	325
28	325
28	325
28	325
28	325
28	325
28	325
28	325
28	325
28	325
28	325
28	325
28	325
28	325
28	325
28	325
28	325
28	325
28	325
28	325
28	325
28	325
28	325
28	325
28	325
28	325
28	325
28	325
29	325
29	325
29	325
29	325
29	325
29	325
29	325
29	325
29	325
29	325
29	325
29	325
29	325
29	325
29	325
29	325
29	325
29	325
29	325
29	325
29	325
29	325
29	325
29	325
29	325
29	325
29	325
29	325
29	325
29	325
30	325
30	325
30	325
30	325
30	325
30	325
30	325
30	325
30	325
30	325
30	325
30	325
30	325
30	325
30	325
30	325
30	325
30	325
30	325
30	325
30	325
30	325
30	325
30	325
30	325
30	325
30	325
30	325
30	325
30	325
31	325
31	325
31	325
31	325
31	325
31	325
31	325
31	325
31	325
31	325
31	325
31	325
31	325
31	325
31	325
31	325
31	325
31	325
31	325
31	325
31	325
31	325
31	325
31	325
31	325
31	325
31	325
31	325
31	325
31	325
32	325
32	325
32	325
32	325
32	325
32	325
32	325
32	325
32	325
32	325
32	325
32	325
32	325
32	325
32	325
32	325
32	325
32	325
32	325
32	325
32	325
32	325
32	325
32	325
32	325
32	325
32	325
32	325
32	325
32	325
33	325
33	325
33	325
33	325
33	325
33	325
33	325
33	325
33	325
33	325
33	325
33	325
33	325
33	325
33	325
33	325
33	325
33	325
33	325
33	325
33	325
33	325
33	325
33	325
33	325
33	325
33	325
33	325
33	325
33	325
34	325
34	325
34	325
34	325
34	325
34	325
34	325
34	325
34	325
34	325
34	325
34	325
34	325
34	325
34	325
34	325
34	325
34	325
34	325
34	325
34	325
34	325
34	325
34	325
34	325
34	325
34	325
34	325
34	325
34	325
35	325
35	325
35	325
35	325
35	325
35	325
35	325
35	325
35	325
35	325
35	325
35	325
35	325
35	325
35	325
35	325
35	325
35	325
35	325
35	325
35	325
35	325
35	325
35	325
35	325
35	325
35	325
35	325
35	325
35	325
36	325
36	325
36	325
36	325
36	325
36	325
36	325
36	325
36	325
36	325
36	325
36	325
36	325
36	325
36	325
36	325
36	325
36	325
36	325
36	325
36	325
36	325
36	325
36	325
36	325
36	325
36	325
36	325
36	325
36	325
37	325
37	325
37	325
37	325
37	325
37	325
37	325
37	325
37	325
37	325
37	325
37	325
37	325
37	325
37	325
37	325
37	325
37	325
37	325
37	325
37	325
37	325
37	325
37	325
37	325
37	325
37	325
37	325
37	325
37	325
38	325
38	325
38	325
38	325
38	325
38	325
38	325
38	325
38	325
38	325
38	325
38	325
38	325
38	325
38	325
38	325
38	325
38	325
38	325
38	325
38	325
38	325
38	325
38	325
38	325
38	325
38	325
38	325
38	325
38	325
39	325
39	325
39	325
39	325
39	325
39	325
39	325
39	325
39	325
39	325
39	325
39	325
39	325
39	325
39	325
39	325
39	325
39	325
39	325
39	325
39	325
39	325
39	325
39	325
39	325
39	325
39	325
39	325
39	325
39	325
40	325
40	325
40	325
40	325
40	325
40	325
40	325
40	325
40	325
40	325
40	325
40	325
40	325
40	325
40	325
40	325
40	325
40	325
40	325
40	325
40	325
40	325
40	325
40	325
40	325
40	325
40	325
40	325
40	325
40	325
41	325
41	325
41	325
41	325
41	325
41	325
41	325
41	325
41	325
41	325
41	325
41	325
41	325
41	325
41	325
41	325
41	325
41	325
41	325
41	325
41	325
41	325
41	325
41	325
41	325
41	325
41	325
41	325
41	325
41	325
42	325
42	325
42	325
42	325
42	325
42	325
42	325
42	325
42	325
42	325
42	325
42	325
42	325
42	325
42	325
42	325
42	325
42	325
42	325
42	325
42	325
42	325
42	325
42	325
42	325
42	325
42	325
42	325
42	325
42	325
43	325
43	325
43	325
43	325
43	325
43	325
43	325
43	325
43	325
43	325
43	325
43	325
43	325
43	325
43	325
43	325
43	325
43	325
43	325
43	325
43	325
43	325
43	325
43	325
43	325
43	325
43	325
43	325
43	325
43	325
44	325
44	325
44	325
44	325
44	325
44	325
44	325
44	325
44	325
44	325
44	325
44	325
44	325
44	325
44	325
44	325
44	325
44	325
44	325
44	325
44	325
44	325
44	325
44	325
44	325
44	325
44	325
44	325
44	325
44	325
45	325
45	325
45	325
45	325
45	325
45	325
45	325
45	325
45	325
45	325
45	325
45	325
45	325
45	325
45	325
45	325
45	325
45	325
45	325
45	325
45	325
45	325
45	325
45	325
45	325
45	325
45	325
45	325
45	325
45	325
46	325
46	325
46	325
46	325
46	325
46	325
46	325
46	325
46	325
46	325
46	325
46	325
46	325
46	325
46	325
46	325
46	325
46	325
46	325
46	325
46	325
46	325
46	325
46	325
46	325
46	325
46	325
46	325
46	325
46	325
47	325
47	325
47	325
47	325
47	325
47	325
47	325
47	325
47	325
47	325
47	325
47	325
47	325
47	325
47	325
47	325
47	325
47	325
47	325
47	325
47	325
47	325
47	325
47	325
47	325
47	325
47	325
47	325
47	325
47	325
48	325
48	325
48	325
48	325
48	325
48	325
48	325
48	325
48	325
48	325
48	325
48	325
48	325
48	325
48	325
48	325
48	325
48	325
48	325
48	325
48	325
48	325
48	325
48	325
48	325
48	325
48	325
48	325
48	325
48	325
49	325
49	325
49	325
49	325
49	325
49	325
49	325
49	325
49	325
49	325
49	325
49	325
49	325
49	325
49	325
49	325
49	325
49	325
49	325
49	325
49	325
49	325
49	325
49	325
49	325
49	325
49	325
49	325
49	325
49	325
50	325
50	325
50	325
50	325
50	325
50	325
50	325
50	325
50	325
50	325
50	325
50	325
50	325
50	325
50	325
50	325
50	325
50	325
50	325
50	325
50	325
50	325
50	325
50	325
50	325
50	325
50	325
50	325
50	325
50	325
51	325
51	325
51	325
51	325
51	325
51	325
51	325
51	325
51	325
51	325
51	325
51	325
51	325
51	325
51	325
51	325
51	325
51	325
51	325
51	325
51	325
51	325
51	325
51	325
51	325
51	325
51	325
51	325
51	325
51	325
52	325
52	325
52	325
52	325
52	325
52	325
52	325
52	325
52	325
52	325
52	325
52	325
52	325
52	325
52	325
52	325
52	325
52	325
52	325
52	325
52	325
52	325
52	325
52	325
52	325
52	325
52	325
52	325
52	325
52	325
53	325
53	325
53	325
53	325
53	325
53	325
53	325
53	325
53	325
53	325
53	325
53	325
53	325
53	325
53	325
53	325
53	325
53	325
53	325
53	325
53	325
53	325
53	325
53	325
53	325
53	325
53	325
53	325
53	325
53	325
54	325
54	325
54	325
54	325
54	325
54	325
54	325
54	325
54	325
54	325
54	325
54	325
54	325
54	325
54	325
54	325
54	325
54	325
54	325
54	325
54	325
54	325
54	325
54	325
54	325
54	325
54	325
54	325
54	325
54	325
55	325
55	325
55	325
55	325
55	325
55	325
55	325
55	325
55	325
55	325
55	325
55	325
55	325
55	325
55	325
55	325
55	325
55	325
55	325
55	325
55	325
55	325
55	325
55	325
55	325
55	325
55	325
55	325
55	325
55	325
56	325
56	325
56	325
56	325
56	325
56	325
56	325
56	325
56	325
56	325
56	325
56	325
56	325
56	325
56	325
56	325
56	325
56	325
56	325
56	325
56	325
56	325
56	325
56	325
56	325
56	325
56	325
56	325
56	325
56	325
57	325
57	325
57	325
57	325
57	325
57	325
57	325
57	325
57	325
57	325
57	325
57	325
57	325
57	325
57	325
57	325
57	325
57	325
57	325
57	325
57	325
57	325
57	325
57	325
57	325
57	325
57	325
57	325
57	325
57	325
58	325
58	325
58	325
58	325
58	325
58	325
58	325
58	325
58	325
58	325
58	325
58	325
58	325
58	325
58	325
58	325
58	325
58	325
58	325
58	325
58	325
58	325
58	325
58	325
58	325
58	325
58	325
58	325
58	325
58	325
59	325
59	325
59	325
59	325
59	325
59	325
59	325
59	325
59	325
59	325
59	325
59	325
59	325
59	325
59	325
59	325
59	325
59	325
59	325
59	325
59	325
59	325
59	325
59	325
59	325
59	325
59	325
59	325
59	325
59	325
60	325
60	325
60	325
60	325
60	325
60	325
60	325
60	325
60	325
60	325
60	325
60	325
60	325
60	325
60	325
60	325
60	325
60	325
60	325
60	325
60	325
60	325
60	325
60	325
60	325
60	325
60	325
60	325
60	325
60	325
61	325
61	325
61	325
61	325
61	325
61	325
61	325
61	325
61	325
61	325
61	325
61	325
61	325
61	325
61	325
61	325
61	325
61	325
61	325
61	325
61	325
61	325
61	325
61	325
61	325
61	325
61	325
61	325
61	325
61	325
62	325
62	325
62	325
62	325
62	325
62	325
62	325
62	325
62	325
62	325
62	325
62	325
62	325
62	325
62	325
62	325
62	325
62	325
62	325
62	325
62	325
62	325
62	325
62	325
62	325
62	325
62	325
62	325
62	325
62	325
63	325
63	325
63	325
63	325
63	325
63	325
63	325
63	325
63	325
63	325
63	325
63	325
63	325
63	325
63	325
63	325
63	325
63	325
63	325
63	325
63	325
63	325
63	325
63	325
63	325
63	325
63	325
63	325
63	325
63	325
64	325
64	325
64	325
64	325
64	325
64	325
64	325
64	325
64	325
64	325
64	325
64	325
64	325
64	325
64	325
64	325
64	325
64	325
64	325
64	325
64	325
64	325
64	325
64	325
64	325
64	325
64	325
64	325
64	325
64	325
65	325
65	325
65	325
65	325
65	325
65	325
65	325
65	325
65	325
65	325
65	325
65	325
65	325
65	325
65	325
65	325
65	325
65	325
65	325
65	325
65	325
65	325
65	325
65	325
65	325
65	325
65	325
65	325
65	325
65	325
66	325
66	325
66	325
66	325
66	325
66	325
66	325
66	325
66	325
66	325
66	325
66	325
66	325
66	325
66	325
66	325
66	325
66	325
66	325
66	325
66	325
66	325
66	325
66	325
66	325
66	325
66	325
66	325
66	325
66	325
67	325
67	325
67	325
67	325
67	325
67	325
67	325
67	325
67	325
67	325
67	325
67	325
67	325
67	325
67	325
67	325
67	325
67	325
67	325
67	325
67	325
67	325
67	325
67	325
67	325
67	325
67	325
67	325
67	325
67	325
68	325
68	325
68	325
68	325
68	325
68	325
68	325
68	325
68	325
68	325
68	325
68	325
68	325
68	325
68	325
68	325
68	325
68	325
68	325
68	325
68	325
68	325
68	325
68	325
68	325
68	325
68	325
68	325
68	325
68	325
69	325
69	325
69	325
69	325
69	325
69	325
69	325
69	325
69	325
69	325
69	325
69	325
69	325
69	325
69	325
69	325
69	325
69	325
69	325
69	325
69	325
69	325
69	325
69	325
69	325
69	325
69	325
69	325
69	325
69	325
70	325
70	325
70	325
70	325
70	325
70	325
70	325
70	325
70	325
70	325
70	325
70	325
70	325
70	325
70	325
70	325
70	325
70	325
70	325
70	325
70	325
70	325
70	325
70	325
70	325
70	325
70	325
70	325
70	325
70	325
71	325
71	325
71	325
71	325
71	325
71	325
71	325
71	325
71	325
71	325
71	325
71	325
71	325
71	325
71	325
71	325
71	325
71	325
71	325
71	325
71	325
71	325
71	325
71	325
71	325
71	325
71	325
71	325
71	325
71	325
72	325
72	325
72	325
72	325
72	325
72	325
72	325
72	325
72	325
72	325
72	325
72	325
72	325
72	325
72	325
72	325
72	325
72	325
72	325
72	325
72	325
72	325
72	325
72	325
72	325
72	325
72	325
72	325
72	325
72	325
73	325
73	325
73	325
73	325
73	325
73	325
73	325
73	325
73	325
73	325
73	325
73	325
73	325
73	325
73	325
73	325
73	325
73	325
73	325
73	325
73	325
73	325
73	325
73	325
73	325
73	325
73	325
73	325
73	325
73	325
74	325
74	325
74	325
74	325
74	325
74	325
74	325
74	325
74	325
74	325
74	325
74	325
74	325
74	325
74	325
74	325
74	325
74	325
74	325
74	325
74	325
74	325
74	325
74	325
74	325
74	325
74	325
74	325
74	325
74	325
75	325
75	325
75	325
75	325
75	325
75	325
75	325
75	325
75	325
75	325
75	325
75	325
75	325
75	325
75	325
75	325
75	325
75	325
75	325
75	325
75	325
75	325
75	325
75	325
75	325
75	325
75	325
75	325
75	325
75	325
76	325
76	325
76	325
76	325
76	325
76	325
76	325
76	325
76	325
76	325
76	325
76	325
76	325
76	325
76	325
76	325
76	325
76	325
76	325
76	325
76	325
76	325
76	325
76	325
76	325
76	325
76	325
76	325
76	325
76	325
77	325
77	325
77	325
77	325
77	325
77	325
77	325
77	325
77	325
77	325
77	325
77	325
77	325
77	325
77	325
77	325
77	325
77	325
77	325
77	325
77	325
77	325
77	325
77	325
77	325
77	325
77	325
77	325
77	325
77	325
78	325
78	325
78	325
78	325
78	325
78	325
78	325
78	325
78	325
78	325
78	325
78	325
78	325
78	325
78	325
78	325
78	325
78	325
78	325
78	325
78	325
78	325
78	325
78	325
78	325
78	325
78	325
78	325
78	325
78	325
79	325
79	325
79	325
79	325
79	325
79	325
79	325
79	325
79	325
79	325
79	325
79	325
79	325
79	325
79	325
79	325
79	325
79	325
79	325
79	325
79	325
79	325
79	325
79	325
79	325
79	325
79	325
79	325
79	325
79	325
80	325
80	325
80	325
80	325
80	325
80	325
80	325
80	325
80	325
80	325
80	325
80	325
80	325
80	325
80	325
80	325
80	325
80	325
80	325
80	325
80	325
80	325
80	325
80	325
80	325
80	325
80	325
80	325
80	325
80	325
81	325
81	325
81	325
81	325
81	325
81	325
81	325
81	325
81	325
81	325
81	325
81	325
81	325
81	325
81	325
81	325
81	325
81	325
81	325
81	325
81	325
81	325
81	325
81	325
81	325
81	325
81	325
81	325
81	325
81	325
82	325
82	325
82	325
82	325
82	325
82	325
82	325
82	325
82	325
82	325
82	325
82	325
82	325
82	325
82	325
82	325
82	325
82	325
82	325
82	325
82	325
82	325
82	325
82	325
82	325
82	325
82	325
82	325
82	325
82	325
83	325
83	325
83	325
83	325
83	325
83	325
83	325
83	325
83	325
83	325
83	325
83	325
83	325
83	325
83	325
83	325
83	325
83	325
83	325
83	325
83	325
83	325
83	325
83	325
83	325
83	325
83	325
83	325
83	325
83	325
84	325
84	325
84	325
84	325
84	325
84	325
84	325
84	325
84	325
84	325
84	325
84	325
84	325
84	325
84	325
84	325
84	325
84	325
84	325
84	325
84	325
84	325
84	325
84	325
84	325
84	325
84	325
84	325
84	325
84	325
85	325
85	325
85	325
85	325
85	325
85	325
85	325
85	325
85	325
85	325
85	325
85	325
85	325
85	325
85	325
85	325
85	325
85	325
85	325
85	325
85	325
85	325
85	325
85	325
85	325
85	325
85	325
85	325
85	325
85	325
86	325
86	325
86	325
86	325
86	325
86	325
86	325
86	325
86	325
86	325
86	325
86	325
86	325
86	325
86	325
86	325
86	325
86	325
86	325
86	325
86	325
86	325
86	325
86	325
86	325
86	325
86	325
86	325
86	325
86	325
87	325
87	325
87	325
87	325
87	325
87	325
87	325
87	325
87	325
87	325
87	325
87	325
87	325
87	325
87	325
87	325
87	325
87	325
87	325
87	325
87	325
87	325
87	325
87	325
87	325
87	325
87	325
87	325
87	325
87	325
88	325
88	325
88	325
88	325
88	325
88	325
88	325
88	325
88	325
88	325
88	325
88	325
88	325
88	325
88	325
88	325
88	325
88	325
88	325
88	325
88	325
88	325
88	325
88	325
88	325
88	325
88	325
88	325
88	325
88	325
89	325
89	325
89	325
89	325
89	325
89	325
89	325
89	325
89	325
89	325
89	325
89	325
89	325
89	325
89	325
89	325
89	325
89	325
89	325
89	325
89	325
89	325
89	325
89	325
89	325
89	325
89	325
89	325
89	325
89	325
90	325
90	325
90	325
90	325
90	325
90	325
90	325
90	325
90	325
90	325
90	325
90	325
90	325
90	325
90	325
90	325
90	325
90	325
90	325
90	325
90	325
90	325
90	325
90	325
90	325
90	325
90	325
90	325
90	325
90	325
91	325
91	325
91	325
91	325
91	325
91	325
91	325
91	325
91	325
91	325
91	325
91	325
91	325
91	325
91	325
91	325
91	325
91	325
91	325
91	325
91	325
91	325
91	325
91	325
91	325
91	325
91	325
91	325
91	325
91	325
92	325
92	325
92	325
92	325
92	325
92	325
92	325
92	325
92	325
92	325
92	325
92	325
92	325
92	325
92	325
92	325
92	325
92	325
92	325
92	325
92	325
92	325
92	325
92	325
92	325
92	325
92	325
92	325
92	325
92	325
93	325
93	325
93	325
93	325
93	325
93	325
93	325
93	325
93	325
93	325
93	325
93	325
93	325
93	325
93	325
93	325
93	325
93	325
93	325
93	325
93	325
93	325
93	325
93	325
93	325
93	325
93	325
93	325
93	325
93	325
94	325
94	325
94	325
94	325
94	325
94	325
94	325
94	325
94	325
94	325
94	325
94	325
94	325
94	325
94	325
94	325
94	325
94	325
94	325
94	325
94	325
94	325
94	325
94	325
94	325
94	325
94	325
94	325
94	325
94	325
95	325
95	325
95	325
95	325
95	325
95	325
95	325
95	325
95	325
95	325
95	325
95	325
95	325
95	325
95	325
95	325
95	325
95	325
95	325
95	325
95	325
95	325
95	325
95	325
95	325
95	325
95	325
95	325
95	325
95	325
96	325
96	325
96	325
96	325
96	325
96	325
96	325
96	325
96	325
96	325
96	325
96	325
96	325
96	325
96	325
96	325
96	325
96	325
96	325
96	325
96	325
96	325
96	325
96	325
96	325
96	325
96	325
96	325
96	325
96	325
97	325
97	325
97	325
97	325
97	325
97	325
97	325
97	325
97	325
97	325
97	325
97	325
97	325
97	325
97	325
97	325
97	325
97	325
97	325
97	325
97	325
97	325
97	325
97	325
97	325
97	325
97	325
97	325
97	325
97	325
98	325
98	325
98	325
98	325
98	325
98	325
98	325
98	325
98	325
98	325
98	325
98	325
98	325
98	325
98	325
98	325
98	325
98	325
98	325
98	325
98	325
98	325
98	325
98	325
98	325
98	325
98	325
98	325
98	325
98	325
99	325
99	325
99	325
99	325
99	325
99	325
99	325
99	325
99	325
99	325
99	325
99	325
99	325
99	325
99	325
99	325
99	325
99	325
99	325
99	325
99	325
99	325
99	325
99	325
99	325
99	325
99	325
99	325
99	325
99	325
100	325
100	325
100	325
100	325
100	325
100	325
100	325
100	325
100	325
100	325
100	325
100	325
100	325
100	325
100	325
100	325
100	325
100	325
100	325
100	325
100	325
100	325
100	325
100	325
100	325
100	325
100	325
100	325
100	325
100	325
101	325
101	325
101	325
101	325
101	325
101	325
101	325
101	325
101	325
101	325
101	325
101	325
101	325
101	325
101	325
101	325
101	325
101	325
101	325
101	325
101	325
101	325
101	325
101	325
101	325
101	325
101	325
101	325
101	325
101	325
102	325
102	325
102	325
102	325
102	325
102	325
102	325
102	325
102	325
102	325
102	325
102	325
102	325
102	325
102	325
102	325
102	325
102	325
102	325
102	325
102	325
102	325
102	325
102	325
102	325
102	325
102	325
102	325
102	325
102	325
103	325
103	325
103	325
103	325
103	325
103	325
103	325
103	325
103	325
103	325
103	325
103	325
103	325
103	325
103	325
103	325
103	325
103	325
103	325
103	325
103	325
103	325
103	325
103	325
103	325
103	325
103	325
103	325
103	325
103	325
104	325
104	325
104	325
104	325
104	325
104	325
104	325
104	325
104	325
104	325
104	325
104	325
104	325
104	325
104	325
104	325
104	325
104	325
104	325
104	325
104	325
104	325
104	325
104	325
104	325
104	325
104	325
104	325
104	325
104	325
105	325
105	325
105	325
105	325
105	325
105	325
105	325
105	325
105	325
105	325
105	325
105	325
105	325
105	325
105	325
105	325
105	325
105	325
105	325
105	325
105	325
105	325
105	325
105	325
105	325
105	325
105	325
105	325
105	325
105	325
106	325
106	325
106	325
106	325
106	325
106	325
106	325
106	325
106	325
106	325
106	325
106	325
106	325
106	325
106	325
106	325
106	325
106	325
106	325
106	325
106	325
106	325
106	325
106	325
106	325
106	325
106	325
106	325
106	325
106	325
107	325
107	325
107	325
107	325
107	325
107	325
107	325
107	325
107	325
107	325
107	325
107	325
107	325
107	325
107	325
107	325
107	325
107	325
107	325
107	325
107	325
107	325
107	325
107	325
107	325
107	325
107	325
107	325
107	325
107	325
108	325
108	325
108	325
108	325
108	325
108	325
108	325
108	325
108	325
108	325
108	325
108	325
108	325
108	325
108	325
108	325
108	325
108	325
108	325
108	325
108	325
108	325
108	325
108	325
108	325
108	325
108	325
108	325
108	325
108	325
109	325
109	325
109	325
109	325
109	325
109	325
109	325
109	325
109	325
109	325
109	325
109	325
109	325
109	325
109	325
109	325
109	325
109	325
109	325
109	325
109	325
109	325
109	325
109	325
109	325
109	325
109	325
109	325
109	325
109	325
110	325
110	325
110	325
110	325
110	325
110	325
110	325
110	325
110	325
110	325
110	325
110	325
110	325
110	325
110	325
110	325
110	325
110	325
110	325
110	325
110	325
110	325
110	325
110	325
110	325
110	325
110	325
110	325
110	325
110	325
111	325
111	325
111	325
111	325
111	325
111	325
111	325
111	325
111	325
111	325
111	325
111	325
111	325
111	325
111	325
111	325
111	325
111	325
111	325
111	325
111	325
111	325
111	325
111	325
111	325
111	325
111	325
111	325
111	325
111	325
112	325
112	325
112	325
112	325
112	325
112	325
112	325
112	325
112	325
112	325
112	325
112	325
112	325
112	325
112	325
112	325
112	325
112	325
112	325
112	325
112	325
112	325
112	325
112	325
112	325
112	325
112	325
112	325
112	325
112	325
113	325
113	325
113	325
113	325
113	325
113	325
113	325
113	325
113	325
113	325
113	325
113	325
113	325
113	325
113	325
113	325
113	325
113	325
113	325
113	325
113	325
113	325
113	325
113	325
113	325
113	325
113	325
113	325
113	325
113	325
114	325
114	325
114	325
114	325
114	325
114	325
114	325
114	325
114	325
114	325
114	325
114	325
114	325
114	325
114	325
114	325
114	325
114	325
114	325
114	325
114	325
114	325
114	325
114	325
114	325
114	325
114	325
114	325
114	325
114	325
115	325
115	325
115	325
115	325
115	325
115	325
115	325
115	325
115	325
115	325
115	325
115	325
115	325
115	325
115	325
115	325
115	325
115	325
115	325
115	325
115	325
115	325
115	325
115	325
115	325
115	325
115	325
115	325
115	325
115	325
116	325
116	325
116	325
116	325
116	325
116	325
116	325
116	325
116	325
116	325
116	325
116	325
116	325
116	325
116	325
116	325
116	325
116	325
116	325
116	325
116	325
116	325
116	325
116	325
116	325
116	325
116	325
116	325
116	325
116	325
117	325
117	325
117	325
117	325
117	325
117	325
117	325
117	325
117	325
117	325
117	325
117	325
117	325
117	325
117	325
117	325
117	325
117	325
117	325
117	325
117	325
117	325
117	325
117	325
117	325
117	325
117	325
117	325
117	325
117	325
118	325
118	325
118	325
118	325
118	325
118	325
118	325
118	325
118	325
118	325
118	325
118	325
118	325
118	325
118	325
118	325
118	325
118	325
118	325
118	325
118	325
118	325
118	325
118	325
118	325
118	325
118	325
118	325
118	325
118	325
119	325
119	325
119	325
119	325
119	325
119	325
119	325
119	325
119	325
119	325
119	325
119	325
119	325
119	325
119	325
119	325
119	325
119	325
119	325
119	325
119	325
119	325
119	325
119	325
119	325
119	325
119	325
119	325
119	325
119	325
120	325
120	325
120	325
120	325
120	325
120	325
120	325
120	325
120	325
120	325
120	325
120	325
120	325
120	325
120	325
120	325
120	325
120	325
120	325
120	325
120	325
120	325
120	325
120	325
120	325
120	325
120	325
120	325
120	325
120	325
121	325
121	325
121	325
121	325
121	325
121	325
121	325
121	325
121	325
121	325
121	325
121	325
121	325
121	325
121	325
121	325
121	325
121	325
121	325
121	325
121	325
121	325
121	325
121	325
121	325
121	325
121	325
121	325
121	325
121	325
122	325
122	325
122	325
122	325
122	325
122	325
122	325
122	325
122	325
122	325
122	325
122	325
122	325
122	325
122	325
122	325
122	325
122	325
122	325
122	325
122	325
122	325
122	325
122	325
122	325
122	325
122	325
122	325
122	325
122	325
123	325
123	325
123	325
123	325
123	325
123	325
123	325
123	325
123	325
123	325
123	325
123	325
123	325
123	325
123	325
123	325
123	325
123	325
123	325
123	325
123	325
123	325
123	325
123	325
123	325
123	325
123	325
123	325
123	325
123	325
124	325
124	325
124	325
124	325
124	325
124	325
124	325
124	325
124	325
124	325
124	325
124	325
124	325
124	325
124	325
124	325
124	325
124	325
124	325
124	325
124	325
124	325
124	325
124	325
124	325
124	325
124	325
124	325
124	325
124	325
125	325
125	325
125	325
125	325
125	325
125	325
125	325
125	325
125	325
125	325
125	325
125	325
125	325
125	325
125	325
125	325
125	325
125	325
125	325
125	325
125	325
125	325
125	325
125	325
125	325
125	325
125	325
125	325
125	325
125	325
126	325
126	325
126	325
126	325
126	325
126	325
126	325
126	325
126	325
126	325
126	325
126	325
126	325
126	325
126	325
126	325
126	325
126	325
126	325
126	325
126	325
126	325
126	325
126	325
126	325
126	325
126	325
126	325
126	325
126	325
127	325
127	325
127	325
127	325
127	325
127	325
127	325
127	325
127	325
127	325
127	325
127	325
127	325
127	325
127	325
127	325
127	325
127	325
127	325
127	325
127	325
127	325
127	325
127	325
127	325
127	325
127	325
127	325
127	325
127	325
128	325
128	325
128	325
128	325
128	325
128	325
128	325
128	325
128	325
128	325
128	325
128	325
128	325
128	325
128	325
128	325
128	325
128	325
128	325
128	325
128	325
128	325
128	325
128	325
128	325
128	325
128	325
128	325
128	325
128	325
129	325
129	325
129	325
129	325
129	325
129	325
129	325
129	325
129	325
129	325
129	325
129	325
129	325
129	325
129	325
129	325
129	325
129	325
129	325
129	325
129	325
129	325
129	325
129	325
129	325
129	325
129	325
129	325
129	325
129	325
130	325
130	325
130	325
130	325
130	325
130	325
130	325
130	325
130	325
130	325
130	325
130	325
130	325
130	325
130	325
130	325
130	325
130	325
130	325
130	325
130	325
130	325
130	325
130	325
130	325
130	325
130	325
130	325
130	325
130	325
131	325
131	325
131	325
131	325
131	325
131	325
131	325
131	325
131	325
131	325
131	325
131	325
131	325
131	325
131	325
131	325
131	325
131	325
131	325
131	325
131	325
131	325
131	325
131	325
131	325
131	325
131	325
131	325
131	325
131	325
132	325
132	325
132	325
132	325
132	325
132	325
132	325
132	325
132	325
132	325
132	325
132	325
132	325
132	325
132	325
132	325
132	325
132	325
132	325
132	325
132	325
132	325
132	325
132	325
132	325
132	325
132	325
132	325
132	325
132	325
133	325
133	325
133	325
133	325
133	325
133	325
133	325
133	325
133	325
133	325
133	325
133	325
133	325
133	325
133	325
133	325
133	325
133	325
133	325
133	325
133	325
133	325
133	325
133	325
133	325
133	325
133	325
133	325
133	325
133	325
134	325
134	325
134	325
134	325
134	325
134	325
134	325
134	325
134	325
134	325
134	325
134	325
134	325
134	325
134	325
134	325
134	325
134	325
134	325
134	325
134	325
134	325
134	325
134	325
134	325
134	325
134	325
134	325
134	325
134	325
135	325
135	325
135	325
135	325
135	325
135	325
135	325
135	325
135	325
135	325
135	325
135	325
135	325
135	325
135	325
135	325
135	325
135	325
135	325
135	325
135	325
135	325
135	325
135	325
135	325
135	325
135	325
135	325
135	325
135	325
136	325
136	325
136	325
136	325
136	325
136	325
136	325
136	325
136	325
136	325
136	325
136	325
136	325
136	325
136	325
136	325
136	325
136	325
136	325
136	325
136	325
136	325
136	325
136	325
136	325
136	325
136	325
136	325
136	325
136	325
137	325
137	325
137	325
137	325
137	325
137	325
137	325
137	325
137	325
137	325
137	325
137	325
137	325
137	325
137	325
137	325
137	325
137	325
137	325
137	325
137	325
137	325
137	325
137	325
137	325
137	325
137	325
137	325
137	325
137	325
138	325
138	325
138	325
138	325
138	325
138	325
138	325
138	325
138	325
138	325
138	325
138	325
138	325
138	325
138	325
138	325
138	325
138	325
138	325
138	325
138	325
138	325
138	325
138	325
138	325
138	325
138	325
138	325
138	325
138	325
139	325
139	325
139	325
139	325
139	325
139	325
139	325
139	325
139	325
139	325
139	325
139	325
139	325
139	325
139	325
139	325
139	325
139	325
139	325
139	325
139	325
139	325
139	325
139	325
139	325
139	325
139	325
139	325
139	325
139	325
140	325
140	325
140	325
140	325
140	325
140	325
140	325
140	325
140	325
140	325
140	325
140	325
140	325
140	325
140	325
140	325
140	325
140	325
140	325
140	325
140	325
140	325
140	325
140	325
140	325
140	325
140	325
140	325
140	325
140	325
141	325
141	325
141	325
141	325
141	325
141	325
141	325
141	325
141	325
141	325
141	325
141	325
141	325
141	325
141	325
141	325
141	325
141	325
141	325
141	325
141	325
141	325
141	325
141	325
141	325
141	325
141	325
141	325
141	325
141	325
142	325
142	325
142	325
142	325
142	325
142	325
142	325
142	325
142	325
142	325
142	325
142	325
142	325
142	325
142	325
142	325
142	325
142	325
142	325
142	325
142	325
142	325
142	325
142	325
142	325
142	325
142	325
142	325
142	325
142	325
143	325
143	325
143	325
143	325
143	325
143	325
143	325
143	325
143	325
143	325
143	325
143	325
143	325
143	325
143	325
143	325
143	325
143	325
143	325
143	325
143	325
143	325
143	325
143	325
143	325
143	325
143	325
143	325
143	325
143	325
144	325
144	325
144	325
144	325
144	325
144	325
144	325
144	325
144	325
144	325
144	325
144	325
144	325
144	325
144	325
144	325
144	325
144	325
144	325
144	325
144	325
144	325
144	325
144	325
144	325
144	325
144	325
144	325
144	325
144	325
145	325
145	325
145	325
145	325
145	325
145	325
145	325
145	325
145	325
145	325
145	325
145	325
145	325
145	325
145	325
145	325
145	325
145	325
145	325
145	325
145	325
145	325
145	325
145	325
145	325
145	325
145	325
145	325
145	325
145	325
146	325
146	325
146	325
146	325
146	325
146	325
146	325
146	325
146	325
146	325
146	325
146	325
146	325
146	325
146	325
146	325
146	325
146	325
146	325
146	325
146	325
146	325
146	325
146	325
146	325
146	325
146	325
146	325
146	325
146	325
147	325
147	325
147	325
147	325
147	325
147	325
147	325
147	325
147	325
147	325
147	325
147	325
147	325
147	325
147	325
147	325
147	325
147	325
147	325
147	325
147	325
147	325
147	325
147	325
147	325
147	325
147	325
147	325
147	325
147	325
148	325
148	325
148	325
148	325
148	325
148	325
148	325
148	325
148	325
148	325
148	325
148	325
148	325
148	325
148	325
148	325
148	325
148	325
148	325
148	325
148	325
148	325
148	325
148	325
148	325
148	325
148	325
148	325
148	325
148	325
149	325
149	325
149	325
149	325
149	325
149	325
149	325
149	325
149	325
149	325
149	325
149	325
149	325
149	325
149	325
149	325
149	325
149	325
149	325
149	325
149	325
149	325
149	325
149	325
149	325
149	325
149	325
149	325
149	325
149	325
150	325
150	325
150	325
150	325
150	325
150	325
150	325
150	325
150	325
150	325
150	325
150	325
150	325
150	325
150	325
150	325
150	325
150	325
150	325
150	325
150	325
150	325
150	325
150	325
150	325
150	325
150	325
150	325
150	325
150	325
151	325
151	325
151	325
151	325
151	325
151	325
151	325
151	325
151	325
151	325
151	325
151	325
151	325
151	325
151	325
151	325
151	325
151	325
151	325
151	325
151	325
151	325
151	325
151	325
151	325
151	325
151	325
151	325
151	325
151	325
152	325
152	325
152	325
152	325
152	325
152	325
152	325
152	325
152	325
152	325
152	325
152	325
152	325
152	325
152	325
152	325
152	325
152	325
152	325
152	325
152	325
152	325
152	325
152	325
152	325
152	325
152	325
152	325
152	325
152	325
153	325
153	325
153	325
153	325
153	325
153	325
153	325
153	325
153	325
153	325
153	325
153	325
153	325
153	325
153	325
153	325
153	325
153	325
153	325
153	325
153	325
153	325
153	325
153	325
153	325
153	325
153	325
153	325
153	325
153	325
154	325
154	325
154	325
154	325
154	325
154	325
154	325
154	325
154	325
154	325
154	325
154	325
154	325
154	325
154	325
154	325
154	325
154	325
154	325
154	325
154	325
154	325
154	325
154	325
154	325
154	325
154	325
154	325
154	325
154	325
155	325
155	325
155	325
155	325
155	325
155	325
155	325
155	325
155	325
155	325
155	325
155	325
155	325
155	325
155	325
155	325
155	325
155	325
155	325
155	325
155	325
155	325
155	325
155	325
155	325
155	325
155	325
155	325
155	325
155	325
156	325
156	325
156	325
156	325
156	325
156	325
156	325
156	325
156	325
156	325
156	325
156	325
156	325
156	325
156	325
156	325
156	325
156	325
156	325
156	325
156	325
156	325
156	325
156	325
156	325
156	325
156	325
156	325
156	325
156	325
157	325
157	325
157	325
157	325
157	325
157	325
157	325
157	325
157	325
157	325
157	325
157	325
157	325
157	325
157	325
157	325
157	325
157	325
157	325
157	325
157	325
157	325
157	325
157	325
157	325
157	325
157	325
157	325
157	325
157	325
158	325
158	325
158	325
158	325
158	325
158	325
158	325
158	325
158	325
158	325
158	325
158	325
158	325
158	325
158	325
158	325
158	325
158	325
158	325
158	325
158	325
158	325
158	325
158	325
158	325
158	325
158	325
158	325
158	325
158	325
159	325
159	325
159	325
159	325
159	325
159	325
159	325
159	325
159	325
159	325
159	325
159	325
159	325
159	325
159	325
159	325
159	325
159	325
159	325
159	325
159	325
159	325
159	325
159	325
159	325
159	325
159	325
159	325
159	325
159	325
160	325
160	325
160	325
160	325
160	325
160	325
160	325
160	325
160	325
160	325
160	325
160	325
160	325
160	325
160	325
160	325
160	325
160	325
160	325
160	325
160	325
160	325
160	325
160	325
160	325
160	325
160	325
160	325
160	325
160	325
161	325
161	325
161	325
161	325
161	325
161	325
161	325
161	325
161	325
161	325
161	325
161	325
161	325
161	325
161	325
161	325
161	325
161	325
161	325
161	325
161	325
161	325
161	325
161	325
161	325
161	325
161	325
161	325
161	325
161	325
162	325
162	325
162	325
162	325
162	325
162	325
162	325
162	325
162	325
162	325
162	325
162	325
162	325
162	325
162	325
162	325
162	325
162	325
162	325
162	325
162	325
162	325
162	325
162	325
162	325
162	325
162	325
162	325
162	325
162	325
163	325
163	325
163	325
163	325
163	325
163	325
163	325
163	325
163	325
163	325
163	325
163	325
163	325
163	325
163	325
163	325
163	325
163	325
163	325
163	325
163	325
163	325
163	325
163	325
163	325
163	325
163	325
163	325
163	325
163	325
164	325
164	325
164	325
164	325
164	325
164	325
164	325
164	325
164	325
164	325
164	325
164	325
164	325
164	325
164	325
164	325
164	325
164	325
164	325
164	325
164	325
164	325
164	325
164	325
164	325
164	325
164	325
164	325
164	325
164	325
165	325
165	325
165	325
165	325
165	325
165	325
165	325
165	325
165	325
165	325
165	325
165	325
165	325
165	325
165	325
165	325
165	325
165	325
165	325
165	325
165	325
165	325
165	325
165	325
165	325
165	325
165	325
165	325
165	325
165	325
166	325
166	325
166	325
166	325
166	325
166	325
166	325
166	325
166	325
166	325
166	325
166	325
166	325
166	325
166	325
166	325
166	325
166	325
166	325
166	325
166	325
166	325
166	325
166	325
166	325
166	325
166	325
166	325
166	325
166	325
167	325
167	325
167	325
167	325
167	325
167	325
167	325
167	325
167	325
167	325
167	325
167	325
167	325
167	325
167	325
167	325
167	325
167	325
167	325
167	325
167	325
167	325
167	325
167	325
167	325
167	325
167	325
167	325
167	325
167	325
168	325
168	325
168	325
168	325
168	325
168	325
168	325
168	325
168	325
168	325
168	325
168	325
168	325
168	325
168	325
168	325
168	325
168	325
168	325
168	325
168	325
168	325
168	325
168	325
168	325
168	325
168	325
168	325
168	325
168	325
169	325
169	325
169	325
169	325
169	325
169	325
169	325
169	325
169	325
169	325
169	325
169	325
169	325
169	325
169	325
169	325
169	325
169	325
169	325
169	325
169	325
169	325
169	325
169	325
169	325
169	325
169	325
169	325
169	325
169	325
170	325
170	325
170	325
170	325
170	325
170	325
170	325
170	325
170	325
170	325
170	325
170	325
170	325
170	325
170	325
170	325
170	325
170	325
170	325
170	325
170	325
170	325
170	325
170	325
170	325
170	325
170	325
170	325
170	325
170	325
171	325
171	325
171	325
171	325
171	325
171	325
171	325
171	325
171	325
171	325
171	325
171	325
171	325
171	325
171	325
171	325
171	325
171	325
171	325
171	325
171	325
171	325
171	325
171	325
171	325
171	325
171	325
171	325
171	325
171	325
172	325
172	325
172	325
172	325
172	325
172	325
172	325
172	325
172	325
172	325
172	325
172	325
172	325
172	325
172	325
172	325
172	325
172	325
172	325
172	325
172	325
172	325
172	325
172	325
172	325
172	325
172	325
172	325
172	325
172	325
173	325
173	325
173	325
173	325
173	325
173	325
173	325
173	325
173	325
173	325
173	325
173	325
173	325
173	325
173	325
173	325
173	325
173	325
173	325
173	325
173	325
173	325
173	325
173	325
173	325
173	325
173	325
173	325
173	325
173	325
174	325
174	325
174	325
174	325
174	325
174	325
174	325
174	325
174	325
174	325
174	325
174	325
174	325
174	325
174	325
174	325
174	325
174	325
174	325
174	325
174	325
174	325
174	325
174	325
174	325
174	325
174	325
174	325
174	325
174	325
175	325
175	325
175	325
175	325
175	325
175	325
175	325
175	325
175	325
175	325
175	325
175	325
175	325
175	325
175	325
175	325
175	325
175	325
175	325
175	325
175	325
175	325
175	325
175	325
175	325
175	325
175	325
175	325
175	325
175	325
176	325
176	325
176	325
176	325
176	325
176	325
176	325
176	325
176	325
176	325
176	325
176	325
176	325
176	325
176	325
176	325
176	325
176	325
176	325
176	325
176	325
176	325
176	325
176	325
176	325
176	325
176	325
176	325
176	325
176	325
177	325
177	325
177	325
177	325
177	325
177	325
177	325
177	325
177	325
177	325
177	325
177	325
177	325
177	325
177	325
177	325
177	325
177	325
177	325
177	325
177	325
177	325
177	325
177	325
177	325
177	325
177	325
177	325
177	325
177	325
178	325
178	325
178	325
178	325
178	325
178	325
178	325
178	325
178	325
178	325
178	325
178	325
178	325
178	325
178	325
178	325
178	325
178	325
178	325
178	325
178	325
178	325
178	325
178	325
178	325
178	325
178	325
178	325
178	325
178	325
179	325
179	325
179	325
179	325
179	325
179	325
179	325
179	325
179	325
179	325
179	325
179	325
179	325
179	325
179	325
179	325
179	325
179	325
179	325
179	325
179	325
179	325
179	325
179	325
179	325
179	325
179	325
179	325
179	325
179	325
180	325
180	325
180	325
180	325
180	325
180	325
180	325
180	325
180	325
180	325
180	325
180	325
180	325
180	325
180	325
180	325
180	325
180	325
180	325
180	325
180	325
180	325
180	325
180	325
180	325
180	325
180	325
180	325
180	325
180	325
181	325
181	325
181	325
181	325
181	325
181	325
181	325
181	325
181	325
181	325
181	325
181	325
181	325
181	325
181	325
181	325
181	325
181	325
181	325
181	325
181	325
181	325
181	325
181	325
181	325
181	325
181	325
181	325
181	325
181	325
182	325
182	325
182	325
182	325
182	325
182	325
182	325
182	325
182	325
182	325
182	325
182	325
182	325
182	325
182	325
182	325
182	325
182	325
182	325
182	325
182	325
182	325
182	325
182	325
182	325
182	325
182	325
182	325
182	325
182	325
183	325
183	325
183	325
183	325
183	325
183	325
183	325
183	325
183	325
183	325
183	325
183	325
183	325
183	325
183	325
183	325
183	325
183	325
183	325
183	325
183	325
183	325
183	325
183	325
183	325
183	325
183	325
183	325
183	325
183	325
184	325
184	325
184	325
184	325
184	325
184	325
184	325
184	325
184	325
184	325
184	325
184	325
184	325
184	325
184	325
184	325
184	325
184	325
184	325
184	325
184	325
184	325
184	325
184	325
184	325
184	325
184	325
184	325
184	325
184	325
185	325
185	325
185	325
185	325
185	325
185	325
185	325
185	325
185	325
185	325
185	325
185	325
185	325
185	325
185	325
185	325
185	325
185	325
185	325
185	325
185	325
185	325
185	325
185	325
185	325
185	325
185	325
185	325
185	325
185	325
186	325
186	325
186	325
186	325
186	325
186	325
186	325
186	325
186	325
186	325
186	325
186	325
186	325
186	325
186	325
186	325
186	325
186	325
186	325
186	325
186	325
186	325
186	325
186	325
186	325
186	325
186	325
186	325
186	325
186	325
187	325
187	325
187	325
187	325
187	325
187	325
187	325
187	325
187	325
187	325
187	325
187	325
187	325
187	325
187	325
187	325
187	325
187	325
187	325
187	325
187	325
187	325
187	325
187	325
187	325
187	325
187	325
187	325
187	325
187	325
188	325
188	325
188	325
188	325
188	325
188	325
188	325
188	325
188	325
188	325
188	325
188	325
188	325
188	325
188	325
188	325
188	325
188	325
188	325
188	325
188	325
188	325
188	325
188	325
188	325
188	325
188	325
188	325
188	325
188	325
189	325
189	325
189	325
189	325
189	325
189	325
189	325
189	325
189	325
189	325
189	325
189	325
189	325
189	325
189	325
189	325
189	325
189	325
189	325
189	325
189	325
189	325
189	325
189	325
189	325
189	325
189	325
189	325
189	325
189	325
190	325
190	325
190	325
190	325
190	325
190	325
190	325
190	325
190	325
190	325
190	325
190	325
190	325
190	325
190	325
190	325
190	325
190	325
190	325
190	325
190	325
190	325
190	325
190	325
190	325
190	325
190	325
190	325
190	325
190	325
191	325
191	325
191	325
191	325
191	325
191	325
191	325
191	325
191	325
191	325
191	325
191	325
191	325
191	325
191	325
191	325
191	325
191	325
191	325
191	325
191	325
191	325
191	325
191	325
191	325
191	325
191	325
191	325
191	325
191	325
192	325
192	325
192	325
192	325
192	325
192	325
192	325
192	325
192	325
192	325
192	325
192	325
192	325
192	325
192	325
192	325
192	325
192	325
192	325
192	325
192	325
192	325
192	325
192	325
192	325
192	325
192	325
192	325
192	325
192	325
193	325
193	325
193	325
193	325
193	325
193	325
193	325
193	325
193	325
193	325
193	325
193	325
193	325
193	325
193	325
193	325
193	325
193	325
193	325
193	325
193	325
193	325
193	325
193	325
193	325
193	325
193	325
193	325
193	325
193	325
194	325
194	325
194	325
194	325
194	325
194	325
194	325
194	325
194	325
194	325
194	325
194	325
194	325
194	325
194	325
194	325
194	325
194	325
194	325
194	325
194	325
194	325
194	325
194	325
194	325
194	325
194	325
194	325
194	325
194	325
195	325
195	325
195	325
195	325
195	325
195	325
195	325
195	325
195	325
195	325
195	325
195	325
195	325
195	325
195	325
195	325
195	325
195	325
195	325
195	325
195	325
195	325
195	325
195	325
195	325
195	325
195	325
195	325
195	325
195	325
196	325
196	325
196	325
196	325
196	325
196	325
196	325
196	325
196	325
196	325
196	325
196	325
196	325
196	325
196	325
196	325
196	325
196	325
196	325
196	325
196	325
196	325
196	325
196	325
196	325
196	325
196	325
196	325
196	325
196	325
197	325
197	325
197	325
197	325
197	325
197	325
197	325
197	325
197	325
197	325
197	325
197	325
197	325
197	325
197	325
197	325
197	325
197	325
197	325
197	325
197	325
197	325
197	325
197	325
197	325
197	325
197	325
197	325
197	325
197	325
198	325
198	325
198	325
198	325
198	325
198	325
198	325
198	325
198	325
198	325
198	325
198	325
198	325
198	325
198	325
198	325
198	325
198	325
198	325
198	325
198	325
198	325
198	325
198	325
198	325
198	325
198	325
198	325
198	325
198	325
199	325
199	325
199	325
199	325
199	325
199	325
199	325
199	325
199	325
199	325
199	325
199	325
199	325
199	325
199	325
199	325
199	325
199	325
199	325
199	325
199	325
199	325
199	325
199	325
199	325
199	325
199	325
199	325
199	325
199	325
200	325
200	325
200	325
200	325
200	325
200	325
200	325
200	325
200	325
200	325
200	325
200	325
200	325
200	325
200	325
200	325
200	325
200	325
200	325
200	325
200	325
200	325
200	325
200	325
200	325
200	325
200	325
200	325
200	325
200	325
201	325
201	325
201	325
201	325
201	325
201	325
201	325
201	325
201	325
201	325
201	325
201	325
201	325
201	325
201	325
201	325
201	325
201	325
201	325
201	325
201	325
201	325
201	325
201	325
201	325
201	325
201	325
201	325
201	325
201	325
202	325
202	325
202	325
202	325
202	325
202	325
202	325
202	325
202	325
202	325
202	325
202	325
202	325
202	325
202	325
202	325
202	325
202	325
202	325
202	325
202	325
202	325
202	325
202	325
202	325
202	325
202	325
202	325
202	325
202	325
203	325
203	325
203	325
203	325
203	325
203	325
203	325
203	325
203	325
203	325
203	325
203	325
203	325
203	325
203	325
203	325
203	325
203	325
203	325
203	325
203	325
203	325
203	325
203	325
203	325
203	325
203	325
203	325
203	325
203	325
204	325
204	325
204	325
204	325
204	325
204	325
204	325
204	325
204	325
204	325
204	325
204	325
204	325
204	325
204	325
204	325
204	325
204	325
204	325
204	325
204	325
204	325
204	325
204	325
204	325
204	325
204	325
204	325
204	325
204	325
205	325
205	325
205	325
205	325
205	325
205	325
205	325
205	325
205	325
205	325
205	325
205	325
205	325
205	325
205	325
205	325
205	325
205	325
205	325
205	325
205	325
205	325
205	325
205	325
205	325
205	325
205	325
205	325
205	325
205	325
206	325
206	325
206	325
206	325
206	325
206	325
206	325
206	325
206	325
206	325
206	325
206	325
206	325
206	325
206	325
206	325
206	325
206	325
206	325
206	325
206	325
206	325
206	325
206	325
206	325
206	325
206	325
206	325
206	325
206	325
207	325
207	325
207	325
207	325
207	325
207	325
207	325
207	325
207	325
207	325
207	325
207	325
207	325
207	325
207	325
207	325
207	325
207	325
207	325
207	325
207	325
207	325
207	325
207	325
207	325
207	325
207	325
207	325
207	325
207	325
208	325
208	325
208	325
208	325
208	325
208	325
208	325
208	325
208	325
208	325
208	325
208	325
208	325
208	325
208	325
208	325
208	325
208	325
208	325
208	325
208	325
208	325
208	325
208	325
208	325
208	325
208	325
208	325
208	325
208	325
209	325
209	325
209	325
209	325
209	325
209	325
209	325
209	325
209	325
209	325
209	325
209	325
209	325
209	325
209	325
209	325
209	325
209	325
209	325
209	325
209	325
209	325
209	325
209	325
209	325
209	325
209	325
209	325
209	325
209	325
210	325
210	325
210	325
210	325
210	325
210	325
210	325
210	325
210	325
210	325
210	325
210	325
210	325
210	325
210	325
210	325
210	325
210	325
210	325
210	325
210	325
210	325
210	325
210	325
210	325
210	325
210	325
210	325
210	325
210	325
211	325
211	325
211	325
211	325
211	325
211	325
211	325
211	325
211	325
211	325
211	325
211	325
211	325
211	325
211	325
211	325
211	325
211	325
211	325
211	325
211	325
211	325
211	325
211	325
211	325
211	325
211	325
211	325
211	325
211	325
212	325
212	325
212	325
212	325
212	325
212	325
212	325
212	325
212	325
212	325
212	325
212	325
212	325
212	325
212	325
212	325
212	325
212	325
212	325
212	325
212	325
212	325
212	325
212	325
212	325
212	325
212	325
212	325
212	325
212	325
213	325
213	325
213	325
213	325
213	325
213	325
213	325
213	325
213	325
213	325
213	325
213	325
213	325
213	325
213	325
213	325
213	325
213	325
213	325
213	325
213	325
213	325
213	325
213	325
213	325
213	325
213	325
213	325
213	325
213	325
214	325
214	325
214	325
214	325
214	325
214	325
214	325
214	325
214	325
214	325
214	325
214	325
214	325
214	325
214	325
214	325
214	325
214	325
214	325
214	325
214	325
214	325
214	325
214	325
214	325
214	325
214	325
214	325
214	325
214	325
215	325
215	325
215	325
215	325
215	325
215	325
215	325
215	325
215	325
215	325
215	325
215	325
215	325
215	325
215	325
215	325
215	325
215	325
215	325
215	325
215	325
215	325
215	325
215	325
215	325
215	325
215	325
215	325
215	325
215	325
216	325
216	325
216	325
216	325
216	325
216	325
216	325
216	325
216	325
216	325
216	325
216	325
216	325
216	325
216	325
216	325
216	325
216	325
216	325
216	325
216	325
216	325
216	325
216	325
216	325
216	325
216	325
216	325
216	325
216	325
217	325
217	325
217	325
217	325
217	325
217	325
217	325
217	325
217	325
217	325
217	325
217	325
217	325
217	325
217	325
217	325
217	325
217	325
217	325
217	325
217	325
217	325
217	325
217	325
217	325
217	325
217	325
217	325
217	325
217	325
218	325
218	325
218	325
218	325
218	325
218	325
218	325
218	325
218	325
218	325
218	325
218	325
218	325
218	325
218	325
218	325
218	325
218	325
218	325
218	325
218	325
218	325
218	325
218	325
218	325
218	325
218	325
218	325
218	325
218	325
219	325
219	325
219	325
219	325
219	325
219	325
219	325
219	325
219	325
219	325
219	325
219	325
219	325
219	325
219	325
219	325
219	325
219	325
219	325
219	325
219	325
219	325
219	325
219	325
219	325
219	325
219	325
219	325
219	325
219	325
220	325
220	325
220	325
220	325
220	325
220	325
220	325
220	325
220	325
220	325
220	325
220	325
220	325
220	325
220	325
220	325
220	325
220	325
220	325
220	325
220	325
220	325
220	325
220	325
220	325
220	325
220	325
220	325
220	325
220	325
221	325
221	325
221	325
221	325
221	325
221	325
221	325
221	325
221	325
221	325
221	325
221	325
221	325
221	325
221	325
221	325
221	325
221	325
221	325
221	325
221	325
221	325
221	325
221	325
221	325
221	325
221	325
221	325
221	325
221	325
222	325
222	325
222	325
222	325
222	325
222	325
222	325
222	325
222	325
222	325
222	325
222	325
222	325
222	325
222	325
222	325
222	325
222	325
222	325
222	325
222	325
222	325
222	325
222	325
222	325
222	325
222	325
222	325
222	325
222	325
223	325
223	325
223	325
223	325
223	325
223	325
223	325
223	325
223	325
223	325
223	325
223	325
223	325
223	325
223	325
223	325
223	325
223	325
223	325
223	325
223	325
223	325
223	325
223	325
223	325
223	325
223	325
223	325
223	325
223	325
224	325
224	325
224	325
224	325
224	325
224	325
224	325
224	325
224	325
224	325
224	325
224	325
224	325
224	325
224	325
224	325
224	325
224	325
224	325
224	325
224	325
224	325
224	325
224	325
224	325
224	325
224	325
224	325
224	325
224	325
225	325
225	325
225	325
225	325
225	325
225	325
225	325
225	325
225	325
225	325
225	325
225	325
225	325
225	325
225	325
225	325
225	325
225	325
225	325
225	325
225	325
225	325
225	325
225	325
225	325
225	325
225	325
225	325
225	325
225	325
226	325
226	325
226	325
226	325
226	325
226	325
226	325
226	325
226	325
226	325
226	325
226	325
226	325
226	325
226	325
226	325
226	325
226	325
226	325
226	325
226	325
226	325
226	325
226	325
226	325
226	325
226	325
226	325
226	325
226	325
227	325
227	325
227	325
227	325
227	325
227	325
227	325
227	325
227	325
227	325
227	325
227	325
227	325
227	325
227	325
227	325
227	325
227	325
227	325
227	325
227	325
227	325
227	325
227	325
227	325
227	325
227	325
227	325
227	325
227	325
228	325
228	325
228	325
228	325
228	325
228	325
228	325
228	325
228	325
228	325
228	325
228	325
228	325
228	325
228	325
228	325
228	325
228	325
228	325
228	325
228	325
228	325
228	325
228	325
228	325
228	325
228	325
228	325
228	325
228	325
229	325
229	325
229	325
229	325
229	325
229	325
229	325
229	325
229	325
229	325
229	325
229	325
229	325
229	325
229	325
229	325
229	325
229	325
229	325
229	325
229	325
229	325
229	325
229	325
229	325
229	325
229	325
229	325
229	325
229	325
230	325
230	325
230	325
230	325
230	325
230	325
230	325
230	325
230	325
230	325
230	325
230	325
230	325
230	325
230	325
230	325
230	325
230	325
230	325
230	325
230	325
230	325
230	325
230	325
230	325
230	325
230	325
230	325
230	325
230	325
231	325
231	325
231	325
231	325
231	325
231	325
231	325
231	325
231	325
231	325
231	325
231	325
231	325
231	325
231	325
231	325
231	325
231	325
231	325
231	325
231	325
231	325
231	325
231	325
231	325
231	325
231	325
231	325
231	325
231	325
232	325
232	325
232	325
232	325
232	325
232	325
232	325
232	325
232	325
232	325
232	325
232	325
232	325
232	325
232	325
232	325
232	325
232	325
232	325
232	325
232	325
232	325
232	325
232	325
232	325
232	325
232	325
232	325
232	325
232	325
233	325
233	325
233	325
233	325
233	325
233	325
233	325
233	325
233	325
233	325
233	325
233	325
233	325
233	325
233	325
233	325
233	325
233	325
233	325
233	325
233	325
233	325
233	325
233	325
233	325
233	325
233	325
233	325
233	325
233	325
234	325
234	325
234	325
234	325
234	325
234	325
234	325
234	325
234	325
234	325
234	325
234	325
234	325
234	325
234	325
234	325
234	325
234	325
234	325
234	325
234	325
234	325
234	325
234	325
234	325
234	325
234	325
234	325
234	325
234	325
235	325
235	325
235	325
235	325
235	325
235	325
235	325
235	325
235	325
235	325
235	325
235	325
235	325
235	325
235	325
235	325
235	325
235	325
235	325
235	325
235	325
235	325
235	325
235	325
235	325
235	325
235	325
235	325
235	325
235	325
236	325
236	325
236	325
236	325
236	325
236	325
236	325
236	325
236	325
236	325
236	325
236	325
236	325
236	325
236	325
236	325
236	325
236	325
236	325
236	325
236	325
236	325
236	325
236	325
236	325
236	325
236	325
236	325
236	325
236	325
237	325
237	325
237	325
237	325
237	325
237	325
237	325
237	325
237	325
237	325
237	325
237	325
237	325
237	325
237	325
237	325
237	325
237	325
237	325
237	325
237	325
237	325
237	325
237	325
237	325
237	325
237	325
237	325
237	325
237	325
238	325
238	325
238	325
238	325
238	325
238	325
238	325
238	325
238	325
238	325
238	325
238	325
238	325
238	325
238	325
238	325
238	325
238	325
238	325
238	325
238	325
238	325
238	325
238	325
238	325
238	325
238	325
238	325
238	325
238	325
239	325
239	325
239	325
239	325
239	325
239	325
239	325
239	325
239	325
239	325
239	325
239	325
239	325
239	325
239	325
239	325
239	325
239	325
239	325
239	325
239	325
239	325
239	325
239	325
239	325
239	325
239	325
239	325
239	325
239	325
240	325
240	325
240	325
240	325
240	325
240	325
240	325
240	325
240	325
240	325
240	325
240	325
240	325
240	325
240	325
240	325
240	325
240	325
240	325
240	325
240	325
240	325
240	325
240	325
240	325
240	325
240	325
240	325
240	325
240	325
241	325
241	325
241	325
241	325
241	325
241	325
241	325
241	325
241	325
241	325
241	325
241	325
241	325
241	325
241	325
241	325
241	325
241	325
241	325
241	325
241	325
241	325
241	325
241	325
241	325
241	325
241	325
241	325
241	325
241	325
242	325
242	325
242	325
242	325
242	325
242	325
242	325
242	325
242	325
242	325
242	325
242	325
242	325
242	325
242	325
242	325
242	325
242	325
242	325
242	325
242	325
242	325
242	325
242	325
242	325
242	325
242	325
242	325
242	325
242	325
243	325
243	325
243	325
243	325
243	325
243	325
243	325
243	325
243	325
243	325
243	325
243	325
243	325
243	325
243	325
243	325
243	325
243	325
243	325
243	325
243	325
243	325
243	325
243	325
243	325
243	325
243	325
243	325
243	325
243	325
244	325
244	325
244	325
244	325
244	325
244	325
244	325
244	325
244	325
244	325
244	325
244	325
244	325
244	325
244	325
244	325
244	325
244	325
244	325
244	325
244	325
244	325
244	325
244	325
244	325
244	325
244	325
244	325
244	325
244	325
245	325
245	325
245	325
245	325
245	325
245	325
245	325
245	325
245	325
245	325
245	325
245	325
245	325
245	325
245	325
245	325
245	325
245	325
245	325
245	325
245	325
245	325
245	325
245	325
245	325
245	325
245	325
245	325
245	325
245	325
246	325
246	325
246	325
246	325
246	325
246	325
246	325
246	325
246	325
246	325
246	325
246	325
246	325
246	325
246	325
246	325
246	325
246	325
246	325
246	325
246	325
246	325
246	325
246	325
246	325
246	325
246	325
246	325
246	325
246	325
247	325
247	325
247	325
247	325
247	325
247	325
247	325
247	325
247	325
247	325
247	325
247	325
247	325
247	325
247	325
247	325
247	325
247	325
247	325
247	325
247	325
247	325
247	325
247	325
247	325
247	325
247	325
247	325
247	325
247	325
248	325
248	325
248	325
248	325
248	325
248	325
248	325
248	325
248	325
248	325
248	325
248	325
248	325
248	325
248	325
248	325
248	325
248	325
248	325
248	325
248	325
248	325
248	325
248	325
248	325
248	325
248	325
248	325
248	325
248	325
249	325
249	325
249	325
249	325
249	325
249	325
249	325
249	325
249	325
249	325
249	325
249	325
249	325
249	325
249	325
249	325
249	325
249	325
249	325
249	325
249	325
249	325
249	325
249	325
249	325
249	325
249	325
249	325
249	325
249	325
250	325
250	325
250	325
250	325
250	325
250	325
250	325
250	325
250	325
250	325
250	325
250	325
250	325
250	325
250	325
250	325
250	325
250	325
250	325
250	325
250	325
250	325
250	325
250	325
250	325
250	325
250	325
250	325
250	325
250	325
251	325
251	325
251	325
251	325
251	325
251	325
251	325
251	325
251	325
251	325
251	325
251	325
251	325
251	325
251	325
251	325
251	325
251	325
251	325
251	325
251	325
251	325
251	325
251	325
251	325
251	325
251	325
251	325
251	325
251	325
252	325
252	325
252	325
252	325
252	325
252	325
252	325
252	325
252	325
252	325
252	325
252	325
252	325
252	325
252	325
252	325
252	325
252	325
252	325
252	325
252	325
252	325
252	325
252	325
252	325
252	325
252	325
252	325
252	325
252	325
253	325
253	325
253	325
253	325
253	325
253	325
253	325
253	325
253	325
253	325
253	325
253	325
253	325
253	325
253	325
253	325
253	325
253	325
253	325
253	325
253	325
253	325
253	325
253	325
253	325
253	325
253	325
253	325
253	325
253	325
254	325
254	325
254	325
254	325
254	325
254	325
254	325
254	325
254	325
254	325
254	325
254	325
254	325
254	325
254	325
254	325
254	325
254	325
254	325
254	325
254	325
254	325
254	325
254	325
254	325
254	325
254	325
254	325
254	325
254	325
255	325
255	325
255	325
255	325
255	325
255	325
255	325
255	325
255	325
255	325
255	325
255	325
255	325
255	325
255	325
255	325
255	325
255	325
255	325
255	325
255	325
255	325
255	325
255	325
255	325
255	325
255	325
255	325
255	325
255	325
256	325
256	325
256	325
256	325
256	325
256	325
256	325
256	325
256	325
256	325
256	325
256	325
256	325
256	325
256	325
256	325
256	325
256	325
256	325
256	325
256	325
256	325
256	325
256	325
256	325
256	325
256	325
256	325
256	325
256	325
257	325
257	325
257	325
257	325
257	325
257	325
257	325
257	325
257	325
257	325
257	325
257	325
257	325
257	325
257	325
257	325
257	325
257	325
257	325
257	325
257	325
257	325
257	325
257	325
257	325
257	325
257	325
257	325
257	325
257	325
258	325
258	325
258	325
258	325
258	325
258	325
258	325
258	325
258	325
258	325
258	325
258	325
258	325
258	325
258	325
258	325
258	325
258	325
258	325
258	325
258	325
258	325
258	325
258	325
258	325
258	325
258	325
258	325
258	325
258	325
259	325
259	325
259	325
259	325
259	325
259	325
259	325
259	325
259	325
259	325
259	325
259	325
259	325
259	325
259	325
259	325
259	325
259	325
259	325
259	325
259	325
259	325
259	325
259	325
259	325
259	325
259	325
259	325
259	325
259	325
260	325
260	325
260	325
260	325
260	325
260	325
260	325
260	325
260	325
260	325
260	325
260	325
260	325
260	325
260	325
260	325
260	325
260	325
260	325
260	325
260	325
260	325
260	325
260	325
260	325
260	325
260	325
260	325
260	325
260	325
261	325
261	325
261	325
261	325
261	325
261	325
261	325
261	325
261	325
261	325
261	325
261	325
261	325
261	325
261	325
261	325
261	325
261	325
261	325
261	325
261	325
261	325
261	325
261	325
261	325
261	325
261	325
261	325
261	325
261	325
262	325
262	325
262	325
262	325
262	325
262	325
262	325
262	325
262	325
262	325
262	325
262	325
262	325
262	325
262	325
262	325
262	325
262	325
262	325
262	325
262	325
262	325
262	325
262	325
262	325
262	325
262	325
262	325
262	325
262	325
263	325
263	325
263	325
263	325
263	325
263	325
263	325
263	325
263	325
263	325
263	325
263	325
263	325
263	325
263	325
263	325
263	325
263	325
263	325
263	325
263	325
263	325
263	325
263	325
263	325
263	325
263	325
263	325
263	325
263	325
264	325
264	325
264	325
264	325
264	325
264	325
264	325
264	325
264	325
264	325
264	325
264	325
264	325
264	325
264	325
264	325
264	325
264	325
264	325
264	325
264	325
264	325
264	325
264	325
264	325
264	325
264	325
264	325
264	325
264	325
265	325
265	325
265	325
265	325
265	325
265	325
265	325
265	325
265	325
265	325
265	325
265	325
265	325
265	325
265	325
265	325
265	325
265	325
265	325
265	325
265	325
265	325
265	325
265	325
265	325
265	325
265	325
265	325
265	325
265	325
266	325
266	325
266	325
266	325
266	325
266	325
266	325
266	325
266	325
266	325
266	325
266	325
266	325
266	325
266	325
266	325
266	325
266	325
266	325
266	325
266	325
266	325
266	325
266	325
266	325
266	325
266	325
266	325
266	325
266	325
267	325
267	325
267	325
267	325
267	325
267	325
267	325
267	325
267	325
267	325
267	325
267	325
267	325
267	325
267	325
267	325
267	325
267	325
267	325
267	325
267	325
267	325
267	325
267	325
267	325
267	325
267	325
267	325
267	325
267	325
268	325
268	325
268	325
268	325
268	325
268	325
268	325
268	325
268	325
268	325
268	325
268	325
268	325
268	325
268	325
268	325
268	325
268	325
268	325
268	325
268	325
268	325
268	325
268	325
268	325
268	325
268	325
268	325
268	325
268	325
269	325
269	325
269	325
269	325
269	325
269	325
269	325
269	325
269	325
269	325
269	325
269	325
269	325
269	325
269	325
269	325
269	325
269	325
269	325
269	325
269	325
269	325
269	325
269	325
269	325
269	325
269	325
269	325
269	325
269	325
270	325
270	325
270	325
270	325
270	325
270	325
270	325
270	325
270	325
270	325
270	325
270	325
270	325
270	325
270	325
270	325
270	325
270	325
270	325
270	325
270	325
270	325
270	325
270	325
270	325
270	325
270	325
270	325
270	325
270	325
271	325
271	325
271	325
271	325
271	325
271	325
271	325
271	325
271	325
271	325
271	325
271	325
271	325
271	325
271	325
271	325
271	325
271	325
271	325
271	325
271	325
271	325
271	325
271	325
271	325
271	325
271	325
271	325
271	325
271	325
272	325
272	325
272	325
272	325
272	325
272	325
272	325
272	325
272	325
272	325
272	325
272	325
272	325
272	325
272	325
272	325
272	325
272	325
272	325
272	325
272	325
272	325
272	325
272	325
272	325
272	325
272	325
272	325
272	325
272	325
273	325
273	325
273	325
273	325
273	325
273	325
273	325
273	325
273	325
273	325
273	325
273	325
273	325
273	325
273	325
273	325
273	325
273	325
273	325
273	325
273	325
273	325
273	325
273	325
273	325
273	325
273	325
273	325
273	325
273	325
274	325
274	325
274	325
274	325
274	325
274	325
274	325
274	325
274	325
274	325
274	325
274	325
274	325
274	325
274	325
274	325
274	325
274	325
274	325
274	325
274	325
274	325
274	325
274	325
274	325
274	325
274	325
274	325
274	325
274	325
275	325
275	325
275	325
275	325
275	325
275	325
275	325
275	325
275	325
275	325
275	325
275	325
275	325
275	325
275	325
275	325
275	325
275	325
275	325
275	325
275	325
275	325
275	325
275	325
275	325
275	325
275	325
275	325
275	325
275	325
276	325
276	325
276	325
276	325
276	325
276	325
276	325
276	325
276	325
276	325
276	325
276	325
276	325
276	325
276	325
276	325
276	325
276	325
276	325
276	325
276	325
276	325
276	325
276	325
276	325
276	325
276	325
276	325
276	325
276	325
277	325
277	325
277	325
277	325
277	325
277	325
277	325
277	325
277	325
277	325
277	325
277	325
277	325
277	325
277	325
277	325
277	325
277	325
277	325
277	325
277	325
277	325
277	325
277	325
277	325
277	325
277	325
277	325
277	325
277	325
278	325
278	325
278	325
278	325
278	325
278	325
278	325
278	325
278	325
278	325
278	325
278	325
278	325
278	325
278	325
278	325
278	325
278	325
278	325
278	325
278	325
278	325
278	325
278	325
278	325
278	325
278	325
278	325
278	325
278	325
279	325
279	325
279	325
279	325
279	325
279	325
279	325
279	325
279	325
279	325
279	325
279	325
279	325
279	325
279	325
279	325
279	325
279	325
279	325
279	325
279	325
279	325
279	325
279	325
279	325
279	325
279	325
279	325
279	325
279	325
280	325
280	325
280	325
280	325
280	325
280	325
280	325
280	325
280	325
280	325
280	325
280	325
280	325
280	325
280	325
280	325
280	325
280	325
280	325
280	325
280	325
280	325
280	325
280	325
280	325
280	325
280	325
280	325
280	325
280	325
281	325
281	325
281	325
281	325
281	325
281	325
281	325
281	325
281	325
281	325
281	325
281	325
281	325
281	325
281	325
281	325
281	325
281	325
281	325
281	325
281	325
281	325
281	325
281	325
281	325
281	325
281	325
281	325
281	325
281	325
282	325
282	325
282	325
282	325
282	325
282	325
282	325
282	325
282	325
282	325
282	325
282	325
282	325
282	325
282	325
282	325
282	325
282	325
282	325
282	325
282	325
282	325
282	325
282	325
282	325
282	325
282	325
282	325
282	325
282	325
283	325
283	325
283	325
283	325
283	325
283	325
283	325
283	325
283	325
283	325
283	325
283	325
283	325
283	325
283	325
283	325
283	325
283	325
283	325
283	325
283	325
283	325
283	325
283	325
283	325
283	325
283	325
283	325
283	325
283	325
284	325
284	325
284	325
284	325
284	325
284	325
284	325
284	325
284	325
284	325
284	325
284	325
284	325
284	325
284	325
284	325
284	325
284	325
284	325
284	325
284	325
284	325
284	325
284	325
284	325
284	325
284	325
284	325
284	325
284	325
285	325
285	325
285	325
285	325
285	325
285	325
285	325
285	325
285	325
285	325
285	325
285	325
285	325
285	325
285	325
285	325
285	325
285	325
285	325
285	325
285	325
285	325
285	325
285	325
285	325
285	325
285	325
285	325
285	325
285	325
286	325
286	325
286	325
286	325
286	325
286	325
286	325
286	325
286	325
286	325
286	325
286	325
286	325
286	325
286	325
286	325
286	325
286	325
286	325
286	325
286	325
286	325
286	325
286	325
286	325
286	325
286	325
286	325
286	325
286	325
287	325
287	325
287	325
287	325
287	325
287	325
287	325
287	325
287	325
287	325
287	325
287	325
287	325
287	325
287	325
287	325
287	325
287	325
287	325
287	325
287	325
287	325
287	325
287	325
287	325
287	325
287	325
287	325
287	325
287	325
288	325
288	325
288	325
288	325
288	325
288	325
288	325
288	325
288	325
288	325
288	325
288	325
288	325
288	325
288	325
288	325
288	325
288	325
288	325
288	325
288	325
288	325
288	325
288	325
288	325
288	325
288	325
288	325
288	325
288	325
289	325
289	325
289	325
289	325
289	325
289	325
289	325
289	325
289	325
289	325
289	325
289	325
289	325
289	325
289	325
289	325
289	325
289	325
289	325
289	325
289	325
289	325
289	325
289	325
289	325
289	325
289	325
289	325
289	325
289	325
290	325
290	325
290	325
290	325
290	325
290	325
290	325
290	325
290	325
290	325
290	325
290	325
290	325
290	325
290	325
290	325
290	325
290	325
290	325
290	325
290	325
290	325
290	325
290	325
290	325
290	325
290	325
290	325
290	325
290	325
291	325
291	325
291	325
291	325
291	325
291	325
291	325
291	325
291	325
291	325
291	325
291	325
291	325
291	325
291	325
291	325
291	325
291	325
291	325
291	325
291	325
291	325
291	325
291	325
291	325
291	325
291	325
291	325
291	325
291	325
292	325
292	325
292	325
292	325
292	325
292	325
292	325
292	325
292	325
292	325
292	325
292	325
292	325
292	325
292	325
292	325
292	325
292	325
292	325
292	325
292	325
292	325
292	325
292	325
292	325
292	325
292	325
292	325
292	325
292	325
293	325
293	325
293	325
293	325
293	325
293	325
293	325
293	325
293	325
293	325
293	325
293	325
293	325
293	325
293	325
293	325
293	325
293	325
293	325
293	325
293	325
293	325
293	325
293	325
293	325
293	325
293	325
293	325
293	325
293	325
294	325
294	325
294	325
294	325
294	325
294	325
294	325
294	325
294	325
294	325
294	325
294	325
294	325
294	325
294	325
294	325
294	325
294	325
294	325
294	325
294	325
294	325
294	325
294	325
294	325
294	325
294	325
294	325
294	325
294	325
295	325
295	325
295	325
295	325
295	325
295	325
295	325
295	325
295	325
295	325
295	325
295	325
295	325
295	325
295	325
295	325
295	325
295	325
295	325
295	325
295	325
295	325
295	325
295	325
295	325
295	325
295	325
295	325
295	325
295	325
296	325
296	325
296	325
296	325
296	325
296	325
296	325
296	325
296	325
296	325
296	325
296	325
296	325
296	325
296	325
296	325
296	325
296	325
296	325
296	325
296	325
296	325
296	325
296	325
296	325
296	325
296	325
296	325
296	325
296	325
297	325
297	325
297	325
297	325
297	325
297	325
297	325
297	325
297	325
297	325
297	325
297	325
297	325
297	325
297	325
297	325
297	325
297	325
297	325
297	325
297	325
297	325
297	325
297	325
297	325
297	325
297	325
297	325
297	325
297	325
298	325
298	325
298	325
298	325
298	325
298	325
298	325
298	325
298	325
298	325
298	325
298	325
298	325
298	325
298	325
298	325
298	325
298	325
298	325
298	325
298	325
298	325
298	325
298	325
298	325
298	325
298	325
298	325
298	325
298	325
299	325
299	325
299	325
299	325
299	325
299	325
299	325
299	325
299	325
299	325
299	325
299	325
299	325
299	325
299	325
299	325
299	325
299	325
299	325
299	325
299	325
299	325
299	325
299	325
299	325
299	325
299	325
299	325
299	325
299	325
300	325
300	325
300	325
300	325
300	325
300	325
300	325
300	325
300	325
300	325
300	325
300	325
300	325
300	325
300	325
300	325
300	325
300	325
300	325
300	325
300	325
300	325
300	325
300	325
300	325
300	325
300	325
300	325
300	325
300	325
301	325
301	325
301	325
301	325
301	325
301	325
301	325
301	325
301	325
301	325
301	325
301	325
301	325
301	325
301	325
301	325
301	325
301	325
301	325
301	325
301	325
301	325
301	325
301	325
301	325
301	325
301	325
301	325
301	325
301	325
302	325
302	325
302	325
302	325
302	325
302	325
302	325
302	325
302	325
302	325
302	325
302	325
302	325
302	325
302	325
302	325
302	325
302	325
302	325
302	325
302	325
302	325
302	325
302	325
302	325
302	325
302	325
302	325
302	325
302	325
303	325
303	325
303	325
303	325
303	325
303	325
303	325
303	325
303	325
303	325
303	325
303	325
303	325
303	325
303	325
303	325
303	325
303	325
303	325
303	325
303	325
303	325
303	325
303	325
303	325
303	325
303	325
303	325
303	325
303	325
304	325
304	325
304	325
304	325
304	325
304	325
304	325
304	325
304	325
304	325
304	325
304	325
304	325
304	325
304	325
304	325
304	325
304	325
304	325
304	325
304	325
304	325
304	325
304	325
304	325
304	325
304	325
304	325
304	325
304	325
305	325
305	325
305	325
305	325
305	325
305	325
305	325
305	325
305	325
305	325
305	325
305	325
305	325
305	325
305	325
305	325
305	325
305	325
305	325
305	325
305	325
305	325
305	325
305	325
305	325
305	325
305	325
305	325
305	325
305	325
306	325
306	325
306	325
306	325
306	325
306	325
306	325
306	325
306	325
306	325
306	325
306	325
306	325
306	325
306	325
306	325
306	325
306	325
306	325
306	325
306	325
306	325
306	325
306	325
306	325
306	325
306	325
306	325
306	325
306	325
307	325
307	325
307	325
307	325
307	325
307	325
307	325
307	325
307	325
307	325
307	325
307	325
307	325
307	325
307	325
307	325
307	325
307	325
307	325
307	325
307	325
307	325
307	325
307	325
307	325
307	325
307	325
307	325
307	325
307	325
308	325
308	325
308	325
308	325
308	325
308	325
308	325
308	325
308	325
308	325
308	325
308	325
308	325
308	325
308	325
308	325
308	325
308	325
308	325
308	325
308	325
308	325
308	325
308	325
308	325
308	325
308	325
308	325
308	325
308	325
309	325
309	325
309	325
309	325
309	325
309	325
309	325
309	325
309	325
309	325
309	325
309	325
309	325
309	325
309	325
309	325
309	325
309	325
309	325
309	325
309	325
309	325
309	325
309	325
309	325
309	325
309	325
309	325
309	325
309	325
310	325
310	325
310	325
310	325
310	325
310	325
310	325
310	325
310	325
310	325
310	325
310	325
310	325
310	325
310	325
310	325
310	325
310	325
310	325
310	325
310	325
310	325
310	325
310	325
310	325
310	325
310	325
310	325
310	325
310	325
311	325
311	325
311	325
311	325
311	325
311	325
311	325
311	325
311	325
311	325
311	325
311	325
311	325
311	325
311	325
311	325
311	325
311	325
311	325
311	325
311	325
311	325
311	325
311	325
311	325
311	325
311	325
311	325
311	325
311	325
312	325
312	325
312	325
312	325
312	325
312	325
312	325
312	325
312	325
312	325
312	325
312	325
312	325
312	325
312	325
312	325
312	325
312	325
312	325
312	325
312	325
312	325
312	325
312	325
312	325
312	325
312	325
312	325
312	325
312	325
313	325
313	325
313	325
313	325
313	325
313	325
313	325
313	325
313	325
313	325
313	325
313	325
313	325
313	325
313	325
313	325
313	325
313	325
313	325
313	325
313	325
313	325
313	325
313	325
313	325
313	325
313	325
313	325
313	325
313	325
314	325
314	325
314	325
314	325
314	325
314	325
314	325
314	325
314	325
314	325
314	325
314	325
314	325
314	325
314	325
314	325
314	325
314	325
314	325
314	325
314	325
314	325
314	325
314	325
314	325
314	325
314	325
314	325
314	325
314	325
315	325
315	325
315	325
315	325
315	325
315	325
315	325
315	325
315	325
315	325
315	325
315	325
315	325
315	325
315	325
315	325
315	325
315	325
315	325
315	325
315	325
315	325
315	325
315	325
315	325
315	325
315	325
315	325
315	325
315	325
316	325
316	325
316	325
316	325
316	325
316	325
316	325
316	325
316	325
316	325
316	325
316	325
316	325
316	325
316	325
316	325
316	325
316	325
316	325
316	325
316	325
316	325
316	325
316	325
316	325
316	325
316	325
316	325
316	325
316	325
317	325
317	325
317	325
317	325
317	325
317	325
317	325
317	325
317	325
317	325
317	325
317	325
317	325
317	325
317	325
317	325
317	325
317	325
317	325
317	325
317	325
317	325
317	325
317	325
317	325
317	325
317	325
317	325
317	325
317	325
318	325
318	325
318	325
318	325
318	325
318	325
318	325
318	325
318	325
318	325
318	325
318	325
318	325
318	325
318	325
318	325
318	325
318	325
318	325
318	325
318	325
318	325
318	325
318	325
318	325
318	325
318	325
318	325
318	325
318	325
319	325
319	325
319	325
319	325
319	325
319	325
319	325
319	325
319	325
319	325
319	325
319	325
319	325
319	325
319	325
319	325
319	325
319	325
319	325
319	325
319	325
319	325
319	325
319	325
319	325
319	325
319	325
319	325
319	325
319	325
320	325
320	325
320	325
320	325
320	325
320	325
320	325
320	325
320	325
320	325
320	325
320	325
320	325
320	325
320	325
320	325
320	325
320	325
320	325
320	325
320	325
320	325
320	325
320	325
320	325
320	325
320	325
320	325
320	325
320	325
321	325
321	325
321	325
321	325
321	325
321	325
321	325
321	325
321	325
321	325
321	325
321	325
321	325
321	325
321	325
321	325
321	325
321	325
321	325
321	325
321	325
321	325
321	325
321	325
321	325
321	325
321	325
321	325
321	325
321	325
322	325
322	325
322	325
322	325
322	325
322	325
322	325
322	325
322	325
322	325
322	325
322	325
322	325
322	325
322	325
322	325
322	325
322	325
322	325
322	325
322	325
322	325
322	325
322	325
322	325
322	325
322	325
322	325
322	325
322	325
323	325
323	325
323	325
323	325
323	325
323	325
323	325
323	325
323	325
323	325
323	325
323	325
323	325
323	325
323	325
323	325
323	325
323	325
323	325
323	325
323	325
323	325
323	325
323	325
323	325
323	325
323	325
323	325
323	325
323	325
324	325
324	325
324	325
324	325
324	325
324	325
324	325
324	325
324	325
324	325
324	325
324	325
324	325
324	325
324	325
324	325
324	325
324	325
324	325
324	325
324	325
324	325
324	325
324	325
324	325
324	325
324	325
324	325
324	325
324	325
325	325
325	325
325	325
325	325
325	325
325	325
325	325
325	325
325	325
325	325
325	325
325	325
325	325
325	325
325	325
325	325
325	325
325	325
325	325
325	325
325	325
325	325
325	325
325	325
325	325
325	325
325	325
325	325
325	325
325	325
326	325
326	325
326	325
326	325
326	325
326	325
326	325
326	325
326	325
326	325
326	325
326	325
326	325
326	325
326	325
326	325
326	325
326	325
326	325
326	325
326	325
326	325
326	325
326	325
326	325
326	325
326	325
326	325
326	325
326	325
327	325
327	325
327	325
327	325
327	325
327	325
327	325
327	325
327	325
327	325
327	325
327	325
327	325
327	325
327	325
327	325
327	325
327	325
327	325
327	325
327	325
327	325
327	325
327	325
327	325
327	325
327	325
327	325
327	325
327	325
328	325
328	325
328	325
328	325
328	325
328	325
328	325
328	325
328	325
328	325
328	325
328	325
328	325
328	325
328	325
328	325
328	325
328	325
328	325
328	325
328	325
328	325
328	325
328	325
328	325
328	325
328	325
328	325
328	325
328	325
329	325
329	325
329	325
329	325
329	325
329	325
329	325
329	325
329	325
329	325
329	325
329	325
329	325
329	325
329	325
329	325
329	325
329	325
329	325
329	325
329	325
329	325
329	325
329	325
329	325
329	325
329	325
329	325
329	325
329	325
330	325
330	325
330	325
330	325
330	325
330	325
330	325
330	325
330	325
330	325
330	325
330	325
330	325
330	325
330	325
330	325
330	325
330	325
330	325
330	325
330	325
330	325
330	325
330	325
330	325
330	325
330	325
330	325
330	325
330	325
331	325
331	325
331	325
331	325
331	325
331	325
331	325
331	325
331	325
331	325
331	325
331	325
331	325
331	325
331	325
331	325
331	325
331	325
331	325
331	325
331	325
331	325
331	325
331	325
331	325
331	325
331	325
331	325
331	325
331	325
332	325
332	325
332	325
332	325
332	325
332	325
332	325
332	325
332	325
332	325
332	325
332	325
332	325
332	325
332	325
332	325
332	325
332	325
332	325
332	325
332	325
332	325
332	325
332	325
332	325
332	325
332	325
332	325
332	325
332	325
333	325
333	325
333	325
333	325
333	325
333	325
333	325
333	325
333	325
333	325
333	325
333	325
333	325
333	325
333	325
333	325
333	325
333	325
333	325
333	325
333	325
333	325
333	325
333	325
333	325
333	325
333	325
333	325
333	325
333	325
