0	450
0	450
0	450
0	450
0	450
0	450
0	450
0	450
1	450
1	450
1	450
1	450
1	450
1	450
1	450
1	450
2	450
2	450
2	450
2	450
2	450
2	450
2	450
2	450
3	450
3	450
3	450
3	450
3	450
3	450
3	450
3	450
4	450
4	450
4	450
4	450
4	450
4	450
4	450
4	450
5	450
5	450
5	450
5	450
5	450
5	450
5	450
5	450
6	450
6	450
6	450
6	450
6	450
6	450
6	450
6	450
7	450
7	450
7	450
7	450
7	450
7	450
7	450
7	450
8	450
8	450
8	450
8	450
8	450
8	450
8	450
8	450
9	450
9	450
9	450
9	450
9	450
9	450
9	450
9	450
10	450
10	450
10	450
10	450
10	450
10	450
10	450
10	450
11	450
11	450
11	450
11	450
11	450
11	450
11	450
11	450
12	450
12	450
12	450
12	450
12	450
12	450
12	450
12	450
13	450
13	450
13	450
13	450
13	450
13	450
13	450
13	450
14	450
14	450
14	450
14	450
14	450
14	450
14	450
14	450
15	450
15	450
15	450
15	450
15	450
15	450
15	450
15	450
16	450
16	450
16	450
16	450
16	450
16	450
16	450
16	450
17	450
17	450
17	450
17	450
17	450
17	450
17	450
17	450
18	450
18	450
18	450
18	450
18	450
18	450
18	450
18	450
19	450
19	450
19	450
19	450
19	450
19	450
19	450
19	450
20	450
20	450
20	450
20	450
20	450
20	450
20	450
20	450
21	450
21	450
21	450
21	450
21	450
21	450
21	450
21	450
22	450
22	450
22	450
22	450
22	450
22	450
22	450
22	450
23	450
23	450
23	450
23	450
23	450
23	450
23	450
23	450
24	450
24	450
24	450
24	450
24	450
24	450
24	450
24	450
25	450
25	450
25	450
25	450
25	450
25	450
25	450
25	450
26	450
26	450
26	450
26	450
26	450
26	450
26	450
26	450
27	450
27	450
27	450
27	450
27	450
27	450
27	450
27	450
28	450
28	450
28	450
28	450
28	450
28	450
28	450
28	450
29	450
29	450
29	450
29	450
29	450
29	450
29	450
29	450
30	450
30	450
30	450
30	450
30	450
30	450
30	450
30	450
31	450
31	450
31	450
31	450
31	450
31	450
31	450
31	450
32	450
32	450
32	450
32	450
32	450
32	450
32	450
32	450
33	450
33	450
33	450
33	450
33	450
33	450
33	450
33	450
34	450
34	450
34	450
34	450
34	450
34	450
34	450
34	450
35	450
35	450
35	450
35	450
35	450
35	450
35	450
35	450
36	450
36	450
36	450
36	450
36	450
36	450
36	450
36	450
37	450
37	450
37	450
37	450
37	450
37	450
37	450
37	450
38	450
38	450
38	450
38	450
38	450
38	450
38	450
38	450
39	450
39	450
39	450
39	450
39	450
39	450
39	450
39	450
40	450
40	450
40	450
40	450
40	450
40	450
40	450
40	450
41	450
41	450
41	450
41	450
41	450
41	450
41	450
41	450
42	450
42	450
42	450
42	450
42	450
42	450
42	450
42	450
43	450
43	450
43	450
43	450
43	450
43	450
43	450
43	450
44	450
44	450
44	450
44	450
44	450
44	450
44	450
44	450
45	450
45	450
45	450
45	450
45	450
45	450
45	450
45	450
46	450
46	450
46	450
46	450
46	450
46	450
46	450
46	450
47	450
47	450
47	450
47	450
47	450
47	450
47	450
47	450
48	450
48	450
48	450
48	450
48	450
48	450
48	450
48	450
49	450
49	450
49	450
49	450
49	450
49	450
49	450
49	450
50	450
50	450
50	450
50	450
50	450
50	450
50	450
50	450
51	450
51	450
51	450
51	450
51	450
51	450
51	450
51	450
52	450
52	450
52	450
52	450
52	450
52	450
52	450
52	450
53	450
53	450
53	450
53	450
53	450
53	450
53	450
53	450
54	450
54	450
54	450
54	450
54	450
54	450
54	450
54	450
55	450
55	450
55	450
55	450
55	450
55	450
55	450
55	450
56	450
56	450
56	450
56	450
56	450
56	450
56	450
56	450
57	450
57	450
57	450
57	450
57	450
57	450
57	450
57	450
58	450
58	450
58	450
58	450
58	450
58	450
58	450
58	450
59	450
59	450
59	450
59	450
59	450
59	450
59	450
59	450
60	450
60	450
60	450
60	450
60	450
60	450
60	450
60	450
61	450
61	450
61	450
61	450
61	450
61	450
61	450
61	450
62	450
62	450
62	450
62	450
62	450
62	450
62	450
62	450
63	450
63	450
63	450
63	450
63	450
63	450
63	450
63	450
64	450
64	450
64	450
64	450
64	450
64	450
64	450
64	450
65	450
65	450
65	450
65	450
65	450
65	450
65	450
65	450
66	450
66	450
66	450
66	450
66	450
66	450
66	450
66	450
67	450
67	450
67	450
67	450
67	450
67	450
67	450
67	450
68	450
68	450
68	450
68	450
68	450
68	450
68	450
68	450
69	450
69	450
69	450
69	450
69	450
69	450
69	450
69	450
70	450
70	450
70	450
70	450
70	450
70	450
70	450
70	450
71	450
71	450
71	450
71	450
71	450
71	450
71	450
71	450
72	450
72	450
72	450
72	450
72	450
72	450
72	450
72	450
73	450
73	450
73	450
73	450
73	450
73	450
73	450
73	450
74	450
74	450
74	450
74	450
74	450
74	450
74	450
74	450
75	450
75	450
75	450
75	450
75	450
75	450
75	450
75	450
76	450
76	450
76	450
76	450
76	450
76	450
76	450
76	450
77	450
77	450
77	450
77	450
77	450
77	450
77	450
77	450
78	450
78	450
78	450
78	450
78	450
78	450
78	450
78	450
79	450
79	450
79	450
79	450
79	450
79	450
79	450
79	450
80	450
80	450
80	450
80	450
80	450
80	450
80	450
80	450
81	450
81	450
81	450
81	450
81	450
81	450
81	450
81	450
82	450
82	450
82	450
82	450
82	450
82	450
82	450
82	450
83	450
83	450
83	450
83	450
83	450
83	450
83	450
83	450
84	450
84	450
84	450
84	450
84	450
84	450
84	450
84	450
85	450
85	450
85	450
85	450
85	450
85	450
85	450
85	450
86	450
86	450
86	450
86	450
86	450
86	450
86	450
86	450
87	450
87	450
87	450
87	450
87	450
87	450
87	450
87	450
88	450
88	450
88	450
88	450
88	450
88	450
88	450
88	450
89	450
89	450
89	450
89	450
89	450
89	450
89	450
89	450
90	450
90	450
90	450
90	450
90	450
90	450
90	450
90	450
91	450
91	450
91	450
91	450
91	450
91	450
91	450
91	450
92	450
92	450
92	450
92	450
92	450
92	450
92	450
92	450
93	450
93	450
93	450
93	450
93	450
93	450
93	450
93	450
94	450
94	450
94	450
94	450
94	450
94	450
94	450
94	450
95	450
95	450
95	450
95	450
95	450
95	450
95	450
95	450
96	450
96	450
96	450
96	450
96	450
96	450
96	450
96	450
97	450
97	450
97	450
97	450
97	450
97	450
97	450
97	450
98	450
98	450
98	450
98	450
98	450
98	450
98	450
98	450
99	450
99	450
99	450
99	450
99	450
99	450
99	450
99	450
100	450
100	450
100	450
100	450
100	450
100	450
100	450
100	450
101	450
101	450
101	450
101	450
101	450
101	450
101	450
101	450
102	450
102	450
102	450
102	450
102	450
102	450
102	450
102	450
103	450
103	450
103	450
103	450
103	450
103	450
103	450
103	450
104	450
104	450
104	450
104	450
104	450
104	450
104	450
104	450
105	450
105	450
105	450
105	450
105	450
105	450
105	450
105	450
106	450
106	450
106	450
106	450
106	450
106	450
106	450
106	450
107	450
107	450
107	450
107	450
107	450
107	450
107	450
107	450
108	450
108	450
108	450
108	450
108	450
108	450
108	450
108	450
109	450
109	450
109	450
109	450
109	450
109	450
109	450
109	450
110	450
110	450
110	450
110	450
110	450
110	450
110	450
110	450
111	450
111	450
111	450
111	450
111	450
111	450
111	450
111	450
112	450
112	450
112	450
112	450
112	450
112	450
112	450
112	450
113	450
113	450
113	450
113	450
113	450
113	450
113	450
113	450
114	450
114	450
114	450
114	450
114	450
114	450
114	450
114	450
115	450
115	450
115	450
115	450
115	450
115	450
115	450
115	450
116	450
116	450
116	450
116	450
116	450
116	450
116	450
116	450
117	450
117	450
117	450
117	450
117	450
117	450
117	450
117	450
118	450
118	450
118	450
118	450
118	450
118	450
118	450
118	450
119	450
119	450
119	450
119	450
119	450
119	450
119	450
119	450
120	450
120	450
120	450
120	450
120	450
120	450
120	450
120	450
121	450
121	450
121	450
121	450
121	450
121	450
121	450
121	450
122	450
122	450
122	450
122	450
122	450
122	450
122	450
122	450
123	450
123	450
123	450
123	450
123	450
123	450
123	450
123	450
124	450
124	450
124	450
124	450
124	450
124	450
124	450
124	450
125	450
125	450
125	450
125	450
125	450
125	450
125	450
125	450
126	450
126	450
126	450
126	450
126	450
126	450
126	450
126	450
127	450
127	450
127	450
127	450
127	450
127	450
127	450
127	450
128	450
128	450
128	450
128	450
128	450
128	450
128	450
128	450
129	450
129	450
129	450
129	450
129	450
129	450
129	450
129	450
130	450
130	450
130	450
130	450
130	450
130	450
130	450
130	450
131	450
131	450
131	450
131	450
131	450
131	450
131	450
131	450
132	450
132	450
132	450
132	450
132	450
132	450
132	450
132	450
133	450
133	450
133	450
133	450
133	450
133	450
133	450
133	450
134	450
134	450
134	450
134	450
134	450
134	450
134	450
134	450
135	450
135	450
135	450
135	450
135	450
135	450
135	450
135	450
136	450
136	450
136	450
136	450
136	450
136	450
136	450
136	450
137	450
137	450
137	450
137	450
137	450
137	450
137	450
137	450
138	450
138	450
138	450
138	450
138	450
138	450
138	450
138	450
139	450
139	450
139	450
139	450
139	450
139	450
139	450
139	450
140	450
140	450
140	450
140	450
140	450
140	450
140	450
140	450
141	450
141	450
141	450
141	450
141	450
141	450
141	450
141	450
142	450
142	450
142	450
142	450
142	450
142	450
142	450
142	450
143	450
143	450
143	450
143	450
143	450
143	450
143	450
143	450
144	450
144	450
144	450
144	450
144	450
144	450
144	450
144	450
145	450
145	450
145	450
145	450
145	450
145	450
145	450
145	450
146	450
146	450
146	450
146	450
146	450
146	450
146	450
146	450
147	450
147	450
147	450
147	450
147	450
147	450
147	450
147	450
148	450
148	450
148	450
148	450
148	450
148	450
148	450
148	450
149	450
149	450
149	450
149	450
149	450
149	450
149	450
149	450
150	450
150	450
150	450
150	450
150	450
150	450
150	450
150	450
151	450
151	450
151	450
151	450
151	450
151	450
151	450
151	450
152	450
152	450
152	450
152	450
152	450
152	450
152	450
152	450
153	450
153	450
153	450
153	450
153	450
153	450
153	450
153	450
154	450
154	450
154	450
154	450
154	450
154	450
154	450
154	450
155	450
155	450
155	450
155	450
155	450
155	450
155	450
155	450
156	450
156	450
156	450
156	450
156	450
156	450
156	450
156	450
157	450
157	450
157	450
157	450
157	450
157	450
157	450
157	450
158	450
158	450
158	450
158	450
158	450
158	450
158	450
158	450
159	450
159	450
159	450
159	450
159	450
159	450
159	450
159	450
160	450
160	450
160	450
160	450
160	450
160	450
160	450
160	450
161	450
161	450
161	450
161	450
161	450
161	450
161	450
161	450
162	450
162	450
162	450
162	450
162	450
162	450
162	450
162	450
163	450
163	450
163	450
163	450
163	450
163	450
163	450
163	450
164	450
164	450
164	450
164	450
164	450
164	450
164	450
164	450
165	450
165	450
165	450
165	450
165	450
165	450
165	450
165	450
166	450
166	450
166	450
166	450
166	450
166	450
166	450
166	450
167	450
167	450
167	450
167	450
167	450
167	450
167	450
167	450
168	450
168	450
168	450
168	450
168	450
168	450
168	450
168	450
169	450
169	450
169	450
169	450
169	450
169	450
169	450
169	450
170	450
170	450
170	450
170	450
170	450
170	450
170	450
170	450
171	450
171	450
171	450
171	450
171	450
171	450
171	450
171	450
172	450
172	450
172	450
172	450
172	450
172	450
172	450
172	450
173	450
173	450
173	450
173	450
173	450
173	450
173	450
173	450
174	450
174	450
174	450
174	450
174	450
174	450
174	450
174	450
175	450
175	450
175	450
175	450
175	450
175	450
175	450
175	450
176	450
176	450
176	450
176	450
176	450
176	450
176	450
176	450
177	450
177	450
177	450
177	450
177	450
177	450
177	450
177	450
178	450
178	450
178	450
178	450
178	450
178	450
178	450
178	450
179	450
179	450
179	450
179	450
179	450
179	450
179	450
179	450
180	450
180	450
180	450
180	450
180	450
180	450
180	450
180	450
181	450
181	450
181	450
181	450
181	450
181	450
181	450
181	450
182	450
182	450
182	450
182	450
182	450
182	450
182	450
182	450
183	450
183	450
183	450
183	450
183	450
183	450
183	450
183	450
184	450
184	450
184	450
184	450
184	450
184	450
184	450
184	450
185	450
185	450
185	450
185	450
185	450
185	450
185	450
185	450
186	450
186	450
186	450
186	450
186	450
186	450
186	450
186	450
187	450
187	450
187	450
187	450
187	450
187	450
187	450
187	450
188	450
188	450
188	450
188	450
188	450
188	450
188	450
188	450
189	450
189	450
189	450
189	450
189	450
189	450
189	450
189	450
190	450
190	450
190	450
190	450
190	450
190	450
190	450
190	450
191	450
191	450
191	450
191	450
191	450
191	450
191	450
191	450
192	450
192	450
192	450
192	450
192	450
192	450
192	450
192	450
193	450
193	450
193	450
193	450
193	450
193	450
193	450
193	450
194	450
194	450
194	450
194	450
194	450
194	450
194	450
194	450
195	450
195	450
195	450
195	450
195	450
195	450
195	450
195	450
196	450
196	450
196	450
196	450
196	450
196	450
196	450
196	450
197	450
197	450
197	450
197	450
197	450
197	450
197	450
197	450
198	450
198	450
198	450
198	450
198	450
198	450
198	450
198	450
199	450
199	450
199	450
199	450
199	450
199	450
199	450
199	450
200	450
200	450
200	450
200	450
200	450
200	450
200	450
200	450
201	450
201	450
201	450
201	450
201	450
201	450
201	450
201	450
202	450
202	450
202	450
202	450
202	450
202	450
202	450
202	450
203	450
203	450
203	450
203	450
203	450
203	450
203	450
203	450
204	450
204	450
204	450
204	450
204	450
204	450
204	450
204	450
205	450
205	450
205	450
205	450
205	450
205	450
205	450
205	450
206	450
206	450
206	450
206	450
206	450
206	450
206	450
206	450
207	450
207	450
207	450
207	450
207	450
207	450
207	450
207	450
208	450
208	450
208	450
208	450
208	450
208	450
208	450
208	450
209	450
209	450
209	450
209	450
209	450
209	450
209	450
209	450
210	450
210	450
210	450
210	450
210	450
210	450
210	450
210	450
211	450
211	450
211	450
211	450
211	450
211	450
211	450
211	450
212	450
212	450
212	450
212	450
212	450
212	450
212	450
212	450
213	450
213	450
213	450
213	450
213	450
213	450
213	450
213	450
214	450
214	450
214	450
214	450
214	450
214	450
214	450
214	450
215	450
215	450
215	450
215	450
215	450
215	450
215	450
215	450
216	450
216	450
216	450
216	450
216	450
216	450
216	450
216	450
217	450
217	450
217	450
217	450
217	450
217	450
217	450
217	450
218	450
218	450
218	450
218	450
218	450
218	450
218	450
218	450
219	450
219	450
219	450
219	450
219	450
219	450
219	450
219	450
220	450
220	450
220	450
220	450
220	450
220	450
220	450
220	450
221	450
221	450
221	450
221	450
221	450
221	450
221	450
221	450
222	450
222	450
222	450
222	450
222	450
222	450
222	450
222	450
223	450
223	450
223	450
223	450
223	450
223	450
223	450
223	450
224	450
224	450
224	450
224	450
224	450
224	450
224	450
224	450
225	450
225	450
225	450
225	450
225	450
225	450
225	450
225	450
226	450
226	450
226	450
226	450
226	450
226	450
226	450
226	450
227	450
227	450
227	450
227	450
227	450
227	450
227	450
227	450
228	450
228	450
228	450
228	450
228	450
228	450
228	450
228	450
229	450
229	450
229	450
229	450
229	450
229	450
229	450
229	450
230	450
230	450
230	450
230	450
230	450
230	450
230	450
230	450
231	450
231	450
231	450
231	450
231	450
231	450
231	450
231	450
232	450
232	450
232	450
232	450
232	450
232	450
232	450
232	450
233	450
233	450
233	450
233	450
233	450
233	450
233	450
233	450
234	450
234	450
234	450
234	450
234	450
234	450
234	450
234	450
235	450
235	450
235	450
235	450
235	450
235	450
235	450
235	450
236	450
236	450
236	450
236	450
236	450
236	450
236	450
236	450
237	450
237	450
237	450
237	450
237	450
237	450
237	450
237	450
238	450
238	450
238	450
238	450
238	450
238	450
238	450
238	450
239	450
239	450
239	450
239	450
239	450
239	450
239	450
239	450
240	450
240	450
240	450
240	450
240	450
240	450
240	450
240	450
241	450
241	450
241	450
241	450
241	450
241	450
241	450
241	450
242	450
242	450
242	450
242	450
242	450
242	450
242	450
242	450
243	450
243	450
243	450
243	450
243	450
243	450
243	450
243	450
244	450
244	450
244	450
244	450
244	450
244	450
244	450
244	450
245	450
245	450
245	450
245	450
245	450
245	450
245	450
245	450
246	450
246	450
246	450
246	450
246	450
246	450
246	450
246	450
247	450
247	450
247	450
247	450
247	450
247	450
247	450
247	450
248	450
248	450
248	450
248	450
248	450
248	450
248	450
248	450
249	450
249	450
249	450
249	450
249	450
249	450
249	450
249	450
250	450
250	450
250	450
250	450
250	450
250	450
250	450
250	450
251	450
251	450
251	450
251	450
251	450
251	450
251	450
251	450
252	450
252	450
252	450
252	450
252	450
252	450
252	450
252	450
253	450
253	450
253	450
253	450
253	450
253	450
253	450
253	450
254	450
254	450
254	450
254	450
254	450
254	450
254	450
254	450
255	450
255	450
255	450
255	450
255	450
255	450
255	450
255	450
256	450
256	450
256	450
256	450
256	450
256	450
256	450
256	450
257	450
257	450
257	450
257	450
257	450
257	450
257	450
257	450
258	450
258	450
258	450
258	450
258	450
258	450
258	450
258	450
259	450
259	450
259	450
259	450
259	450
259	450
259	450
259	450
260	450
260	450
260	450
260	450
260	450
260	450
260	450
260	450
261	450
261	450
261	450
261	450
261	450
261	450
261	450
261	450
262	450
262	450
262	450
262	450
262	450
262	450
262	450
262	450
263	450
263	450
263	450
263	450
263	450
263	450
263	450
263	450
264	450
264	450
264	450
264	450
264	450
264	450
264	450
264	450
265	450
265	450
265	450
265	450
265	450
265	450
265	450
265	450
266	450
266	450
266	450
266	450
266	450
266	450
266	450
266	450
267	450
267	450
267	450
267	450
267	450
267	450
267	450
267	450
268	450
268	450
268	450
268	450
268	450
268	450
268	450
268	450
269	450
269	450
269	450
269	450
269	450
269	450
269	450
269	450
270	450
270	450
270	450
270	450
270	450
270	450
270	450
270	450
271	450
271	450
271	450
271	450
271	450
271	450
271	450
271	450
272	450
272	450
272	450
272	450
272	450
272	450
272	450
272	450
273	450
273	450
273	450
273	450
273	450
273	450
273	450
273	450
274	450
274	450
274	450
274	450
274	450
274	450
274	450
274	450
275	450
275	450
275	450
275	450
275	450
275	450
275	450
275	450
276	450
276	450
276	450
276	450
276	450
276	450
276	450
276	450
277	450
277	450
277	450
277	450
277	450
277	450
277	450
277	450
278	450
278	450
278	450
278	450
278	450
278	450
278	450
278	450
279	450
279	450
279	450
279	450
279	450
279	450
279	450
279	450
280	450
280	450
280	450
280	450
280	450
280	450
280	450
280	450
281	450
281	450
281	450
281	450
281	450
281	450
281	450
281	450
282	450
282	450
282	450
282	450
282	450
282	450
282	450
282	450
283	450
283	450
283	450
283	450
283	450
283	450
283	450
283	450
284	450
284	450
284	450
284	450
284	450
284	450
284	450
284	450
285	450
285	450
285	450
285	450
285	450
285	450
285	450
285	450
286	450
286	450
286	450
286	450
286	450
286	450
286	450
286	450
287	450
287	450
287	450
287	450
287	450
287	450
287	450
287	450
288	450
288	450
288	450
288	450
288	450
288	450
288	450
288	450
289	450
289	450
289	450
289	450
289	450
289	450
289	450
289	450
290	450
290	450
290	450
290	450
290	450
290	450
290	450
290	450
291	450
291	450
291	450
291	450
291	450
291	450
291	450
291	450
292	450
292	450
292	450
292	450
292	450
292	450
292	450
292	450
293	450
293	450
293	450
293	450
293	450
293	450
293	450
293	450
294	450
294	450
294	450
294	450
294	450
294	450
294	450
294	450
295	450
295	450
295	450
295	450
295	450
295	450
295	450
295	450
296	450
296	450
296	450
296	450
296	450
296	450
296	450
296	450
297	450
297	450
297	450
297	450
297	450
297	450
297	450
297	450
298	450
298	450
298	450
298	450
298	450
298	450
298	450
298	450
299	450
299	450
299	450
299	450
299	450
299	450
299	450
299	450
300	450
300	450
300	450
300	450
300	450
300	450
300	450
300	450
301	450
301	450
301	450
301	450
301	450
301	450
301	450
301	450
302	450
302	450
302	450
302	450
302	450
302	450
302	450
302	450
303	450
303	450
303	450
303	450
303	450
303	450
303	450
303	450
304	450
304	450
304	450
304	450
304	450
304	450
304	450
304	450
305	450
305	450
305	450
305	450
305	450
305	450
305	450
305	450
306	450
306	450
306	450
306	450
306	450
306	450
306	450
306	450
307	450
307	450
307	450
307	450
307	450
307	450
307	450
307	450
308	450
308	450
308	450
308	450
308	450
308	450
308	450
308	450
309	450
309	450
309	450
309	450
309	450
309	450
309	450
309	450
310	450
310	450
310	450
310	450
310	450
310	450
310	450
310	450
311	450
311	450
311	450
311	450
311	450
311	450
311	450
311	450
312	450
312	450
312	450
312	450
312	450
312	450
312	450
312	450
313	450
313	450
313	450
313	450
313	450
313	450
313	450
313	450
314	450
314	450
314	450
314	450
314	450
314	450
314	450
314	450
315	450
315	450
315	450
315	450
315	450
315	450
315	450
315	450
316	450
316	450
316	450
316	450
316	450
316	450
316	450
316	450
317	450
317	450
317	450
317	450
317	450
317	450
317	450
317	450
318	450
318	450
318	450
318	450
318	450
318	450
318	450
318	450
319	450
319	450
319	450
319	450
319	450
319	450
319	450
319	450
320	450
320	450
320	450
320	450
320	450
320	450
320	450
320	450
321	450
321	450
321	450
321	450
321	450
321	450
321	450
321	450
322	450
322	450
322	450
322	450
322	450
322	450
322	450
322	450
323	450
323	450
323	450
323	450
323	450
323	450
323	450
323	450
324	450
324	450
324	450
324	450
324	450
324	450
324	450
324	450
325	450
325	450
325	450
325	450
325	450
325	450
325	450
325	450
326	450
326	450
326	450
326	450
326	450
326	450
326	450
326	450
327	450
327	450
327	450
327	450
327	450
327	450
327	450
327	450
328	450
328	450
328	450
328	450
328	450
328	450
328	450
328	450
329	450
329	450
329	450
329	450
329	450
329	450
329	450
329	450
330	450
330	450
330	450
330	450
330	450
330	450
330	450
330	450
331	450
331	450
331	450
331	450
331	450
331	450
331	450
331	450
332	450
332	450
332	450
332	450
332	450
332	450
332	450
332	450
333	450
333	450
333	450
333	450
333	450
333	450
333	450
333	450
334	450
334	450
334	450
334	450
334	450
334	450
334	450
334	450
335	450
335	450
335	450
335	450
335	450
335	450
335	450
335	450
336	450
336	450
336	450
336	450
336	450
336	450
336	450
336	450
337	450
337	450
337	450
337	450
337	450
337	450
337	450
337	450
338	450
338	450
338	450
338	450
338	450
338	450
338	450
338	450
339	450
339	450
339	450
339	450
339	450
339	450
339	450
339	450
340	450
340	450
340	450
340	450
340	450
340	450
340	450
340	450
341	450
341	450
341	450
341	450
341	450
341	450
341	450
341	450
342	450
342	450
342	450
342	450
342	450
342	450
342	450
342	450
343	450
343	450
343	450
343	450
343	450
343	450
343	450
343	450
344	450
344	450
344	450
344	450
344	450
344	450
344	450
344	450
345	450
345	450
345	450
345	450
345	450
345	450
345	450
345	450
346	450
346	450
346	450
346	450
346	450
346	450
346	450
346	450
347	450
347	450
347	450
347	450
347	450
347	450
347	450
347	450
348	450
348	450
348	450
348	450
348	450
348	450
348	450
348	450
349	450
349	450
349	450
349	450
349	450
349	450
349	450
349	450
350	450
350	450
350	450
350	450
350	450
350	450
350	450
350	450
351	450
351	450
351	450
351	450
351	450
351	450
351	450
351	450
352	450
352	450
352	450
352	450
352	450
352	450
352	450
352	450
353	450
353	450
353	450
353	450
353	450
353	450
353	450
353	450
354	450
354	450
354	450
354	450
354	450
354	450
354	450
354	450
355	450
355	450
355	450
355	450
355	450
355	450
355	450
355	450
356	450
356	450
356	450
356	450
356	450
356	450
356	450
356	450
357	450
357	450
357	450
357	450
357	450
357	450
357	450
357	450
358	450
358	450
358	450
358	450
358	450
358	450
358	450
358	450
359	450
359	450
359	450
359	450
359	450
359	450
359	450
359	450
360	450
360	450
360	450
360	450
360	450
360	450
360	450
360	450
361	450
361	450
361	450
361	450
361	450
361	450
361	450
361	450
362	450
362	450
362	450
362	450
362	450
362	450
362	450
362	450
363	450
363	450
363	450
363	450
363	450
363	450
363	450
363	450
364	450
364	450
364	450
364	450
364	450
364	450
364	450
364	450
365	450
365	450
365	450
365	450
365	450
365	450
365	450
365	450
366	450
366	450
366	450
366	450
366	450
366	450
366	450
366	450
367	450
367	450
367	450
367	450
367	450
367	450
367	450
367	450
368	450
368	450
368	450
368	450
368	450
368	450
368	450
368	450
369	450
369	450
369	450
369	450
369	450
369	450
369	450
369	450
370	450
370	450
370	450
370	450
370	450
370	450
370	450
370	450
371	450
371	450
371	450
371	450
371	450
371	450
371	450
371	450
372	450
372	450
372	450
372	450
372	450
372	450
372	450
372	450
373	450
373	450
373	450
373	450
373	450
373	450
373	450
373	450
374	450
374	450
374	450
374	450
374	450
374	450
374	450
374	450
375	450
375	450
375	450
375	450
375	450
375	450
375	450
375	450
376	450
376	450
376	450
376	450
376	450
376	450
376	450
376	450
377	450
377	450
377	450
377	450
377	450
377	450
377	450
377	450
378	450
378	450
378	450
378	450
378	450
378	450
378	450
378	450
379	450
379	450
379	450
379	450
379	450
379	450
379	450
379	450
380	450
380	450
380	450
380	450
380	450
380	450
380	450
380	450
381	450
381	450
381	450
381	450
381	450
381	450
381	450
381	450
382	450
382	450
382	450
382	450
382	450
382	450
382	450
382	450
383	450
383	450
383	450
383	450
383	450
383	450
383	450
383	450
384	450
384	450
384	450
384	450
384	450
384	450
384	450
384	450
385	450
385	450
385	450
385	450
385	450
385	450
385	450
385	450
386	450
386	450
386	450
386	450
386	450
386	450
386	450
386	450
387	450
387	450
387	450
387	450
387	450
387	450
387	450
387	450
388	450
388	450
388	450
388	450
388	450
388	450
388	450
388	450
389	450
389	450
389	450
389	450
389	450
389	450
389	450
389	450
390	450
390	450
390	450
390	450
390	450
390	450
390	450
390	450
391	450
391	450
391	450
391	450
391	450
391	450
391	450
391	450
392	450
392	450
392	450
392	450
392	450
392	450
392	450
392	450
393	450
393	450
393	450
393	450
393	450
393	450
393	450
393	450
394	450
394	450
394	450
394	450
394	450
394	450
394	450
394	450
395	450
395	450
395	450
395	450
395	450
395	450
395	450
395	450
396	450
396	450
396	450
396	450
396	450
396	450
396	450
396	450
397	450
397	450
397	450
397	450
397	450
397	450
397	450
397	450
398	450
398	450
398	450
398	450
398	450
398	450
398	450
398	450
399	450
399	450
399	450
399	450
399	450
399	450
399	450
399	450
400	450
400	450
400	450
400	450
400	450
400	450
400	450
400	450
401	450
401	450
401	450
401	450
401	450
401	450
401	450
401	450
402	450
402	450
402	450
402	450
402	450
402	450
402	450
402	450
403	450
403	450
403	450
403	450
403	450
403	450
403	450
403	450
404	450
404	450
404	450
404	450
404	450
404	450
404	450
404	450
405	450
405	450
405	450
405	450
405	450
405	450
405	450
405	450
406	450
406	450
406	450
406	450
406	450
406	450
406	450
406	450
407	450
407	450
407	450
407	450
407	450
407	450
407	450
407	450
408	450
408	450
408	450
408	450
408	450
408	450
408	450
408	450
409	450
409	450
409	450
409	450
409	450
409	450
409	450
409	450
410	450
410	450
410	450
410	450
410	450
410	450
410	450
410	450
411	450
411	450
411	450
411	450
411	450
411	450
411	450
411	450
412	450
412	450
412	450
412	450
412	450
412	450
412	450
412	450
413	450
413	450
413	450
413	450
413	450
413	450
413	450
413	450
414	450
414	450
414	450
414	450
414	450
414	450
414	450
414	450
415	450
415	450
415	450
415	450
415	450
415	450
415	450
415	450
416	450
416	450
416	450
416	450
416	450
416	450
416	450
416	450
417	450
417	450
417	450
417	450
417	450
417	450
417	450
417	450
418	450
418	450
418	450
418	450
418	450
418	450
418	450
418	450
419	450
419	450
419	450
419	450
419	450
419	450
419	450
419	450
420	450
420	450
420	450
420	450
420	450
420	450
420	450
420	450
421	450
421	450
421	450
421	450
421	450
421	450
421	450
421	450
422	450
422	450
422	450
422	450
422	450
422	450
422	450
422	450
423	450
423	450
423	450
423	450
423	450
423	450
423	450
423	450
424	450
424	450
424	450
424	450
424	450
424	450
424	450
424	450
425	450
425	450
425	450
425	450
425	450
425	450
425	450
425	450
426	450
426	450
426	450
426	450
426	450
426	450
426	450
426	450
427	450
427	450
427	450
427	450
427	450
427	450
427	450
427	450
428	450
428	450
428	450
428	450
428	450
428	450
428	450
428	450
429	450
429	450
429	450
429	450
429	450
429	450
429	450
429	450
430	450
430	450
430	450
430	450
430	450
430	450
430	450
430	450
431	450
431	450
431	450
431	450
431	450
431	450
431	450
431	450
432	450
432	450
432	450
432	450
432	450
432	450
432	450
432	450
433	450
433	450
433	450
433	450
433	450
433	450
433	450
433	450
434	450
434	450
434	450
434	450
434	450
434	450
434	450
434	450
435	450
435	450
435	450
435	450
435	450
435	450
435	450
435	450
436	450
436	450
436	450
436	450
436	450
436	450
436	450
436	450
437	450
437	450
437	450
437	450
437	450
437	450
437	450
437	450
438	450
438	450
438	450
438	450
438	450
438	450
438	450
438	450
439	450
439	450
439	450
439	450
439	450
439	450
439	450
439	450
440	450
440	450
440	450
440	450
440	450
440	450
440	450
440	450
441	450
441	450
441	450
441	450
441	450
441	450
441	450
441	450
442	450
442	450
442	450
442	450
442	450
442	450
442	450
442	450
443	450
443	450
443	450
443	450
443	450
443	450
443	450
443	450
444	450
444	450
444	450
444	450
444	450
444	450
444	450
444	450
445	450
445	450
445	450
445	450
445	450
445	450
445	450
445	450
446	450
446	450
446	450
446	450
446	450
446	450
446	450
446	450
447	450
447	450
447	450
447	450
447	450
447	450
447	450
447	450
448	450
448	450
448	450
448	450
448	450
448	450
448	450
448	450
449	450
449	450
449	450
449	450
449	450
449	450
449	450
449	450
450	450
450	450
450	450
450	450
450	450
450	450
450	450
450	450
451	450
451	450
451	450
451	450
451	450
451	450
451	450
451	450
452	450
452	450
452	450
452	450
452	450
452	450
452	450
452	450
453	450
453	450
453	450
453	450
453	450
453	450
453	450
453	450
454	450
454	450
454	450
454	450
454	450
454	450
454	450
454	450
455	450
455	450
455	450
455	450
455	450
455	450
455	450
455	450
456	450
456	450
456	450
456	450
456	450
456	450
456	450
456	450
457	450
457	450
457	450
457	450
457	450
457	450
457	450
457	450
458	450
458	450
458	450
458	450
458	450
458	450
458	450
458	450
459	450
459	450
459	450
459	450
459	450
459	450
459	450
459	450
460	450
460	450
460	450
460	450
460	450
460	450
460	450
460	450
461	450
461	450
461	450
461	450
461	450
461	450
461	450
461	450
462	450
462	450
462	450
462	450
462	450
462	450
462	450
462	450
463	450
463	450
463	450
463	450
463	450
463	450
463	450
463	450
464	450
464	450
464	450
464	450
464	450
464	450
464	450
464	450
465	450
465	450
465	450
465	450
465	450
465	450
465	450
465	450
466	450
466	450
466	450
466	450
466	450
466	450
466	450
466	450
467	450
467	450
467	450
467	450
467	450
467	450
467	450
467	450
468	450
468	450
468	450
468	450
468	450
468	450
468	450
468	450
469	450
469	450
469	450
469	450
469	450
469	450
469	450
469	450
470	450
470	450
470	450
470	450
470	450
470	450
470	450
470	450
471	450
471	450
471	450
471	450
471	450
471	450
471	450
471	450
472	450
472	450
472	450
472	450
472	450
472	450
472	450
472	450
473	450
473	450
473	450
473	450
473	450
473	450
473	450
473	450
474	450
474	450
474	450
474	450
474	450
474	450
474	450
474	450
475	450
475	450
475	450
475	450
475	450
475	450
475	450
475	450
476	450
476	450
476	450
476	450
476	450
476	450
476	450
476	450
477	450
477	450
477	450
477	450
477	450
477	450
477	450
477	450
478	450
478	450
478	450
478	450
478	450
478	450
478	450
478	450
479	450
479	450
479	450
479	450
479	450
479	450
479	450
479	450
480	450
480	450
480	450
480	450
480	450
480	450
480	450
480	450
481	450
481	450
481	450
481	450
481	450
481	450
481	450
481	450
482	450
482	450
482	450
482	450
482	450
482	450
482	450
482	450
483	450
483	450
483	450
483	450
483	450
483	450
483	450
483	450
484	450
484	450
484	450
484	450
484	450
484	450
484	450
484	450
485	450
485	450
485	450
485	450
485	450
485	450
485	450
485	450
486	450
486	450
486	450
486	450
486	450
486	450
486	450
486	450
487	450
487	450
487	450
487	450
487	450
487	450
487	450
487	450
488	450
488	450
488	450
488	450
488	450
488	450
488	450
488	450
489	450
489	450
489	450
489	450
489	450
489	450
489	450
489	450
490	450
490	450
490	450
490	450
490	450
490	450
490	450
490	450
491	450
491	450
491	450
491	450
491	450
491	450
491	450
491	450
492	450
492	450
492	450
492	450
492	450
492	450
492	450
492	450
493	450
493	450
493	450
493	450
493	450
493	450
493	450
493	450
494	450
494	450
494	450
494	450
494	450
494	450
494	450
494	450
495	450
495	450
495	450
495	450
495	450
495	450
495	450
495	450
496	450
496	450
496	450
496	450
496	450
496	450
496	450
496	450
497	450
497	450
497	450
497	450
497	450
497	450
497	450
497	450
498	450
498	450
498	450
498	450
498	450
498	450
498	450
498	450
499	450
499	450
499	450
499	450
499	450
499	450
499	450
499	450
500	450
500	450
500	450
500	450
500	450
500	450
500	450
500	450
501	450
501	450
501	450
501	450
501	450
501	450
501	450
501	450
502	450
502	450
502	450
502	450
502	450
502	450
502	450
502	450
503	450
503	450
503	450
503	450
503	450
503	450
503	450
503	450
504	450
504	450
504	450
504	450
504	450
504	450
504	450
504	450
505	450
505	450
505	450
505	450
505	450
505	450
505	450
505	450
506	450
506	450
506	450
506	450
506	450
506	450
506	450
506	450
507	450
507	450
507	450
507	450
507	450
507	450
507	450
507	450
508	450
508	450
508	450
508	450
508	450
508	450
508	450
508	450
509	450
509	450
509	450
509	450
509	450
509	450
509	450
509	450
510	450
510	450
510	450
510	450
510	450
510	450
510	450
510	450
511	450
511	450
511	450
511	450
511	450
511	450
511	450
511	450
512	450
512	450
512	450
512	450
512	450
512	450
512	450
512	450
513	450
513	450
513	450
513	450
513	450
513	450
513	450
513	450
514	450
514	450
514	450
514	450
514	450
514	450
514	450
514	450
515	450
515	450
515	450
515	450
515	450
515	450
515	450
515	450
516	450
516	450
516	450
516	450
516	450
516	450
516	450
516	450
517	450
517	450
517	450
517	450
517	450
517	450
517	450
517	450
518	450
518	450
518	450
518	450
518	450
518	450
518	450
518	450
519	450
519	450
519	450
519	450
519	450
519	450
519	450
519	450
520	450
520	450
520	450
520	450
520	450
520	450
520	450
520	450
521	450
521	450
521	450
521	450
521	450
521	450
521	450
521	450
522	450
522	450
522	450
522	450
522	450
522	450
522	450
522	450
523	450
523	450
523	450
523	450
523	450
523	450
523	450
523	450
524	450
524	450
524	450
524	450
524	450
524	450
524	450
524	450
525	450
525	450
525	450
525	450
525	450
525	450
525	450
525	450
526	450
526	450
526	450
526	450
526	450
526	450
526	450
526	450
527	450
527	450
527	450
527	450
527	450
527	450
527	450
527	450
528	450
528	450
528	450
528	450
528	450
528	450
528	450
528	450
529	450
529	450
529	450
529	450
529	450
529	450
529	450
529	450
530	450
530	450
530	450
530	450
530	450
530	450
530	450
530	450
531	450
531	450
531	450
531	450
531	450
531	450
531	450
531	450
532	450
532	450
532	450
532	450
532	450
532	450
532	450
532	450
533	450
533	450
533	450
533	450
533	450
533	450
533	450
533	450
534	450
534	450
534	450
534	450
534	450
534	450
534	450
534	450
535	450
535	450
535	450
535	450
535	450
535	450
535	450
535	450
536	450
536	450
536	450
536	450
536	450
536	450
536	450
536	450
537	450
537	450
537	450
537	450
537	450
537	450
537	450
537	450
538	450
538	450
538	450
538	450
538	450
538	450
538	450
538	450
539	450
539	450
539	450
539	450
539	450
539	450
539	450
539	450
540	450
540	450
540	450
540	450
540	450
540	450
540	450
540	450
541	450
541	450
541	450
541	450
541	450
541	450
541	450
541	450
542	450
542	450
542	450
542	450
542	450
542	450
542	450
542	450
543	450
543	450
543	450
543	450
543	450
543	450
543	450
543	450
544	450
544	450
544	450
544	450
544	450
544	450
544	450
544	450
545	450
545	450
545	450
545	450
545	450
545	450
545	450
545	450
546	450
546	450
546	450
546	450
546	450
546	450
546	450
546	450
547	450
547	450
547	450
547	450
547	450
547	450
547	450
547	450
548	450
548	450
548	450
548	450
548	450
548	450
548	450
548	450
549	450
549	450
549	450
549	450
549	450
549	450
549	450
549	450
550	450
550	450
550	450
550	450
550	450
550	450
550	450
550	450
551	450
551	450
551	450
551	450
551	450
551	450
551	450
551	450
552	450
552	450
552	450
552	450
552	450
552	450
552	450
552	450
553	450
553	450
553	450
553	450
553	450
553	450
553	450
553	450
554	450
554	450
554	450
554	450
554	450
554	450
554	450
554	450
555	450
555	450
555	450
555	450
555	450
555	450
555	450
555	450
556	450
556	450
556	450
556	450
556	450
556	450
556	450
556	450
557	450
557	450
557	450
557	450
557	450
557	450
557	450
557	450
558	450
558	450
558	450
558	450
558	450
558	450
558	450
558	450
559	450
559	450
559	450
559	450
559	450
559	450
559	450
559	450
560	450
560	450
560	450
560	450
560	450
560	450
560	450
560	450
561	450
561	450
561	450
561	450
561	450
561	450
561	450
561	450
562	450
562	450
562	450
562	450
562	450
562	450
562	450
562	450
563	450
563	450
563	450
563	450
563	450
563	450
563	450
563	450
564	450
564	450
564	450
564	450
564	450
564	450
564	450
564	450
565	450
565	450
565	450
565	450
565	450
565	450
565	450
565	450
566	450
566	450
566	450
566	450
566	450
566	450
566	450
566	450
567	450
567	450
567	450
567	450
567	450
567	450
567	450
567	450
568	450
568	450
568	450
568	450
568	450
568	450
568	450
568	450
569	450
569	450
569	450
569	450
569	450
569	450
569	450
569	450
570	450
570	450
570	450
570	450
570	450
570	450
570	450
570	450
571	450
571	450
571	450
571	450
571	450
571	450
571	450
571	450
572	450
572	450
572	450
572	450
572	450
572	450
572	450
572	450
573	450
573	450
573	450
573	450
573	450
573	450
573	450
573	450
574	450
574	450
574	450
574	450
574	450
574	450
574	450
574	450
575	450
575	450
575	450
575	450
575	450
575	450
575	450
575	450
576	450
576	450
576	450
576	450
576	450
576	450
576	450
576	450
577	450
577	450
577	450
577	450
577	450
577	450
577	450
577	450
578	450
578	450
578	450
578	450
578	450
578	450
578	450
578	450
579	450
579	450
579	450
579	450
579	450
579	450
579	450
579	450
580	450
580	450
580	450
580	450
580	450
580	450
580	450
580	450
581	450
581	450
581	450
581	450
581	450
581	450
581	450
581	450
582	450
582	450
582	450
582	450
582	450
582	450
582	450
582	450
583	450
583	450
583	450
583	450
583	450
583	450
583	450
583	450
584	450
584	450
584	450
584	450
584	450
584	450
584	450
584	450
585	450
585	450
585	450
585	450
585	450
585	450
585	450
585	450
586	450
586	450
586	450
586	450
586	450
586	450
586	450
586	450
587	450
587	450
587	450
587	450
587	450
587	450
587	450
587	450
588	450
588	450
588	450
588	450
588	450
588	450
588	450
588	450
589	450
589	450
589	450
589	450
589	450
589	450
589	450
589	450
590	450
590	450
590	450
590	450
590	450
590	450
590	450
590	450
591	450
591	450
591	450
591	450
591	450
591	450
591	450
591	450
592	450
592	450
592	450
592	450
592	450
592	450
592	450
592	450
593	450
593	450
593	450
593	450
593	450
593	450
593	450
593	450
594	450
594	450
594	450
594	450
594	450
594	450
594	450
594	450
595	450
595	450
595	450
595	450
595	450
595	450
595	450
595	450
596	450
596	450
596	450
596	450
596	450
596	450
596	450
596	450
597	450
597	450
597	450
597	450
597	450
597	450
597	450
597	450
598	450
598	450
598	450
598	450
598	450
598	450
598	450
598	450
599	450
599	450
599	450
599	450
599	450
599	450
599	450
599	450
600	450
600	450
600	450
600	450
600	450
600	450
600	450
600	450
601	450
601	450
601	450
601	450
601	450
601	450
601	450
601	450
602	450
602	450
602	450
602	450
602	450
602	450
602	450
602	450
603	450
603	450
603	450
603	450
603	450
603	450
603	450
603	450
604	450
604	450
604	450
604	450
604	450
604	450
604	450
604	450
605	450
605	450
605	450
605	450
605	450
605	450
605	450
605	450
606	450
606	450
606	450
606	450
606	450
606	450
606	450
606	450
607	450
607	450
607	450
607	450
607	450
607	450
607	450
607	450
608	450
608	450
608	450
608	450
608	450
608	450
608	450
608	450
609	450
609	450
609	450
609	450
609	450
609	450
609	450
609	450
610	450
610	450
610	450
610	450
610	450
610	450
610	450
610	450
611	450
611	450
611	450
611	450
611	450
611	450
611	450
611	450
612	450
612	450
612	450
612	450
612	450
612	450
612	450
612	450
613	450
613	450
613	450
613	450
613	450
613	450
613	450
613	450
614	450
614	450
614	450
614	450
614	450
614	450
614	450
614	450
615	450
615	450
615	450
615	450
615	450
615	450
615	450
615	450
616	450
616	450
616	450
616	450
616	450
616	450
616	450
616	450
617	450
617	450
617	450
617	450
617	450
617	450
617	450
617	450
618	450
618	450
618	450
618	450
618	450
618	450
618	450
618	450
619	450
619	450
619	450
619	450
619	450
619	450
619	450
619	450
620	450
620	450
620	450
620	450
620	450
620	450
620	450
620	450
621	450
621	450
621	450
621	450
621	450
621	450
621	450
621	450
622	450
622	450
622	450
622	450
622	450
622	450
622	450
622	450
623	450
623	450
623	450
623	450
623	450
623	450
623	450
623	450
624	450
624	450
624	450
624	450
624	450
624	450
624	450
624	450
625	450
625	450
625	450
625	450
625	450
625	450
625	450
625	450
626	450
626	450
626	450
626	450
626	450
626	450
626	450
626	450
627	450
627	450
627	450
627	450
627	450
627	450
627	450
627	450
628	450
628	450
628	450
628	450
628	450
628	450
628	450
628	450
629	450
629	450
629	450
629	450
629	450
629	450
629	450
629	450
630	450
630	450
630	450
630	450
630	450
630	450
630	450
630	450
631	450
631	450
631	450
631	450
631	450
631	450
631	450
631	450
632	450
632	450
632	450
632	450
632	450
632	450
632	450
632	450
633	450
633	450
633	450
633	450
633	450
633	450
633	450
633	450
634	450
634	450
634	450
634	450
634	450
634	450
634	450
634	450
635	450
635	450
635	450
635	450
635	450
635	450
635	450
635	450
636	450
636	450
636	450
636	450
636	450
636	450
636	450
636	450
637	450
637	450
637	450
637	450
637	450
637	450
637	450
637	450
638	450
638	450
638	450
638	450
638	450
638	450
638	450
638	450
639	450
639	450
639	450
639	450
639	450
639	450
639	450
639	450
640	450
640	450
640	450
640	450
640	450
640	450
640	450
640	450
641	450
641	450
641	450
641	450
641	450
641	450
641	450
641	450
642	450
642	450
642	450
642	450
642	450
642	450
642	450
642	450
643	450
643	450
643	450
643	450
643	450
643	450
643	450
643	450
644	450
644	450
644	450
644	450
644	450
644	450
644	450
644	450
645	450
645	450
645	450
645	450
645	450
645	450
645	450
645	450
646	450
646	450
646	450
646	450
646	450
646	450
646	450
646	450
647	450
647	450
647	450
647	450
647	450
647	450
647	450
647	450
648	450
648	450
648	450
648	450
648	450
648	450
648	450
648	450
649	450
649	450
649	450
649	450
649	450
649	450
649	450
649	450
650	450
650	450
650	450
650	450
650	450
650	450
650	450
650	450
651	450
651	450
651	450
651	450
651	450
651	450
651	450
651	450
652	450
652	450
652	450
652	450
652	450
652	450
652	450
652	450
653	450
653	450
653	450
653	450
653	450
653	450
653	450
653	450
654	450
654	450
654	450
654	450
654	450
654	450
654	450
654	450
655	450
655	450
655	450
655	450
655	450
655	450
655	450
655	450
656	450
656	450
656	450
656	450
656	450
656	450
656	450
656	450
657	450
657	450
657	450
657	450
657	450
657	450
657	450
657	450
658	450
658	450
658	450
658	450
658	450
658	450
658	450
658	450
659	450
659	450
659	450
659	450
659	450
659	450
659	450
659	450
660	450
660	450
660	450
660	450
660	450
660	450
660	450
660	450
661	450
661	450
661	450
661	450
661	450
661	450
661	450
661	450
662	450
662	450
662	450
662	450
662	450
662	450
662	450
662	450
663	450
663	450
663	450
663	450
663	450
663	450
663	450
663	450
664	450
664	450
664	450
664	450
664	450
664	450
664	450
664	450
665	450
665	450
665	450
665	450
665	450
665	450
665	450
665	450
666	450
666	450
666	450
666	450
666	450
666	450
666	450
666	450
667	450
667	450
667	450
667	450
667	450
667	450
667	450
667	450
668	450
668	450
668	450
668	450
668	450
668	450
668	450
668	450
669	450
669	450
669	450
669	450
669	450
669	450
669	450
669	450
670	450
670	450
670	450
670	450
670	450
670	450
670	450
670	450
671	450
671	450
671	450
671	450
671	450
671	450
671	450
671	450
672	450
672	450
672	450
672	450
672	450
672	450
672	450
672	450
673	450
673	450
673	450
673	450
673	450
673	450
673	450
673	450
674	450
674	450
674	450
674	450
674	450
674	450
674	450
674	450
675	450
675	450
675	450
675	450
675	450
675	450
675	450
675	450
676	450
676	450
676	450
676	450
676	450
676	450
676	450
676	450
677	450
677	450
677	450
677	450
677	450
677	450
677	450
677	450
678	450
678	450
678	450
678	450
678	450
678	450
678	450
678	450
679	450
679	450
679	450
679	450
679	450
679	450
679	450
679	450
680	450
680	450
680	450
680	450
680	450
680	450
680	450
680	450
681	450
681	450
681	450
681	450
681	450
681	450
681	450
681	450
682	450
682	450
682	450
682	450
682	450
682	450
682	450
682	450
683	450
683	450
683	450
683	450
683	450
683	450
683	450
683	450
684	450
684	450
684	450
684	450
684	450
684	450
684	450
684	450
685	450
685	450
685	450
685	450
685	450
685	450
685	450
685	450
686	450
686	450
686	450
686	450
686	450
686	450
686	450
686	450
687	450
687	450
687	450
687	450
687	450
687	450
687	450
687	450
688	450
688	450
688	450
688	450
688	450
688	450
688	450
688	450
689	450
689	450
689	450
689	450
689	450
689	450
689	450
689	450
690	450
690	450
690	450
690	450
690	450
690	450
690	450
690	450
691	450
691	450
691	450
691	450
691	450
691	450
691	450
691	450
692	450
692	450
692	450
692	450
692	450
692	450
692	450
692	450
693	450
693	450
693	450
693	450
693	450
693	450
693	450
693	450
694	450
694	450
694	450
694	450
694	450
694	450
694	450
694	450
695	450
695	450
695	450
695	450
695	450
695	450
695	450
695	450
696	450
696	450
696	450
696	450
696	450
696	450
696	450
696	450
697	450
697	450
697	450
697	450
697	450
697	450
697	450
697	450
698	450
698	450
698	450
698	450
698	450
698	450
698	450
698	450
699	450
699	450
699	450
699	450
699	450
699	450
699	450
699	450
700	450
700	450
700	450
700	450
700	450
700	450
700	450
700	450
701	450
701	450
701	450
701	450
701	450
701	450
701	450
701	450
702	450
702	450
702	450
702	450
702	450
702	450
702	450
702	450
703	450
703	450
703	450
703	450
703	450
703	450
703	450
703	450
704	450
704	450
704	450
704	450
704	450
704	450
704	450
704	450
705	450
705	450
705	450
705	450
705	450
705	450
705	450
705	450
706	450
706	450
706	450
706	450
706	450
706	450
706	450
706	450
707	450
707	450
707	450
707	450
707	450
707	450
707	450
707	450
708	450
708	450
708	450
708	450
708	450
708	450
708	450
708	450
709	450
709	450
709	450
709	450
709	450
709	450
709	450
709	450
710	450
710	450
710	450
710	450
710	450
710	450
710	450
710	450
711	450
711	450
711	450
711	450
711	450
711	450
711	450
711	450
712	450
712	450
712	450
712	450
712	450
712	450
712	450
712	450
713	450
713	450
713	450
713	450
713	450
713	450
713	450
713	450
714	450
714	450
714	450
714	450
714	450
714	450
714	450
714	450
715	450
715	450
715	450
715	450
715	450
715	450
715	450
715	450
716	450
716	450
716	450
716	450
716	450
716	450
716	450
716	450
717	450
717	450
717	450
717	450
717	450
717	450
717	450
717	450
718	450
718	450
718	450
718	450
718	450
718	450
718	450
718	450
719	450
719	450
719	450
719	450
719	450
719	450
719	450
719	450
720	450
720	450
720	450
720	450
720	450
720	450
720	450
720	450
721	450
721	450
721	450
721	450
721	450
721	450
721	450
721	450
722	450
722	450
722	450
722	450
722	450
722	450
722	450
722	450
723	450
723	450
723	450
723	450
723	450
723	450
723	450
723	450
724	450
724	450
724	450
724	450
724	450
724	450
724	450
724	450
725	450
725	450
725	450
725	450
725	450
725	450
725	450
725	450
726	450
726	450
726	450
726	450
726	450
726	450
726	450
726	450
727	450
727	450
727	450
727	450
727	450
727	450
727	450
727	450
728	450
728	450
728	450
728	450
728	450
728	450
728	450
728	450
729	450
729	450
729	450
729	450
729	450
729	450
729	450
729	450
730	450
730	450
730	450
730	450
730	450
730	450
730	450
730	450
731	450
731	450
731	450
731	450
731	450
731	450
731	450
731	450
732	450
732	450
732	450
732	450
732	450
732	450
732	450
732	450
733	450
733	450
733	450
733	450
733	450
733	450
733	450
733	450
734	450
734	450
734	450
734	450
734	450
734	450
734	450
734	450
735	450
735	450
735	450
735	450
735	450
735	450
735	450
735	450
736	450
736	450
736	450
736	450
736	450
736	450
736	450
736	450
737	450
737	450
737	450
737	450
737	450
737	450
737	450
737	450
738	450
738	450
738	450
738	450
738	450
738	450
738	450
738	450
739	450
739	450
739	450
739	450
739	450
739	450
739	450
739	450
740	450
740	450
740	450
740	450
740	450
740	450
740	450
740	450
741	450
741	450
741	450
741	450
741	450
741	450
741	450
741	450
742	450
742	450
742	450
742	450
742	450
742	450
742	450
742	450
743	450
743	450
743	450
743	450
743	450
743	450
743	450
743	450
744	450
744	450
744	450
744	450
744	450
744	450
744	450
744	450
745	450
745	450
745	450
745	450
745	450
745	450
745	450
745	450
746	450
746	450
746	450
746	450
746	450
746	450
746	450
746	450
747	450
747	450
747	450
747	450
747	450
747	450
747	450
747	450
748	450
748	450
748	450
748	450
748	450
748	450
748	450
748	450
749	450
749	450
749	450
749	450
749	450
749	450
749	450
749	450
750	450
750	450
750	450
750	450
750	450
750	450
750	450
750	450
751	450
751	450
751	450
751	450
751	450
751	450
751	450
751	450
752	450
752	450
752	450
752	450
752	450
752	450
752	450
752	450
753	450
753	450
753	450
753	450
753	450
753	450
753	450
753	450
754	450
754	450
754	450
754	450
754	450
754	450
754	450
754	450
755	450
755	450
755	450
755	450
755	450
755	450
755	450
755	450
756	450
756	450
756	450
756	450
756	450
756	450
756	450
756	450
757	450
757	450
757	450
757	450
757	450
757	450
757	450
757	450
758	450
758	450
758	450
758	450
758	450
758	450
758	450
758	450
759	450
759	450
759	450
759	450
759	450
759	450
759	450
759	450
760	450
760	450
760	450
760	450
760	450
760	450
760	450
760	450
761	450
761	450
761	450
761	450
761	450
761	450
761	450
761	450
762	450
762	450
762	450
762	450
762	450
762	450
762	450
762	450
763	450
763	450
763	450
763	450
763	450
763	450
763	450
763	450
764	450
764	450
764	450
764	450
764	450
764	450
764	450
764	450
765	450
765	450
765	450
765	450
765	450
765	450
765	450
765	450
766	450
766	450
766	450
766	450
766	450
766	450
766	450
766	450
767	450
767	450
767	450
767	450
767	450
767	450
767	450
767	450
768	450
768	450
768	450
768	450
768	450
768	450
768	450
768	450
769	450
769	450
769	450
769	450
769	450
769	450
769	450
769	450
770	450
770	450
770	450
770	450
770	450
770	450
770	450
770	450
771	450
771	450
771	450
771	450
771	450
771	450
771	450
771	450
772	450
772	450
772	450
772	450
772	450
772	450
772	450
772	450
773	450
773	450
773	450
773	450
773	450
773	450
773	450
773	450
774	450
774	450
774	450
774	450
774	450
774	450
774	450
774	450
775	450
775	450
775	450
775	450
775	450
775	450
775	450
775	450
776	450
776	450
776	450
776	450
776	450
776	450
776	450
776	450
777	450
777	450
777	450
777	450
777	450
777	450
777	450
777	450
778	450
778	450
778	450
778	450
778	450
778	450
778	450
778	450
779	450
779	450
779	450
779	450
779	450
779	450
779	450
779	450
780	450
780	450
780	450
780	450
780	450
780	450
780	450
780	450
781	450
781	450
781	450
781	450
781	450
781	450
781	450
781	450
782	450
782	450
782	450
782	450
782	450
782	450
782	450
782	450
783	450
783	450
783	450
783	450
783	450
783	450
783	450
783	450
784	450
784	450
784	450
784	450
784	450
784	450
784	450
784	450
785	450
785	450
785	450
785	450
785	450
785	450
785	450
785	450
786	450
786	450
786	450
786	450
786	450
786	450
786	450
786	450
787	450
787	450
787	450
787	450
787	450
787	450
787	450
787	450
788	450
788	450
788	450
788	450
788	450
788	450
788	450
788	450
789	450
789	450
789	450
789	450
789	450
789	450
789	450
789	450
790	450
790	450
790	450
790	450
790	450
790	450
790	450
790	450
791	450
791	450
791	450
791	450
791	450
791	450
791	450
791	450
792	450
792	450
792	450
792	450
792	450
792	450
792	450
792	450
793	450
793	450
793	450
793	450
793	450
793	450
793	450
793	450
794	450
794	450
794	450
794	450
794	450
794	450
794	450
794	450
795	450
795	450
795	450
795	450
795	450
795	450
795	450
795	450
796	450
796	450
796	450
796	450
796	450
796	450
796	450
796	450
797	450
797	450
797	450
797	450
797	450
797	450
797	450
797	450
798	450
798	450
798	450
798	450
798	450
798	450
798	450
798	450
799	450
799	450
799	450
799	450
799	450
799	450
799	450
799	450
800	450
800	450
800	450
800	450
800	450
800	450
800	450
800	450
801	450
801	450
801	450
801	450
801	450
801	450
801	450
801	450
802	450
802	450
802	450
802	450
802	450
802	450
802	450
802	450
803	450
803	450
803	450
803	450
803	450
803	450
803	450
803	450
804	450
804	450
804	450
804	450
804	450
804	450
804	450
804	450
805	450
805	450
805	450
805	450
805	450
805	450
805	450
805	450
806	450
806	450
806	450
806	450
806	450
806	450
806	450
806	450
807	450
807	450
807	450
807	450
807	450
807	450
807	450
807	450
808	450
808	450
808	450
808	450
808	450
808	450
808	450
808	450
809	450
809	450
809	450
809	450
809	450
809	450
809	450
809	450
810	450
810	450
810	450
810	450
810	450
810	450
810	450
810	450
811	450
811	450
811	450
811	450
811	450
811	450
811	450
811	450
812	450
812	450
812	450
812	450
812	450
812	450
812	450
812	450
813	450
813	450
813	450
813	450
813	450
813	450
813	450
813	450
814	450
814	450
814	450
814	450
814	450
814	450
814	450
814	450
815	450
815	450
815	450
815	450
815	450
815	450
815	450
815	450
816	450
816	450
816	450
816	450
816	450
816	450
816	450
816	450
817	450
817	450
817	450
817	450
817	450
817	450
817	450
817	450
818	450
818	450
818	450
818	450
818	450
818	450
818	450
818	450
819	450
819	450
819	450
819	450
819	450
819	450
819	450
819	450
820	450
820	450
820	450
820	450
820	450
820	450
820	450
820	450
821	450
821	450
821	450
821	450
821	450
821	450
821	450
821	450
822	450
822	450
822	450
822	450
822	450
822	450
822	450
822	450
823	450
823	450
823	450
823	450
823	450
823	450
823	450
823	450
824	450
824	450
824	450
824	450
824	450
824	450
824	450
824	450
825	450
825	450
825	450
825	450
825	450
825	450
825	450
825	450
826	450
826	450
826	450
826	450
826	450
826	450
826	450
826	450
827	450
827	450
827	450
827	450
827	450
827	450
827	450
827	450
828	450
828	450
828	450
828	450
828	450
828	450
828	450
828	450
829	450
829	450
829	450
829	450
829	450
829	450
829	450
829	450
830	450
830	450
830	450
830	450
830	450
830	450
830	450
830	450
831	450
831	450
831	450
831	450
831	450
831	450
831	450
831	450
832	450
832	450
832	450
832	450
832	450
832	450
832	450
832	450
833	450
833	450
833	450
833	450
833	450
833	450
833	450
833	450
834	450
834	450
834	450
834	450
834	450
834	450
834	450
834	450
835	450
835	450
835	450
835	450
835	450
835	450
835	450
835	450
836	450
836	450
836	450
836	450
836	450
836	450
836	450
836	450
837	450
837	450
837	450
837	450
837	450
837	450
837	450
837	450
838	450
838	450
838	450
838	450
838	450
838	450
838	450
838	450
839	450
839	450
839	450
839	450
839	450
839	450
839	450
839	450
840	450
840	450
840	450
840	450
840	450
840	450
840	450
840	450
841	450
841	450
841	450
841	450
841	450
841	450
841	450
841	450
842	450
842	450
842	450
842	450
842	450
842	450
842	450
842	450
843	450
843	450
843	450
843	450
843	450
843	450
843	450
843	450
844	450
844	450
844	450
844	450
844	450
844	450
844	450
844	450
845	450
845	450
845	450
845	450
845	450
845	450
845	450
845	450
846	450
846	450
846	450
846	450
846	450
846	450
846	450
846	450
847	450
847	450
847	450
847	450
847	450
847	450
847	450
847	450
848	450
848	450
848	450
848	450
848	450
848	450
848	450
848	450
849	450
849	450
849	450
849	450
849	450
849	450
849	450
849	450
850	450
850	450
850	450
850	450
850	450
850	450
850	450
850	450
851	450
851	450
851	450
851	450
851	450
851	450
851	450
851	450
852	450
852	450
852	450
852	450
852	450
852	450
852	450
852	450
853	450
853	450
853	450
853	450
853	450
853	450
853	450
853	450
854	450
854	450
854	450
854	450
854	450
854	450
854	450
854	450
855	450
855	450
855	450
855	450
855	450
855	450
855	450
855	450
856	450
856	450
856	450
856	450
856	450
856	450
856	450
856	450
857	450
857	450
857	450
857	450
857	450
857	450
857	450
857	450
858	450
858	450
858	450
858	450
858	450
858	450
858	450
858	450
859	450
859	450
859	450
859	450
859	450
859	450
859	450
859	450
860	450
860	450
860	450
860	450
860	450
860	450
860	450
860	450
861	450
861	450
861	450
861	450
861	450
861	450
861	450
861	450
862	450
862	450
862	450
862	450
862	450
862	450
862	450
862	450
863	450
863	450
863	450
863	450
863	450
863	450
863	450
863	450
864	450
864	450
864	450
864	450
864	450
864	450
864	450
864	450
865	450
865	450
865	450
865	450
865	450
865	450
865	450
865	450
866	450
866	450
866	450
866	450
866	450
866	450
866	450
866	450
867	450
867	450
867	450
867	450
867	450
867	450
867	450
867	450
868	450
868	450
868	450
868	450
868	450
868	450
868	450
868	450
869	450
869	450
869	450
869	450
869	450
869	450
869	450
869	450
870	450
870	450
870	450
870	450
870	450
870	450
870	450
870	450
871	450
871	450
871	450
871	450
871	450
871	450
871	450
871	450
872	450
872	450
872	450
872	450
872	450
872	450
872	450
872	450
873	450
873	450
873	450
873	450
873	450
873	450
873	450
873	450
874	450
874	450
874	450
874	450
874	450
874	450
874	450
874	450
875	450
875	450
875	450
875	450
875	450
875	450
875	450
875	450
876	450
876	450
876	450
876	450
876	450
876	450
876	450
876	450
877	450
877	450
877	450
877	450
877	450
877	450
877	450
877	450
878	450
878	450
878	450
878	450
878	450
878	450
878	450
878	450
879	450
879	450
879	450
879	450
879	450
879	450
879	450
879	450
880	450
880	450
880	450
880	450
880	450
880	450
880	450
880	450
881	450
881	450
881	450
881	450
881	450
881	450
881	450
881	450
882	450
882	450
882	450
882	450
882	450
882	450
882	450
882	450
883	450
883	450
883	450
883	450
883	450
883	450
883	450
883	450
884	450
884	450
884	450
884	450
884	450
884	450
884	450
884	450
885	450
885	450
885	450
885	450
885	450
885	450
885	450
885	450
886	450
886	450
886	450
886	450
886	450
886	450
886	450
886	450
887	450
887	450
887	450
887	450
887	450
887	450
887	450
887	450
888	450
888	450
888	450
888	450
888	450
888	450
888	450
888	450
889	450
889	450
889	450
889	450
889	450
889	450
889	450
889	450
890	450
890	450
890	450
890	450
890	450
890	450
890	450
890	450
891	450
891	450
891	450
891	450
891	450
891	450
891	450
891	450
892	450
892	450
892	450
892	450
892	450
892	450
892	450
892	450
893	450
893	450
893	450
893	450
893	450
893	450
893	450
893	450
894	450
894	450
894	450
894	450
894	450
894	450
894	450
894	450
895	450
895	450
895	450
895	450
895	450
895	450
895	450
895	450
896	450
896	450
896	450
896	450
896	450
896	450
896	450
896	450
897	450
897	450
897	450
897	450
897	450
897	450
897	450
897	450
898	450
898	450
898	450
898	450
898	450
898	450
898	450
898	450
899	450
899	450
899	450
899	450
899	450
899	450
899	450
899	450
900	450
900	450
900	450
900	450
900	450
900	450
900	450
900	450
901	450
901	450
901	450
901	450
901	450
901	450
901	450
901	450
902	450
902	450
902	450
902	450
902	450
902	450
902	450
902	450
903	450
903	450
903	450
903	450
903	450
903	450
903	450
903	450
904	450
904	450
904	450
904	450
904	450
904	450
904	450
904	450
905	450
905	450
905	450
905	450
905	450
905	450
905	450
905	450
906	450
906	450
906	450
906	450
906	450
906	450
906	450
906	450
907	450
907	450
907	450
907	450
907	450
907	450
907	450
907	450
908	450
908	450
908	450
908	450
908	450
908	450
908	450
908	450
909	450
909	450
909	450
909	450
909	450
909	450
909	450
909	450
910	450
910	450
910	450
910	450
910	450
910	450
910	450
910	450
911	450
911	450
911	450
911	450
911	450
911	450
911	450
911	450
912	450
912	450
912	450
912	450
912	450
912	450
912	450
912	450
913	450
913	450
913	450
913	450
913	450
913	450
913	450
913	450
914	450
914	450
914	450
914	450
914	450
914	450
914	450
914	450
915	450
915	450
915	450
915	450
915	450
915	450
915	450
915	450
916	450
916	450
916	450
916	450
916	450
916	450
916	450
916	450
917	450
917	450
917	450
917	450
917	450
917	450
917	450
917	450
918	450
918	450
918	450
918	450
918	450
918	450
918	450
918	450
919	450
919	450
919	450
919	450
919	450
919	450
919	450
919	450
920	450
920	450
920	450
920	450
920	450
920	450
920	450
920	450
921	450
921	450
921	450
921	450
921	450
921	450
921	450
921	450
922	450
922	450
922	450
922	450
922	450
922	450
922	450
922	450
923	450
923	450
923	450
923	450
923	450
923	450
923	450
923	450
924	450
924	450
924	450
924	450
924	450
924	450
924	450
924	450
925	450
925	450
925	450
925	450
925	450
925	450
925	450
925	450
926	450
926	450
926	450
926	450
926	450
926	450
926	450
926	450
927	450
927	450
927	450
927	450
927	450
927	450
927	450
927	450
928	450
928	450
928	450
928	450
928	450
928	450
928	450
928	450
929	450
929	450
929	450
929	450
929	450
929	450
929	450
929	450
930	450
930	450
930	450
930	450
930	450
930	450
930	450
930	450
931	450
931	450
931	450
931	450
931	450
931	450
931	450
931	450
932	450
932	450
932	450
932	450
932	450
932	450
932	450
932	450
933	450
933	450
933	450
933	450
933	450
933	450
933	450
933	450
934	450
934	450
934	450
934	450
934	450
934	450
934	450
934	450
935	450
935	450
935	450
935	450
935	450
935	450
935	450
935	450
936	450
936	450
936	450
936	450
936	450
936	450
936	450
936	450
937	450
937	450
937	450
937	450
937	450
937	450
937	450
937	450
938	450
938	450
938	450
938	450
938	450
938	450
938	450
938	450
939	450
939	450
939	450
939	450
939	450
939	450
939	450
939	450
940	450
940	450
940	450
940	450
940	450
940	450
940	450
940	450
941	450
941	450
941	450
941	450
941	450
941	450
941	450
941	450
942	450
942	450
942	450
942	450
942	450
942	450
942	450
942	450
943	450
943	450
943	450
943	450
943	450
943	450
943	450
943	450
944	450
944	450
944	450
944	450
944	450
944	450
944	450
944	450
945	450
945	450
945	450
945	450
945	450
945	450
945	450
945	450
946	450
946	450
946	450
946	450
946	450
946	450
946	450
946	450
947	450
947	450
947	450
947	450
947	450
947	450
947	450
947	450
948	450
948	450
948	450
948	450
948	450
948	450
948	450
948	450
949	450
949	450
949	450
949	450
949	450
949	450
949	450
949	450
950	450
950	450
950	450
950	450
950	450
950	450
950	450
950	450
951	450
951	450
951	450
951	450
951	450
951	450
951	450
951	450
952	450
952	450
952	450
952	450
952	450
952	450
952	450
952	450
953	450
953	450
953	450
953	450
953	450
953	450
953	450
953	450
954	450
954	450
954	450
954	450
954	450
954	450
954	450
954	450
955	450
955	450
955	450
955	450
955	450
955	450
955	450
955	450
956	450
956	450
956	450
956	450
956	450
956	450
956	450
956	450
957	450
957	450
957	450
957	450
957	450
957	450
957	450
957	450
958	450
958	450
958	450
958	450
958	450
958	450
958	450
958	450
959	450
959	450
959	450
959	450
959	450
959	450
959	450
959	450
960	450
960	450
960	450
960	450
960	450
960	450
960	450
960	450
961	450
961	450
961	450
961	450
961	450
961	450
961	450
961	450
962	450
962	450
962	450
962	450
962	450
962	450
962	450
962	450
963	450
963	450
963	450
963	450
963	450
963	450
963	450
963	450
964	450
964	450
964	450
964	450
964	450
964	450
964	450
964	450
965	450
965	450
965	450
965	450
965	450
965	450
965	450
965	450
966	450
966	450
966	450
966	450
966	450
966	450
966	450
966	450
967	450
967	450
967	450
967	450
967	450
967	450
967	450
967	450
968	450
968	450
968	450
968	450
968	450
968	450
968	450
968	450
969	450
969	450
969	450
969	450
969	450
969	450
969	450
969	450
970	450
970	450
970	450
970	450
970	450
970	450
970	450
970	450
971	450
971	450
971	450
971	450
971	450
971	450
971	450
971	450
972	450
972	450
972	450
972	450
972	450
972	450
972	450
972	450
973	450
973	450
973	450
973	450
973	450
973	450
973	450
973	450
974	450
974	450
974	450
974	450
974	450
974	450
974	450
974	450
975	450
975	450
975	450
975	450
975	450
975	450
975	450
975	450
976	450
976	450
976	450
976	450
976	450
976	450
976	450
976	450
977	450
977	450
977	450
977	450
977	450
977	450
977	450
977	450
978	450
978	450
978	450
978	450
978	450
978	450
978	450
978	450
979	450
979	450
979	450
979	450
979	450
979	450
979	450
979	450
980	450
980	450
980	450
980	450
980	450
980	450
980	450
980	450
981	450
981	450
981	450
981	450
981	450
981	450
981	450
981	450
982	450
982	450
982	450
982	450
982	450
982	450
982	450
982	450
983	450
983	450
983	450
983	450
983	450
983	450
983	450
983	450
984	450
984	450
984	450
984	450
984	450
984	450
984	450
984	450
985	450
985	450
985	450
985	450
985	450
985	450
985	450
985	450
986	450
986	450
986	450
986	450
986	450
986	450
986	450
986	450
987	450
987	450
987	450
987	450
987	450
987	450
987	450
987	450
988	450
988	450
988	450
988	450
988	450
988	450
988	450
988	450
989	450
989	450
989	450
989	450
989	450
989	450
989	450
989	450
990	450
990	450
990	450
990	450
990	450
990	450
990	450
990	450
991	450
991	450
991	450
991	450
991	450
991	450
991	450
991	450
992	450
992	450
992	450
992	450
992	450
992	450
992	450
992	450
993	450
993	450
993	450
993	450
993	450
993	450
993	450
993	450
994	450
994	450
994	450
994	450
994	450
994	450
994	450
994	450
995	450
995	450
995	450
995	450
995	450
995	450
995	450
995	450
996	450
996	450
996	450
996	450
996	450
996	450
996	450
996	450
997	450
997	450
997	450
997	450
997	450
997	450
997	450
997	450
998	450
998	450
998	450
998	450
998	450
998	450
998	450
998	450
999	450
999	450
999	450
999	450
999	450
999	450
999	450
999	450
1000	450
1000	450
1000	450
1000	450
1000	450
1000	450
1000	450
1000	450
1001	450
1001	450
1001	450
1001	450
1001	450
1001	450
1001	450
1001	450
1002	450
1002	450
1002	450
1002	450
1002	450
1002	450
1002	450
1002	450
1003	450
1003	450
1003	450
1003	450
1003	450
1003	450
1003	450
1003	450
1004	450
1004	450
1004	450
1004	450
1004	450
1004	450
1004	450
1004	450
1005	450
1005	450
1005	450
1005	450
1005	450
1005	450
1005	450
1005	450
1006	450
1006	450
1006	450
1006	450
1006	450
1006	450
1006	450
1006	450
1007	450
1007	450
1007	450
1007	450
1007	450
1007	450
1007	450
1007	450
1008	450
1008	450
1008	450
1008	450
1008	450
1008	450
1008	450
1008	450
1009	450
1009	450
1009	450
1009	450
1009	450
1009	450
1009	450
1009	450
1010	450
1010	450
1010	450
1010	450
1010	450
1010	450
1010	450
1010	450
1011	450
1011	450
1011	450
1011	450
1011	450
1011	450
1011	450
1011	450
1012	450
1012	450
1012	450
1012	450
1012	450
1012	450
1012	450
1012	450
1013	450
1013	450
1013	450
1013	450
1013	450
1013	450
1013	450
1013	450
1014	450
1014	450
1014	450
1014	450
1014	450
1014	450
1014	450
1014	450
1015	450
1015	450
1015	450
1015	450
1015	450
1015	450
1015	450
1015	450
1016	450
1016	450
1016	450
1016	450
1016	450
1016	450
1016	450
1016	450
1017	450
1017	450
1017	450
1017	450
1017	450
1017	450
1017	450
1017	450
1018	450
1018	450
1018	450
1018	450
1018	450
1018	450
1018	450
1018	450
1019	450
1019	450
1019	450
1019	450
1019	450
1019	450
1019	450
1019	450
1020	450
1020	450
1020	450
1020	450
1020	450
1020	450
1020	450
1020	450
1021	450
1021	450
1021	450
1021	450
1021	450
1021	450
1021	450
1021	450
1022	450
1022	450
1022	450
1022	450
1022	450
1022	450
1022	450
1022	450
1023	450
1023	450
1023	450
1023	450
1023	450
1023	450
1023	450
1023	450
1024	450
1024	450
1024	450
1024	450
1024	450
1024	450
1024	450
1024	450
1025	450
1025	450
1025	450
1025	450
1025	450
1025	450
1025	450
1025	450
1026	450
1026	450
1026	450
1026	450
1026	450
1026	450
1026	450
1026	450
1027	450
1027	450
1027	450
1027	450
1027	450
1027	450
1027	450
1027	450
1028	450
1028	450
1028	450
1028	450
1028	450
1028	450
1028	450
1028	450
1029	450
1029	450
1029	450
1029	450
1029	450
1029	450
1029	450
1029	450
1030	450
1030	450
1030	450
1030	450
1030	450
1030	450
1030	450
1030	450
1031	450
1031	450
1031	450
1031	450
1031	450
1031	450
1031	450
1031	450
1032	450
1032	450
1032	450
1032	450
1032	450
1032	450
1032	450
1032	450
1033	450
1033	450
1033	450
1033	450
1033	450
1033	450
1033	450
1033	450
1034	450
1034	450
1034	450
1034	450
1034	450
1034	450
1034	450
1034	450
1035	450
1035	450
1035	450
1035	450
1035	450
1035	450
1035	450
1035	450
1036	450
1036	450
1036	450
1036	450
1036	450
1036	450
1036	450
1036	450
1037	450
1037	450
1037	450
1037	450
1037	450
1037	450
1037	450
1037	450
1038	450
1038	450
1038	450
1038	450
1038	450
1038	450
1038	450
1038	450
1039	450
1039	450
1039	450
1039	450
1039	450
1039	450
1039	450
1039	450
1040	450
1040	450
1040	450
1040	450
1040	450
1040	450
1040	450
1040	450
1041	450
1041	450
1041	450
1041	450
1041	450
1041	450
1041	450
1041	450
1042	450
1042	450
1042	450
1042	450
1042	450
1042	450
1042	450
1042	450
1043	450
1043	450
1043	450
1043	450
1043	450
1043	450
1043	450
1043	450
1044	450
1044	450
1044	450
1044	450
1044	450
1044	450
1044	450
1044	450
1045	450
1045	450
1045	450
1045	450
1045	450
1045	450
1045	450
1045	450
1046	450
1046	450
1046	450
1046	450
1046	450
1046	450
1046	450
1046	450
1047	450
1047	450
1047	450
1047	450
1047	450
1047	450
1047	450
1047	450
1048	450
1048	450
1048	450
1048	450
1048	450
1048	450
1048	450
1048	450
1049	450
1049	450
1049	450
1049	450
1049	450
1049	450
1049	450
1049	450
1050	450
1050	450
1050	450
1050	450
1050	450
1050	450
1050	450
1050	450
1051	450
1051	450
1051	450
1051	450
1051	450
1051	450
1051	450
1051	450
1052	450
1052	450
1052	450
1052	450
1052	450
1052	450
1052	450
1052	450
1053	450
1053	450
1053	450
1053	450
1053	450
1053	450
1053	450
1053	450
1054	450
1054	450
1054	450
1054	450
1054	450
1054	450
1054	450
1054	450
1055	450
1055	450
1055	450
1055	450
1055	450
1055	450
1055	450
1055	450
1056	450
1056	450
1056	450
1056	450
1056	450
1056	450
1056	450
1056	450
1057	450
1057	450
1057	450
1057	450
1057	450
1057	450
1057	450
1057	450
1058	450
1058	450
1058	450
1058	450
1058	450
1058	450
1058	450
1058	450
1059	450
1059	450
1059	450
1059	450
1059	450
1059	450
1059	450
1059	450
1060	450
1060	450
1060	450
1060	450
1060	450
1060	450
1060	450
1060	450
1061	450
1061	450
1061	450
1061	450
1061	450
1061	450
1061	450
1061	450
1062	450
1062	450
1062	450
1062	450
1062	450
1062	450
1062	450
1062	450
1063	450
1063	450
1063	450
1063	450
1063	450
1063	450
1063	450
1063	450
1064	450
1064	450
1064	450
1064	450
1064	450
1064	450
1064	450
1064	450
1065	450
1065	450
1065	450
1065	450
1065	450
1065	450
1065	450
1065	450
1066	450
1066	450
1066	450
1066	450
1066	450
1066	450
1066	450
1066	450
1067	450
1067	450
1067	450
1067	450
1067	450
1067	450
1067	450
1067	450
1068	450
1068	450
1068	450
1068	450
1068	450
1068	450
1068	450
1068	450
1069	450
1069	450
1069	450
1069	450
1069	450
1069	450
1069	450
1069	450
1070	450
1070	450
1070	450
1070	450
1070	450
1070	450
1070	450
1070	450
1071	450
1071	450
1071	450
1071	450
1071	450
1071	450
1071	450
1071	450
1072	450
1072	450
1072	450
1072	450
1072	450
1072	450
1072	450
1072	450
1073	450
1073	450
1073	450
1073	450
1073	450
1073	450
1073	450
1073	450
1074	450
1074	450
1074	450
1074	450
1074	450
1074	450
1074	450
1074	450
1075	450
1075	450
1075	450
1075	450
1075	450
1075	450
1075	450
1075	450
1076	450
1076	450
1076	450
1076	450
1076	450
1076	450
1076	450
1076	450
1077	450
1077	450
1077	450
1077	450
1077	450
1077	450
1077	450
1077	450
1078	450
1078	450
1078	450
1078	450
1078	450
1078	450
1078	450
1078	450
1079	450
1079	450
1079	450
1079	450
1079	450
1079	450
1079	450
1079	450
1080	450
1080	450
1080	450
1080	450
1080	450
1080	450
1080	450
1080	450
1081	450
1081	450
1081	450
1081	450
1081	450
1081	450
1081	450
1081	450
1082	450
1082	450
1082	450
1082	450
1082	450
1082	450
1082	450
1082	450
1083	450
1083	450
1083	450
1083	450
1083	450
1083	450
1083	450
1083	450
1084	450
1084	450
1084	450
1084	450
1084	450
1084	450
1084	450
1084	450
1085	450
1085	450
1085	450
1085	450
1085	450
1085	450
1085	450
1085	450
1086	450
1086	450
1086	450
1086	450
1086	450
1086	450
1086	450
1086	450
1087	450
1087	450
1087	450
1087	450
1087	450
1087	450
1087	450
1087	450
1088	450
1088	450
1088	450
1088	450
1088	450
1088	450
1088	450
1088	450
1089	450
1089	450
1089	450
1089	450
1089	450
1089	450
1089	450
1089	450
1090	450
1090	450
1090	450
1090	450
1090	450
1090	450
1090	450
1090	450
1091	450
1091	450
1091	450
1091	450
1091	450
1091	450
1091	450
1091	450
1092	450
1092	450
1092	450
1092	450
1092	450
1092	450
1092	450
1092	450
1093	450
1093	450
1093	450
1093	450
1093	450
1093	450
1093	450
1093	450
1094	450
1094	450
1094	450
1094	450
1094	450
1094	450
1094	450
1094	450
1095	450
1095	450
1095	450
1095	450
1095	450
1095	450
1095	450
1095	450
1096	450
1096	450
1096	450
1096	450
1096	450
1096	450
1096	450
1096	450
1097	450
1097	450
1097	450
1097	450
1097	450
1097	450
1097	450
1097	450
1098	450
1098	450
1098	450
1098	450
1098	450
1098	450
1098	450
1098	450
1099	450
1099	450
1099	450
1099	450
1099	450
1099	450
1099	450
1099	450
1100	450
1100	450
1100	450
1100	450
1100	450
1100	450
1100	450
1100	450
1101	450
1101	450
1101	450
1101	450
1101	450
1101	450
1101	450
1101	450
1102	450
1102	450
1102	450
1102	450
1102	450
1102	450
1102	450
1102	450
1103	450
1103	450
1103	450
1103	450
1103	450
1103	450
1103	450
1103	450
1104	450
1104	450
1104	450
1104	450
1104	450
1104	450
1104	450
1104	450
1105	450
1105	450
1105	450
1105	450
1105	450
1105	450
1105	450
1105	450
1106	450
1106	450
1106	450
1106	450
1106	450
1106	450
1106	450
1106	450
1107	450
1107	450
1107	450
1107	450
1107	450
1107	450
1107	450
1107	450
1108	450
1108	450
1108	450
1108	450
1108	450
1108	450
1108	450
1108	450
1109	450
1109	450
1109	450
1109	450
1109	450
1109	450
1109	450
1109	450
1110	450
1110	450
1110	450
1110	450
1110	450
1110	450
1110	450
1110	450
1111	450
1111	450
1111	450
1111	450
1111	450
1111	450
1111	450
1111	450
1112	450
1112	450
1112	450
1112	450
1112	450
1112	450
1112	450
1112	450
1113	450
1113	450
1113	450
1113	450
1113	450
1113	450
1113	450
1113	450
1114	450
1114	450
1114	450
1114	450
1114	450
1114	450
1114	450
1114	450
1115	450
1115	450
1115	450
1115	450
1115	450
1115	450
1115	450
1115	450
1116	450
1116	450
1116	450
1116	450
1116	450
1116	450
1116	450
1116	450
1117	450
1117	450
1117	450
1117	450
1117	450
1117	450
1117	450
1117	450
1118	450
1118	450
1118	450
1118	450
1118	450
1118	450
1118	450
1118	450
1119	450
1119	450
1119	450
1119	450
1119	450
1119	450
1119	450
1119	450
1120	450
1120	450
1120	450
1120	450
1120	450
1120	450
1120	450
1120	450
1121	450
1121	450
1121	450
1121	450
1121	450
1121	450
1121	450
1121	450
1122	450
1122	450
1122	450
1122	450
1122	450
1122	450
1122	450
1122	450
1123	450
1123	450
1123	450
1123	450
1123	450
1123	450
1123	450
1123	450
1124	450
1124	450
1124	450
1124	450
1124	450
1124	450
1124	450
1124	450
1125	450
1125	450
1125	450
1125	450
1125	450
1125	450
1125	450
1125	450
1126	450
1126	450
1126	450
1126	450
1126	450
1126	450
1126	450
1126	450
1127	450
1127	450
1127	450
1127	450
1127	450
1127	450
1127	450
1127	450
1128	450
1128	450
1128	450
1128	450
1128	450
1128	450
1128	450
1128	450
1129	450
1129	450
1129	450
1129	450
1129	450
1129	450
1129	450
1129	450
1130	450
1130	450
1130	450
1130	450
1130	450
1130	450
1130	450
1130	450
1131	450
1131	450
1131	450
1131	450
1131	450
1131	450
1131	450
1131	450
1132	450
1132	450
1132	450
1132	450
1132	450
1132	450
1132	450
1132	450
1133	450
1133	450
1133	450
1133	450
1133	450
1133	450
1133	450
1133	450
1134	450
1134	450
1134	450
1134	450
1134	450
1134	450
1134	450
1134	450
1135	450
1135	450
1135	450
1135	450
1135	450
1135	450
1135	450
1135	450
1136	450
1136	450
1136	450
1136	450
1136	450
1136	450
1136	450
1136	450
1137	450
1137	450
1137	450
1137	450
1137	450
1137	450
1137	450
1137	450
1138	450
1138	450
1138	450
1138	450
1138	450
1138	450
1138	450
1138	450
1139	450
1139	450
1139	450
1139	450
1139	450
1139	450
1139	450
1139	450
1140	450
1140	450
1140	450
1140	450
1140	450
1140	450
1140	450
1140	450
1141	450
1141	450
1141	450
1141	450
1141	450
1141	450
1141	450
1141	450
1142	450
1142	450
1142	450
1142	450
1142	450
1142	450
1142	450
1142	450
1143	450
1143	450
1143	450
1143	450
1143	450
1143	450
1143	450
1143	450
1144	450
1144	450
1144	450
1144	450
1144	450
1144	450
1144	450
1144	450
1145	450
1145	450
1145	450
1145	450
1145	450
1145	450
1145	450
1145	450
1146	450
1146	450
1146	450
1146	450
1146	450
1146	450
1146	450
1146	450
1147	450
1147	450
1147	450
1147	450
1147	450
1147	450
1147	450
1147	450
1148	450
1148	450
1148	450
1148	450
1148	450
1148	450
1148	450
1148	450
1149	450
1149	450
1149	450
1149	450
1149	450
1149	450
1149	450
1149	450
1150	450
1150	450
1150	450
1150	450
1150	450
1150	450
1150	450
1150	450
1151	450
1151	450
1151	450
1151	450
1151	450
1151	450
1151	450
1151	450
1152	450
1152	450
1152	450
1152	450
1152	450
1152	450
1152	450
1152	450
1153	450
1153	450
1153	450
1153	450
1153	450
1153	450
1153	450
1153	450
1154	450
1154	450
1154	450
1154	450
1154	450
1154	450
1154	450
1154	450
1155	450
1155	450
1155	450
1155	450
1155	450
1155	450
1155	450
1155	450
1156	450
1156	450
1156	450
1156	450
1156	450
1156	450
1156	450
1156	450
1157	450
1157	450
1157	450
1157	450
1157	450
1157	450
1157	450
1157	450
1158	450
1158	450
1158	450
1158	450
1158	450
1158	450
1158	450
1158	450
1159	450
1159	450
1159	450
1159	450
1159	450
1159	450
1159	450
1159	450
1160	450
1160	450
1160	450
1160	450
1160	450
1160	450
1160	450
1160	450
1161	450
1161	450
1161	450
1161	450
1161	450
1161	450
1161	450
1161	450
1162	450
1162	450
1162	450
1162	450
1162	450
1162	450
1162	450
1162	450
1163	450
1163	450
1163	450
1163	450
1163	450
1163	450
1163	450
1163	450
1164	450
1164	450
1164	450
1164	450
1164	450
1164	450
1164	450
1164	450
1165	450
1165	450
1165	450
1165	450
1165	450
1165	450
1165	450
1165	450
1166	450
1166	450
1166	450
1166	450
1166	450
1166	450
1166	450
1166	450
1167	450
1167	450
1167	450
1167	450
1167	450
1167	450
1167	450
1167	450
1168	450
1168	450
1168	450
1168	450
1168	450
1168	450
1168	450
1168	450
1169	450
1169	450
1169	450
1169	450
1169	450
1169	450
1169	450
1169	450
1170	450
1170	450
1170	450
1170	450
1170	450
1170	450
1170	450
1170	450
1171	450
1171	450
1171	450
1171	450
1171	450
1171	450
1171	450
1171	450
1172	450
1172	450
1172	450
1172	450
1172	450
1172	450
1172	450
1172	450
1173	450
1173	450
1173	450
1173	450
1173	450
1173	450
1173	450
1173	450
1174	450
1174	450
1174	450
1174	450
1174	450
1174	450
1174	450
1174	450
1175	450
1175	450
1175	450
1175	450
1175	450
1175	450
1175	450
1175	450
1176	450
1176	450
1176	450
1176	450
1176	450
1176	450
1176	450
1176	450
1177	450
1177	450
1177	450
1177	450
1177	450
1177	450
1177	450
1177	450
1178	450
1178	450
1178	450
1178	450
1178	450
1178	450
1178	450
1178	450
1179	450
1179	450
1179	450
1179	450
1179	450
1179	450
1179	450
1179	450
1180	450
1180	450
1180	450
1180	450
1180	450
1180	450
1180	450
1180	450
1181	450
1181	450
1181	450
1181	450
1181	450
1181	450
1181	450
1181	450
1182	450
1182	450
1182	450
1182	450
1182	450
1182	450
1182	450
1182	450
1183	450
1183	450
1183	450
1183	450
1183	450
1183	450
1183	450
1183	450
1184	450
1184	450
1184	450
1184	450
1184	450
1184	450
1184	450
1184	450
1185	450
1185	450
1185	450
1185	450
1185	450
1185	450
1185	450
1185	450
1186	450
1186	450
1186	450
1186	450
1186	450
1186	450
1186	450
1186	450
1187	450
1187	450
1187	450
1187	450
1187	450
1187	450
1187	450
1187	450
1188	450
1188	450
1188	450
1188	450
1188	450
1188	450
1188	450
1188	450
1189	450
1189	450
1189	450
1189	450
1189	450
1189	450
1189	450
1189	450
1190	450
1190	450
1190	450
1190	450
1190	450
1190	450
1190	450
1190	450
1191	450
1191	450
1191	450
1191	450
1191	450
1191	450
1191	450
1191	450
1192	450
1192	450
1192	450
1192	450
1192	450
1192	450
1192	450
1192	450
1193	450
1193	450
1193	450
1193	450
1193	450
1193	450
1193	450
1193	450
1194	450
1194	450
1194	450
1194	450
1194	450
1194	450
1194	450
1194	450
1195	450
1195	450
1195	450
1195	450
1195	450
1195	450
1195	450
1195	450
1196	450
1196	450
1196	450
1196	450
1196	450
1196	450
1196	450
1196	450
1197	450
1197	450
1197	450
1197	450
1197	450
1197	450
1197	450
1197	450
1198	450
1198	450
1198	450
1198	450
1198	450
1198	450
1198	450
1198	450
1199	450
1199	450
1199	450
1199	450
1199	450
1199	450
1199	450
1199	450
1200	450
1200	450
1200	450
1200	450
1200	450
1200	450
1200	450
1200	450
1201	450
1201	450
1201	450
1201	450
1201	450
1201	450
1201	450
1201	450
1202	450
1202	450
1202	450
1202	450
1202	450
1202	450
1202	450
1202	450
1203	450
1203	450
1203	450
1203	450
1203	450
1203	450
1203	450
1203	450
1204	450
1204	450
1204	450
1204	450
1204	450
1204	450
1204	450
1204	450
1205	450
1205	450
1205	450
1205	450
1205	450
1205	450
1205	450
1205	450
1206	450
1206	450
1206	450
1206	450
1206	450
1206	450
1206	450
1206	450
1207	450
1207	450
1207	450
1207	450
1207	450
1207	450
1207	450
1207	450
1208	450
1208	450
1208	450
1208	450
1208	450
1208	450
1208	450
1208	450
1209	450
1209	450
1209	450
1209	450
1209	450
1209	450
1209	450
1209	450
1210	450
1210	450
1210	450
1210	450
1210	450
1210	450
1210	450
1210	450
1211	450
1211	450
1211	450
1211	450
1211	450
1211	450
1211	450
1211	450
1212	450
1212	450
1212	450
1212	450
1212	450
1212	450
1212	450
1212	450
1213	450
1213	450
1213	450
1213	450
1213	450
1213	450
1213	450
1213	450
1214	450
1214	450
1214	450
1214	450
1214	450
1214	450
1214	450
1214	450
1215	450
1215	450
1215	450
1215	450
1215	450
1215	450
1215	450
1215	450
1216	450
1216	450
1216	450
1216	450
1216	450
1216	450
1216	450
1216	450
1217	450
1217	450
1217	450
1217	450
1217	450
1217	450
1217	450
1217	450
1218	450
1218	450
1218	450
1218	450
1218	450
1218	450
1218	450
1218	450
1219	450
1219	450
1219	450
1219	450
1219	450
1219	450
1219	450
1219	450
1220	450
1220	450
1220	450
1220	450
1220	450
1220	450
1220	450
1220	450
1221	450
1221	450
1221	450
1221	450
1221	450
1221	450
1221	450
1221	450
1222	450
1222	450
1222	450
1222	450
1222	450
1222	450
1222	450
1222	450
1223	450
1223	450
1223	450
1223	450
1223	450
1223	450
1223	450
1223	450
1224	450
1224	450
1224	450
1224	450
1224	450
1224	450
1224	450
1224	450
1225	450
1225	450
1225	450
1225	450
1225	450
1225	450
1225	450
1225	450
1226	450
1226	450
1226	450
1226	450
1226	450
1226	450
1226	450
1226	450
1227	450
1227	450
1227	450
1227	450
1227	450
1227	450
1227	450
1227	450
1228	450
1228	450
1228	450
1228	450
1228	450
1228	450
1228	450
1228	450
1229	450
1229	450
1229	450
1229	450
1229	450
1229	450
1229	450
1229	450
1230	450
1230	450
1230	450
1230	450
1230	450
1230	450
1230	450
1230	450
1231	450
1231	450
1231	450
1231	450
1231	450
1231	450
1231	450
1231	450
1232	450
1232	450
1232	450
1232	450
1232	450
1232	450
1232	450
1232	450
1233	450
1233	450
1233	450
1233	450
1233	450
1233	450
1233	450
1233	450
1234	450
1234	450
1234	450
1234	450
1234	450
1234	450
1234	450
1234	450
1235	450
1235	450
1235	450
1235	450
1235	450
1235	450
1235	450
1235	450
1236	450
1236	450
1236	450
1236	450
1236	450
1236	450
1236	450
1236	450
1237	450
1237	450
1237	450
1237	450
1237	450
1237	450
1237	450
1237	450
1238	450
1238	450
1238	450
1238	450
1238	450
1238	450
1238	450
1238	450
1239	450
1239	450
1239	450
1239	450
1239	450
1239	450
1239	450
1239	450
1240	450
1240	450
1240	450
1240	450
1240	450
1240	450
1240	450
1240	450
1241	450
1241	450
1241	450
1241	450
1241	450
1241	450
1241	450
1241	450
1242	450
1242	450
1242	450
1242	450
1242	450
1242	450
1242	450
1242	450
1243	450
1243	450
1243	450
1243	450
1243	450
1243	450
1243	450
1243	450
1244	450
1244	450
1244	450
1244	450
1244	450
1244	450
1244	450
1244	450
1245	450
1245	450
1245	450
1245	450
1245	450
1245	450
1245	450
1245	450
1246	450
1246	450
1246	450
1246	450
1246	450
1246	450
1246	450
1246	450
1247	450
1247	450
1247	450
1247	450
1247	450
1247	450
1247	450
1247	450
1248	450
1248	450
1248	450
1248	450
1248	450
1248	450
1248	450
1248	450
1249	450
1249	450
1249	450
1249	450
1249	450
1249	450
1249	450
1249	450
1250	450
1250	450
1250	450
1250	450
1250	450
1250	450
1250	450
1250	450
