0	5000
0	5000
0	5000
0	5000
0	5000
0	5000
0	5000
0	5000
1	5000
1	5000
1	5000
1	5000
1	5000
1	5000
1	5000
1	5000
2	5000
2	5000
2	5000
2	5000
2	5000
2	5000
2	5000
2	5000
3	5000
3	5000
3	5000
3	5000
3	5000
3	5000
3	5000
3	5000
4	5000
4	5000
4	5000
4	5000
4	5000
4	5000
4	5000
4	5000
5	5000
5	5000
5	5000
5	5000
5	5000
5	5000
5	5000
5	5000
6	5000
6	5000
6	5000
6	5000
6	5000
6	5000
6	5000
6	5000
7	5000
7	5000
7	5000
7	5000
7	5000
7	5000
7	5000
7	5000
8	5000
8	5000
8	5000
8	5000
8	5000
8	5000
8	5000
8	5000
9	5000
9	5000
9	5000
9	5000
9	5000
9	5000
9	5000
9	5000
10	5000
10	5000
10	5000
10	5000
10	5000
10	5000
10	5000
10	5000
11	5000
11	5000
11	5000
11	5000
11	5000
11	5000
11	5000
11	5000
12	5000
12	5000
12	5000
12	5000
12	5000
12	5000
12	5000
12	5000
13	5000
13	5000
13	5000
13	5000
13	5000
13	5000
13	5000
13	5000
14	5000
14	5000
14	5000
14	5000
14	5000
14	5000
14	5000
14	5000
15	5000
15	5000
15	5000
15	5000
15	5000
15	5000
15	5000
15	5000
16	5000
16	5000
16	5000
16	5000
16	5000
16	5000
16	5000
16	5000
17	5000
17	5000
17	5000
17	5000
17	5000
17	5000
17	5000
17	5000
18	5000
18	5000
18	5000
18	5000
18	5000
18	5000
18	5000
18	5000
19	5000
19	5000
19	5000
19	5000
19	5000
19	5000
19	5000
19	5000
20	5000
20	5000
20	5000
20	5000
20	5000
20	5000
20	5000
20	5000
21	5000
21	5000
21	5000
21	5000
21	5000
21	5000
21	5000
21	5000
22	5000
22	5000
22	5000
22	5000
22	5000
22	5000
22	5000
22	5000
23	5000
23	5000
23	5000
23	5000
23	5000
23	5000
23	5000
23	5000
24	5000
24	5000
24	5000
24	5000
24	5000
24	5000
24	5000
24	5000
25	5000
25	5000
25	5000
25	5000
25	5000
25	5000
25	5000
25	5000
26	5000
26	5000
26	5000
26	5000
26	5000
26	5000
26	5000
26	5000
27	5000
27	5000
27	5000
27	5000
27	5000
27	5000
27	5000
27	5000
28	5000
28	5000
28	5000
28	5000
28	5000
28	5000
28	5000
28	5000
29	5000
29	5000
29	5000
29	5000
29	5000
29	5000
29	5000
29	5000
30	5000
30	5000
30	5000
30	5000
30	5000
30	5000
30	5000
30	5000
31	5000
31	5000
31	5000
31	5000
31	5000
31	5000
31	5000
31	5000
32	5000
32	5000
32	5000
32	5000
32	5000
32	5000
32	5000
32	5000
33	5000
33	5000
33	5000
33	5000
33	5000
33	5000
33	5000
33	5000
34	5000
34	5000
34	5000
34	5000
34	5000
34	5000
34	5000
34	5000
35	5000
35	5000
35	5000
35	5000
35	5000
35	5000
35	5000
35	5000
36	5000
36	5000
36	5000
36	5000
36	5000
36	5000
36	5000
36	5000
37	5000
37	5000
37	5000
37	5000
37	5000
37	5000
37	5000
37	5000
38	5000
38	5000
38	5000
38	5000
38	5000
38	5000
38	5000
38	5000
39	5000
39	5000
39	5000
39	5000
39	5000
39	5000
39	5000
39	5000
40	5000
40	5000
40	5000
40	5000
40	5000
40	5000
40	5000
40	5000
41	5000
41	5000
41	5000
41	5000
41	5000
41	5000
41	5000
41	5000
42	5000
42	5000
42	5000
42	5000
42	5000
42	5000
42	5000
42	5000
43	5000
43	5000
43	5000
43	5000
43	5000
43	5000
43	5000
43	5000
44	5000
44	5000
44	5000
44	5000
44	5000
44	5000
44	5000
44	5000
45	5000
45	5000
45	5000
45	5000
45	5000
45	5000
45	5000
45	5000
46	5000
46	5000
46	5000
46	5000
46	5000
46	5000
46	5000
46	5000
47	5000
47	5000
47	5000
47	5000
47	5000
47	5000
47	5000
47	5000
48	5000
48	5000
48	5000
48	5000
48	5000
48	5000
48	5000
48	5000
49	5000
49	5000
49	5000
49	5000
49	5000
49	5000
49	5000
49	5000
50	5000
50	5000
50	5000
50	5000
50	5000
50	5000
50	5000
50	5000
51	5000
51	5000
51	5000
51	5000
51	5000
51	5000
51	5000
51	5000
52	5000
52	5000
52	5000
52	5000
52	5000
52	5000
52	5000
52	5000
53	5000
53	5000
53	5000
53	5000
53	5000
53	5000
53	5000
53	5000
54	5000
54	5000
54	5000
54	5000
54	5000
54	5000
54	5000
54	5000
55	5000
55	5000
55	5000
55	5000
55	5000
55	5000
55	5000
55	5000
56	5000
56	5000
56	5000
56	5000
56	5000
56	5000
56	5000
56	5000
57	5000
57	5000
57	5000
57	5000
57	5000
57	5000
57	5000
57	5000
58	5000
58	5000
58	5000
58	5000
58	5000
58	5000
58	5000
58	5000
59	5000
59	5000
59	5000
59	5000
59	5000
59	5000
59	5000
59	5000
60	5000
60	5000
60	5000
60	5000
60	5000
60	5000
60	5000
60	5000
61	5000
61	5000
61	5000
61	5000
61	5000
61	5000
61	5000
61	5000
62	5000
62	5000
62	5000
62	5000
62	5000
62	5000
62	5000
62	5000
63	5000
63	5000
63	5000
63	5000
63	5000
63	5000
63	5000
63	5000
64	5000
64	5000
64	5000
64	5000
64	5000
64	5000
64	5000
64	5000
65	5000
65	5000
65	5000
65	5000
65	5000
65	5000
65	5000
65	5000
66	5000
66	5000
66	5000
66	5000
66	5000
66	5000
66	5000
66	5000
67	5000
67	5000
67	5000
67	5000
67	5000
67	5000
67	5000
67	5000
68	5000
68	5000
68	5000
68	5000
68	5000
68	5000
68	5000
68	5000
69	5000
69	5000
69	5000
69	5000
69	5000
69	5000
69	5000
69	5000
70	5000
70	5000
70	5000
70	5000
70	5000
70	5000
70	5000
70	5000
71	5000
71	5000
71	5000
71	5000
71	5000
71	5000
71	5000
71	5000
72	5000
72	5000
72	5000
72	5000
72	5000
72	5000
72	5000
72	5000
73	5000
73	5000
73	5000
73	5000
73	5000
73	5000
73	5000
73	5000
74	5000
74	5000
74	5000
74	5000
74	5000
74	5000
74	5000
74	5000
75	5000
75	5000
75	5000
75	5000
75	5000
75	5000
75	5000
75	5000
76	5000
76	5000
76	5000
76	5000
76	5000
76	5000
76	5000
76	5000
77	5000
77	5000
77	5000
77	5000
77	5000
77	5000
77	5000
77	5000
78	5000
78	5000
78	5000
78	5000
78	5000
78	5000
78	5000
78	5000
79	5000
79	5000
79	5000
79	5000
79	5000
79	5000
79	5000
79	5000
80	5000
80	5000
80	5000
80	5000
80	5000
80	5000
80	5000
80	5000
81	5000
81	5000
81	5000
81	5000
81	5000
81	5000
81	5000
81	5000
82	5000
82	5000
82	5000
82	5000
82	5000
82	5000
82	5000
82	5000
83	5000
83	5000
83	5000
83	5000
83	5000
83	5000
83	5000
83	5000
84	5000
84	5000
84	5000
84	5000
84	5000
84	5000
84	5000
84	5000
85	5000
85	5000
85	5000
85	5000
85	5000
85	5000
85	5000
85	5000
86	5000
86	5000
86	5000
86	5000
86	5000
86	5000
86	5000
86	5000
87	5000
87	5000
87	5000
87	5000
87	5000
87	5000
87	5000
87	5000
88	5000
88	5000
88	5000
88	5000
88	5000
88	5000
88	5000
88	5000
89	5000
89	5000
89	5000
89	5000
89	5000
89	5000
89	5000
89	5000
90	5000
90	5000
90	5000
90	5000
90	5000
90	5000
90	5000
90	5000
91	5000
91	5000
91	5000
91	5000
91	5000
91	5000
91	5000
91	5000
92	5000
92	5000
92	5000
92	5000
92	5000
92	5000
92	5000
92	5000
93	5000
93	5000
93	5000
93	5000
93	5000
93	5000
93	5000
93	5000
94	5000
94	5000
94	5000
94	5000
94	5000
94	5000
94	5000
94	5000
95	5000
95	5000
95	5000
95	5000
95	5000
95	5000
95	5000
95	5000
96	5000
96	5000
96	5000
96	5000
96	5000
96	5000
96	5000
96	5000
97	5000
97	5000
97	5000
97	5000
97	5000
97	5000
97	5000
97	5000
98	5000
98	5000
98	5000
98	5000
98	5000
98	5000
98	5000
98	5000
99	5000
99	5000
99	5000
99	5000
99	5000
99	5000
99	5000
99	5000
100	5000
100	5000
100	5000
100	5000
100	5000
100	5000
100	5000
100	5000
101	5000
101	5000
101	5000
101	5000
101	5000
101	5000
101	5000
101	5000
102	5000
102	5000
102	5000
102	5000
102	5000
102	5000
102	5000
102	5000
103	5000
103	5000
103	5000
103	5000
103	5000
103	5000
103	5000
103	5000
104	5000
104	5000
104	5000
104	5000
104	5000
104	5000
104	5000
104	5000
105	5000
105	5000
105	5000
105	5000
105	5000
105	5000
105	5000
105	5000
106	5000
106	5000
106	5000
106	5000
106	5000
106	5000
106	5000
106	5000
107	5000
107	5000
107	5000
107	5000
107	5000
107	5000
107	5000
107	5000
108	5000
108	5000
108	5000
108	5000
108	5000
108	5000
108	5000
108	5000
109	5000
109	5000
109	5000
109	5000
109	5000
109	5000
109	5000
109	5000
110	5000
110	5000
110	5000
110	5000
110	5000
110	5000
110	5000
110	5000
111	5000
111	5000
111	5000
111	5000
111	5000
111	5000
111	5000
111	5000
112	5000
112	5000
112	5000
112	5000
112	5000
112	5000
112	5000
112	5000
113	5000
113	5000
113	5000
113	5000
113	5000
113	5000
113	5000
113	5000
114	5000
114	5000
114	5000
114	5000
114	5000
114	5000
114	5000
114	5000
115	5000
115	5000
115	5000
115	5000
115	5000
115	5000
115	5000
115	5000
116	5000
116	5000
116	5000
116	5000
116	5000
116	5000
116	5000
116	5000
117	5000
117	5000
117	5000
117	5000
117	5000
117	5000
117	5000
117	5000
118	5000
118	5000
118	5000
118	5000
118	5000
118	5000
118	5000
118	5000
119	5000
119	5000
119	5000
119	5000
119	5000
119	5000
119	5000
119	5000
120	5000
120	5000
120	5000
120	5000
120	5000
120	5000
120	5000
120	5000
121	5000
121	5000
121	5000
121	5000
121	5000
121	5000
121	5000
121	5000
122	5000
122	5000
122	5000
122	5000
122	5000
122	5000
122	5000
122	5000
123	5000
123	5000
123	5000
123	5000
123	5000
123	5000
123	5000
123	5000
124	5000
124	5000
124	5000
124	5000
124	5000
124	5000
124	5000
124	5000
125	5000
125	5000
125	5000
125	5000
125	5000
125	5000
125	5000
125	5000
126	5000
126	5000
126	5000
126	5000
126	5000
126	5000
126	5000
126	5000
127	5000
127	5000
127	5000
127	5000
127	5000
127	5000
127	5000
127	5000
128	5000
128	5000
128	5000
128	5000
128	5000
128	5000
128	5000
128	5000
129	5000
129	5000
129	5000
129	5000
129	5000
129	5000
129	5000
129	5000
130	5000
130	5000
130	5000
130	5000
130	5000
130	5000
130	5000
130	5000
131	5000
131	5000
131	5000
131	5000
131	5000
131	5000
131	5000
131	5000
132	5000
132	5000
132	5000
132	5000
132	5000
132	5000
132	5000
132	5000
133	5000
133	5000
133	5000
133	5000
133	5000
133	5000
133	5000
133	5000
134	5000
134	5000
134	5000
134	5000
134	5000
134	5000
134	5000
134	5000
135	5000
135	5000
135	5000
135	5000
135	5000
135	5000
135	5000
135	5000
136	5000
136	5000
136	5000
136	5000
136	5000
136	5000
136	5000
136	5000
137	5000
137	5000
137	5000
137	5000
137	5000
137	5000
137	5000
137	5000
138	5000
138	5000
138	5000
138	5000
138	5000
138	5000
138	5000
138	5000
139	5000
139	5000
139	5000
139	5000
139	5000
139	5000
139	5000
139	5000
140	5000
140	5000
140	5000
140	5000
140	5000
140	5000
140	5000
140	5000
141	5000
141	5000
141	5000
141	5000
141	5000
141	5000
141	5000
141	5000
142	5000
142	5000
142	5000
142	5000
142	5000
142	5000
142	5000
142	5000
143	5000
143	5000
143	5000
143	5000
143	5000
143	5000
143	5000
143	5000
144	5000
144	5000
144	5000
144	5000
144	5000
144	5000
144	5000
144	5000
145	5000
145	5000
145	5000
145	5000
145	5000
145	5000
145	5000
145	5000
146	5000
146	5000
146	5000
146	5000
146	5000
146	5000
146	5000
146	5000
147	5000
147	5000
147	5000
147	5000
147	5000
147	5000
147	5000
147	5000
148	5000
148	5000
148	5000
148	5000
148	5000
148	5000
148	5000
148	5000
149	5000
149	5000
149	5000
149	5000
149	5000
149	5000
149	5000
149	5000
150	5000
150	5000
150	5000
150	5000
150	5000
150	5000
150	5000
150	5000
151	5000
151	5000
151	5000
151	5000
151	5000
151	5000
151	5000
151	5000
152	5000
152	5000
152	5000
152	5000
152	5000
152	5000
152	5000
152	5000
153	5000
153	5000
153	5000
153	5000
153	5000
153	5000
153	5000
153	5000
154	5000
154	5000
154	5000
154	5000
154	5000
154	5000
154	5000
154	5000
155	5000
155	5000
155	5000
155	5000
155	5000
155	5000
155	5000
155	5000
156	5000
156	5000
156	5000
156	5000
156	5000
156	5000
156	5000
156	5000
157	5000
157	5000
157	5000
157	5000
157	5000
157	5000
157	5000
157	5000
158	5000
158	5000
158	5000
158	5000
158	5000
158	5000
158	5000
158	5000
159	5000
159	5000
159	5000
159	5000
159	5000
159	5000
159	5000
159	5000
160	5000
160	5000
160	5000
160	5000
160	5000
160	5000
160	5000
160	5000
161	5000
161	5000
161	5000
161	5000
161	5000
161	5000
161	5000
161	5000
162	5000
162	5000
162	5000
162	5000
162	5000
162	5000
162	5000
162	5000
163	5000
163	5000
163	5000
163	5000
163	5000
163	5000
163	5000
163	5000
164	5000
164	5000
164	5000
164	5000
164	5000
164	5000
164	5000
164	5000
165	5000
165	5000
165	5000
165	5000
165	5000
165	5000
165	5000
165	5000
166	5000
166	5000
166	5000
166	5000
166	5000
166	5000
166	5000
166	5000
167	5000
167	5000
167	5000
167	5000
167	5000
167	5000
167	5000
167	5000
168	5000
168	5000
168	5000
168	5000
168	5000
168	5000
168	5000
168	5000
169	5000
169	5000
169	5000
169	5000
169	5000
169	5000
169	5000
169	5000
170	5000
170	5000
170	5000
170	5000
170	5000
170	5000
170	5000
170	5000
171	5000
171	5000
171	5000
171	5000
171	5000
171	5000
171	5000
171	5000
172	5000
172	5000
172	5000
172	5000
172	5000
172	5000
172	5000
172	5000
173	5000
173	5000
173	5000
173	5000
173	5000
173	5000
173	5000
173	5000
174	5000
174	5000
174	5000
174	5000
174	5000
174	5000
174	5000
174	5000
175	5000
175	5000
175	5000
175	5000
175	5000
175	5000
175	5000
175	5000
176	5000
176	5000
176	5000
176	5000
176	5000
176	5000
176	5000
176	5000
177	5000
177	5000
177	5000
177	5000
177	5000
177	5000
177	5000
177	5000
178	5000
178	5000
178	5000
178	5000
178	5000
178	5000
178	5000
178	5000
179	5000
179	5000
179	5000
179	5000
179	5000
179	5000
179	5000
179	5000
180	5000
180	5000
180	5000
180	5000
180	5000
180	5000
180	5000
180	5000
181	5000
181	5000
181	5000
181	5000
181	5000
181	5000
181	5000
181	5000
182	5000
182	5000
182	5000
182	5000
182	5000
182	5000
182	5000
182	5000
183	5000
183	5000
183	5000
183	5000
183	5000
183	5000
183	5000
183	5000
184	5000
184	5000
184	5000
184	5000
184	5000
184	5000
184	5000
184	5000
185	5000
185	5000
185	5000
185	5000
185	5000
185	5000
185	5000
185	5000
186	5000
186	5000
186	5000
186	5000
186	5000
186	5000
186	5000
186	5000
187	5000
187	5000
187	5000
187	5000
187	5000
187	5000
187	5000
187	5000
188	5000
188	5000
188	5000
188	5000
188	5000
188	5000
188	5000
188	5000
189	5000
189	5000
189	5000
189	5000
189	5000
189	5000
189	5000
189	5000
190	5000
190	5000
190	5000
190	5000
190	5000
190	5000
190	5000
190	5000
191	5000
191	5000
191	5000
191	5000
191	5000
191	5000
191	5000
191	5000
192	5000
192	5000
192	5000
192	5000
192	5000
192	5000
192	5000
192	5000
193	5000
193	5000
193	5000
193	5000
193	5000
193	5000
193	5000
193	5000
194	5000
194	5000
194	5000
194	5000
194	5000
194	5000
194	5000
194	5000
195	5000
195	5000
195	5000
195	5000
195	5000
195	5000
195	5000
195	5000
196	5000
196	5000
196	5000
196	5000
196	5000
196	5000
196	5000
196	5000
197	5000
197	5000
197	5000
197	5000
197	5000
197	5000
197	5000
197	5000
198	5000
198	5000
198	5000
198	5000
198	5000
198	5000
198	5000
198	5000
199	5000
199	5000
199	5000
199	5000
199	5000
199	5000
199	5000
199	5000
200	5000
200	5000
200	5000
200	5000
200	5000
200	5000
200	5000
200	5000
201	5000
201	5000
201	5000
201	5000
201	5000
201	5000
201	5000
201	5000
202	5000
202	5000
202	5000
202	5000
202	5000
202	5000
202	5000
202	5000
203	5000
203	5000
203	5000
203	5000
203	5000
203	5000
203	5000
203	5000
204	5000
204	5000
204	5000
204	5000
204	5000
204	5000
204	5000
204	5000
205	5000
205	5000
205	5000
205	5000
205	5000
205	5000
205	5000
205	5000
206	5000
206	5000
206	5000
206	5000
206	5000
206	5000
206	5000
206	5000
207	5000
207	5000
207	5000
207	5000
207	5000
207	5000
207	5000
207	5000
208	5000
208	5000
208	5000
208	5000
208	5000
208	5000
208	5000
208	5000
209	5000
209	5000
209	5000
209	5000
209	5000
209	5000
209	5000
209	5000
210	5000
210	5000
210	5000
210	5000
210	5000
210	5000
210	5000
210	5000
211	5000
211	5000
211	5000
211	5000
211	5000
211	5000
211	5000
211	5000
212	5000
212	5000
212	5000
212	5000
212	5000
212	5000
212	5000
212	5000
213	5000
213	5000
213	5000
213	5000
213	5000
213	5000
213	5000
213	5000
214	5000
214	5000
214	5000
214	5000
214	5000
214	5000
214	5000
214	5000
215	5000
215	5000
215	5000
215	5000
215	5000
215	5000
215	5000
215	5000
216	5000
216	5000
216	5000
216	5000
216	5000
216	5000
216	5000
216	5000
217	5000
217	5000
217	5000
217	5000
217	5000
217	5000
217	5000
217	5000
218	5000
218	5000
218	5000
218	5000
218	5000
218	5000
218	5000
218	5000
219	5000
219	5000
219	5000
219	5000
219	5000
219	5000
219	5000
219	5000
220	5000
220	5000
220	5000
220	5000
220	5000
220	5000
220	5000
220	5000
221	5000
221	5000
221	5000
221	5000
221	5000
221	5000
221	5000
221	5000
222	5000
222	5000
222	5000
222	5000
222	5000
222	5000
222	5000
222	5000
223	5000
223	5000
223	5000
223	5000
223	5000
223	5000
223	5000
223	5000
224	5000
224	5000
224	5000
224	5000
224	5000
224	5000
224	5000
224	5000
225	5000
225	5000
225	5000
225	5000
225	5000
225	5000
225	5000
225	5000
226	5000
226	5000
226	5000
226	5000
226	5000
226	5000
226	5000
226	5000
227	5000
227	5000
227	5000
227	5000
227	5000
227	5000
227	5000
227	5000
228	5000
228	5000
228	5000
228	5000
228	5000
228	5000
228	5000
228	5000
229	5000
229	5000
229	5000
229	5000
229	5000
229	5000
229	5000
229	5000
230	5000
230	5000
230	5000
230	5000
230	5000
230	5000
230	5000
230	5000
231	5000
231	5000
231	5000
231	5000
231	5000
231	5000
231	5000
231	5000
232	5000
232	5000
232	5000
232	5000
232	5000
232	5000
232	5000
232	5000
233	5000
233	5000
233	5000
233	5000
233	5000
233	5000
233	5000
233	5000
234	5000
234	5000
234	5000
234	5000
234	5000
234	5000
234	5000
234	5000
235	5000
235	5000
235	5000
235	5000
235	5000
235	5000
235	5000
235	5000
236	5000
236	5000
236	5000
236	5000
236	5000
236	5000
236	5000
236	5000
237	5000
237	5000
237	5000
237	5000
237	5000
237	5000
237	5000
237	5000
238	5000
238	5000
238	5000
238	5000
238	5000
238	5000
238	5000
238	5000
239	5000
239	5000
239	5000
239	5000
239	5000
239	5000
239	5000
239	5000
240	5000
240	5000
240	5000
240	5000
240	5000
240	5000
240	5000
240	5000
241	5000
241	5000
241	5000
241	5000
241	5000
241	5000
241	5000
241	5000
242	5000
242	5000
242	5000
242	5000
242	5000
242	5000
242	5000
242	5000
243	5000
243	5000
243	5000
243	5000
243	5000
243	5000
243	5000
243	5000
244	5000
244	5000
244	5000
244	5000
244	5000
244	5000
244	5000
244	5000
245	5000
245	5000
245	5000
245	5000
245	5000
245	5000
245	5000
245	5000
246	5000
246	5000
246	5000
246	5000
246	5000
246	5000
246	5000
246	5000
247	5000
247	5000
247	5000
247	5000
247	5000
247	5000
247	5000
247	5000
248	5000
248	5000
248	5000
248	5000
248	5000
248	5000
248	5000
248	5000
249	5000
249	5000
249	5000
249	5000
249	5000
249	5000
249	5000
249	5000
250	5000
250	5000
250	5000
250	5000
250	5000
250	5000
250	5000
250	5000
251	5000
251	5000
251	5000
251	5000
251	5000
251	5000
251	5000
251	5000
252	5000
252	5000
252	5000
252	5000
252	5000
252	5000
252	5000
252	5000
253	5000
253	5000
253	5000
253	5000
253	5000
253	5000
253	5000
253	5000
254	5000
254	5000
254	5000
254	5000
254	5000
254	5000
254	5000
254	5000
255	5000
255	5000
255	5000
255	5000
255	5000
255	5000
255	5000
255	5000
256	5000
256	5000
256	5000
256	5000
256	5000
256	5000
256	5000
256	5000
257	5000
257	5000
257	5000
257	5000
257	5000
257	5000
257	5000
257	5000
258	5000
258	5000
258	5000
258	5000
258	5000
258	5000
258	5000
258	5000
259	5000
259	5000
259	5000
259	5000
259	5000
259	5000
259	5000
259	5000
260	5000
260	5000
260	5000
260	5000
260	5000
260	5000
260	5000
260	5000
261	5000
261	5000
261	5000
261	5000
261	5000
261	5000
261	5000
261	5000
262	5000
262	5000
262	5000
262	5000
262	5000
262	5000
262	5000
262	5000
263	5000
263	5000
263	5000
263	5000
263	5000
263	5000
263	5000
263	5000
264	5000
264	5000
264	5000
264	5000
264	5000
264	5000
264	5000
264	5000
265	5000
265	5000
265	5000
265	5000
265	5000
265	5000
265	5000
265	5000
266	5000
266	5000
266	5000
266	5000
266	5000
266	5000
266	5000
266	5000
267	5000
267	5000
267	5000
267	5000
267	5000
267	5000
267	5000
267	5000
268	5000
268	5000
268	5000
268	5000
268	5000
268	5000
268	5000
268	5000
269	5000
269	5000
269	5000
269	5000
269	5000
269	5000
269	5000
269	5000
270	5000
270	5000
270	5000
270	5000
270	5000
270	5000
270	5000
270	5000
271	5000
271	5000
271	5000
271	5000
271	5000
271	5000
271	5000
271	5000
272	5000
272	5000
272	5000
272	5000
272	5000
272	5000
272	5000
272	5000
273	5000
273	5000
273	5000
273	5000
273	5000
273	5000
273	5000
273	5000
274	5000
274	5000
274	5000
274	5000
274	5000
274	5000
274	5000
274	5000
275	5000
275	5000
275	5000
275	5000
275	5000
275	5000
275	5000
275	5000
276	5000
276	5000
276	5000
276	5000
276	5000
276	5000
276	5000
276	5000
277	5000
277	5000
277	5000
277	5000
277	5000
277	5000
277	5000
277	5000
278	5000
278	5000
278	5000
278	5000
278	5000
278	5000
278	5000
278	5000
279	5000
279	5000
279	5000
279	5000
279	5000
279	5000
279	5000
279	5000
280	5000
280	5000
280	5000
280	5000
280	5000
280	5000
280	5000
280	5000
281	5000
281	5000
281	5000
281	5000
281	5000
281	5000
281	5000
281	5000
282	5000
282	5000
282	5000
282	5000
282	5000
282	5000
282	5000
282	5000
283	5000
283	5000
283	5000
283	5000
283	5000
283	5000
283	5000
283	5000
284	5000
284	5000
284	5000
284	5000
284	5000
284	5000
284	5000
284	5000
285	5000
285	5000
285	5000
285	5000
285	5000
285	5000
285	5000
285	5000
286	5000
286	5000
286	5000
286	5000
286	5000
286	5000
286	5000
286	5000
287	5000
287	5000
287	5000
287	5000
287	5000
287	5000
287	5000
287	5000
288	5000
288	5000
288	5000
288	5000
288	5000
288	5000
288	5000
288	5000
289	5000
289	5000
289	5000
289	5000
289	5000
289	5000
289	5000
289	5000
290	5000
290	5000
290	5000
290	5000
290	5000
290	5000
290	5000
290	5000
291	5000
291	5000
291	5000
291	5000
291	5000
291	5000
291	5000
291	5000
292	5000
292	5000
292	5000
292	5000
292	5000
292	5000
292	5000
292	5000
293	5000
293	5000
293	5000
293	5000
293	5000
293	5000
293	5000
293	5000
294	5000
294	5000
294	5000
294	5000
294	5000
294	5000
294	5000
294	5000
295	5000
295	5000
295	5000
295	5000
295	5000
295	5000
295	5000
295	5000
296	5000
296	5000
296	5000
296	5000
296	5000
296	5000
296	5000
296	5000
297	5000
297	5000
297	5000
297	5000
297	5000
297	5000
297	5000
297	5000
298	5000
298	5000
298	5000
298	5000
298	5000
298	5000
298	5000
298	5000
299	5000
299	5000
299	5000
299	5000
299	5000
299	5000
299	5000
299	5000
300	5000
300	5000
300	5000
300	5000
300	5000
300	5000
300	5000
300	5000
301	5000
301	5000
301	5000
301	5000
301	5000
301	5000
301	5000
301	5000
302	5000
302	5000
302	5000
302	5000
302	5000
302	5000
302	5000
302	5000
303	5000
303	5000
303	5000
303	5000
303	5000
303	5000
303	5000
303	5000
304	5000
304	5000
304	5000
304	5000
304	5000
304	5000
304	5000
304	5000
305	5000
305	5000
305	5000
305	5000
305	5000
305	5000
305	5000
305	5000
306	5000
306	5000
306	5000
306	5000
306	5000
306	5000
306	5000
306	5000
307	5000
307	5000
307	5000
307	5000
307	5000
307	5000
307	5000
307	5000
308	5000
308	5000
308	5000
308	5000
308	5000
308	5000
308	5000
308	5000
309	5000
309	5000
309	5000
309	5000
309	5000
309	5000
309	5000
309	5000
310	5000
310	5000
310	5000
310	5000
310	5000
310	5000
310	5000
310	5000
311	5000
311	5000
311	5000
311	5000
311	5000
311	5000
311	5000
311	5000
312	5000
312	5000
312	5000
312	5000
312	5000
312	5000
312	5000
312	5000
313	5000
313	5000
313	5000
313	5000
313	5000
313	5000
313	5000
313	5000
314	5000
314	5000
314	5000
314	5000
314	5000
314	5000
314	5000
314	5000
315	5000
315	5000
315	5000
315	5000
315	5000
315	5000
315	5000
315	5000
316	5000
316	5000
316	5000
316	5000
316	5000
316	5000
316	5000
316	5000
317	5000
317	5000
317	5000
317	5000
317	5000
317	5000
317	5000
317	5000
318	5000
318	5000
318	5000
318	5000
318	5000
318	5000
318	5000
318	5000
319	5000
319	5000
319	5000
319	5000
319	5000
319	5000
319	5000
319	5000
320	5000
320	5000
320	5000
320	5000
320	5000
320	5000
320	5000
320	5000
321	5000
321	5000
321	5000
321	5000
321	5000
321	5000
321	5000
321	5000
322	5000
322	5000
322	5000
322	5000
322	5000
322	5000
322	5000
322	5000
323	5000
323	5000
323	5000
323	5000
323	5000
323	5000
323	5000
323	5000
324	5000
324	5000
324	5000
324	5000
324	5000
324	5000
324	5000
324	5000
325	5000
325	5000
325	5000
325	5000
325	5000
325	5000
325	5000
325	5000
326	5000
326	5000
326	5000
326	5000
326	5000
326	5000
326	5000
326	5000
327	5000
327	5000
327	5000
327	5000
327	5000
327	5000
327	5000
327	5000
328	5000
328	5000
328	5000
328	5000
328	5000
328	5000
328	5000
328	5000
329	5000
329	5000
329	5000
329	5000
329	5000
329	5000
329	5000
329	5000
330	5000
330	5000
330	5000
330	5000
330	5000
330	5000
330	5000
330	5000
331	5000
331	5000
331	5000
331	5000
331	5000
331	5000
331	5000
331	5000
332	5000
332	5000
332	5000
332	5000
332	5000
332	5000
332	5000
332	5000
333	5000
333	5000
333	5000
333	5000
333	5000
333	5000
333	5000
333	5000
334	5000
334	5000
334	5000
334	5000
334	5000
334	5000
334	5000
334	5000
335	5000
335	5000
335	5000
335	5000
335	5000
335	5000
335	5000
335	5000
336	5000
336	5000
336	5000
336	5000
336	5000
336	5000
336	5000
336	5000
337	5000
337	5000
337	5000
337	5000
337	5000
337	5000
337	5000
337	5000
338	5000
338	5000
338	5000
338	5000
338	5000
338	5000
338	5000
338	5000
339	5000
339	5000
339	5000
339	5000
339	5000
339	5000
339	5000
339	5000
340	5000
340	5000
340	5000
340	5000
340	5000
340	5000
340	5000
340	5000
341	5000
341	5000
341	5000
341	5000
341	5000
341	5000
341	5000
341	5000
342	5000
342	5000
342	5000
342	5000
342	5000
342	5000
342	5000
342	5000
343	5000
343	5000
343	5000
343	5000
343	5000
343	5000
343	5000
343	5000
344	5000
344	5000
344	5000
344	5000
344	5000
344	5000
344	5000
344	5000
345	5000
345	5000
345	5000
345	5000
345	5000
345	5000
345	5000
345	5000
346	5000
346	5000
346	5000
346	5000
346	5000
346	5000
346	5000
346	5000
347	5000
347	5000
347	5000
347	5000
347	5000
347	5000
347	5000
347	5000
348	5000
348	5000
348	5000
348	5000
348	5000
348	5000
348	5000
348	5000
349	5000
349	5000
349	5000
349	5000
349	5000
349	5000
349	5000
349	5000
350	5000
350	5000
350	5000
350	5000
350	5000
350	5000
350	5000
350	5000
351	5000
351	5000
351	5000
351	5000
351	5000
351	5000
351	5000
351	5000
352	5000
352	5000
352	5000
352	5000
352	5000
352	5000
352	5000
352	5000
353	5000
353	5000
353	5000
353	5000
353	5000
353	5000
353	5000
353	5000
354	5000
354	5000
354	5000
354	5000
354	5000
354	5000
354	5000
354	5000
355	5000
355	5000
355	5000
355	5000
355	5000
355	5000
355	5000
355	5000
356	5000
356	5000
356	5000
356	5000
356	5000
356	5000
356	5000
356	5000
357	5000
357	5000
357	5000
357	5000
357	5000
357	5000
357	5000
357	5000
358	5000
358	5000
358	5000
358	5000
358	5000
358	5000
358	5000
358	5000
359	5000
359	5000
359	5000
359	5000
359	5000
359	5000
359	5000
359	5000
360	5000
360	5000
360	5000
360	5000
360	5000
360	5000
360	5000
360	5000
361	5000
361	5000
361	5000
361	5000
361	5000
361	5000
361	5000
361	5000
362	5000
362	5000
362	5000
362	5000
362	5000
362	5000
362	5000
362	5000
363	5000
363	5000
363	5000
363	5000
363	5000
363	5000
363	5000
363	5000
364	5000
364	5000
364	5000
364	5000
364	5000
364	5000
364	5000
364	5000
365	5000
365	5000
365	5000
365	5000
365	5000
365	5000
365	5000
365	5000
366	5000
366	5000
366	5000
366	5000
366	5000
366	5000
366	5000
366	5000
367	5000
367	5000
367	5000
367	5000
367	5000
367	5000
367	5000
367	5000
368	5000
368	5000
368	5000
368	5000
368	5000
368	5000
368	5000
368	5000
369	5000
369	5000
369	5000
369	5000
369	5000
369	5000
369	5000
369	5000
370	5000
370	5000
370	5000
370	5000
370	5000
370	5000
370	5000
370	5000
371	5000
371	5000
371	5000
371	5000
371	5000
371	5000
371	5000
371	5000
372	5000
372	5000
372	5000
372	5000
372	5000
372	5000
372	5000
372	5000
373	5000
373	5000
373	5000
373	5000
373	5000
373	5000
373	5000
373	5000
374	5000
374	5000
374	5000
374	5000
374	5000
374	5000
374	5000
374	5000
375	5000
375	5000
375	5000
375	5000
375	5000
375	5000
375	5000
375	5000
376	5000
376	5000
376	5000
376	5000
376	5000
376	5000
376	5000
376	5000
377	5000
377	5000
377	5000
377	5000
377	5000
377	5000
377	5000
377	5000
378	5000
378	5000
378	5000
378	5000
378	5000
378	5000
378	5000
378	5000
379	5000
379	5000
379	5000
379	5000
379	5000
379	5000
379	5000
379	5000
380	5000
380	5000
380	5000
380	5000
380	5000
380	5000
380	5000
380	5000
381	5000
381	5000
381	5000
381	5000
381	5000
381	5000
381	5000
381	5000
382	5000
382	5000
382	5000
382	5000
382	5000
382	5000
382	5000
382	5000
383	5000
383	5000
383	5000
383	5000
383	5000
383	5000
383	5000
383	5000
384	5000
384	5000
384	5000
384	5000
384	5000
384	5000
384	5000
384	5000
385	5000
385	5000
385	5000
385	5000
385	5000
385	5000
385	5000
385	5000
386	5000
386	5000
386	5000
386	5000
386	5000
386	5000
386	5000
386	5000
387	5000
387	5000
387	5000
387	5000
387	5000
387	5000
387	5000
387	5000
388	5000
388	5000
388	5000
388	5000
388	5000
388	5000
388	5000
388	5000
389	5000
389	5000
389	5000
389	5000
389	5000
389	5000
389	5000
389	5000
390	5000
390	5000
390	5000
390	5000
390	5000
390	5000
390	5000
390	5000
391	5000
391	5000
391	5000
391	5000
391	5000
391	5000
391	5000
391	5000
392	5000
392	5000
392	5000
392	5000
392	5000
392	5000
392	5000
392	5000
393	5000
393	5000
393	5000
393	5000
393	5000
393	5000
393	5000
393	5000
394	5000
394	5000
394	5000
394	5000
394	5000
394	5000
394	5000
394	5000
395	5000
395	5000
395	5000
395	5000
395	5000
395	5000
395	5000
395	5000
396	5000
396	5000
396	5000
396	5000
396	5000
396	5000
396	5000
396	5000
397	5000
397	5000
397	5000
397	5000
397	5000
397	5000
397	5000
397	5000
398	5000
398	5000
398	5000
398	5000
398	5000
398	5000
398	5000
398	5000
399	5000
399	5000
399	5000
399	5000
399	5000
399	5000
399	5000
399	5000
400	5000
400	5000
400	5000
400	5000
400	5000
400	5000
400	5000
400	5000
401	5000
401	5000
401	5000
401	5000
401	5000
401	5000
401	5000
401	5000
402	5000
402	5000
402	5000
402	5000
402	5000
402	5000
402	5000
402	5000
403	5000
403	5000
403	5000
403	5000
403	5000
403	5000
403	5000
403	5000
404	5000
404	5000
404	5000
404	5000
404	5000
404	5000
404	5000
404	5000
405	5000
405	5000
405	5000
405	5000
405	5000
405	5000
405	5000
405	5000
406	5000
406	5000
406	5000
406	5000
406	5000
406	5000
406	5000
406	5000
407	5000
407	5000
407	5000
407	5000
407	5000
407	5000
407	5000
407	5000
408	5000
408	5000
408	5000
408	5000
408	5000
408	5000
408	5000
408	5000
409	5000
409	5000
409	5000
409	5000
409	5000
409	5000
409	5000
409	5000
410	5000
410	5000
410	5000
410	5000
410	5000
410	5000
410	5000
410	5000
411	5000
411	5000
411	5000
411	5000
411	5000
411	5000
411	5000
411	5000
412	5000
412	5000
412	5000
412	5000
412	5000
412	5000
412	5000
412	5000
413	5000
413	5000
413	5000
413	5000
413	5000
413	5000
413	5000
413	5000
414	5000
414	5000
414	5000
414	5000
414	5000
414	5000
414	5000
414	5000
415	5000
415	5000
415	5000
415	5000
415	5000
415	5000
415	5000
415	5000
416	5000
416	5000
416	5000
416	5000
416	5000
416	5000
416	5000
416	5000
417	5000
417	5000
417	5000
417	5000
417	5000
417	5000
417	5000
417	5000
418	5000
418	5000
418	5000
418	5000
418	5000
418	5000
418	5000
418	5000
419	5000
419	5000
419	5000
419	5000
419	5000
419	5000
419	5000
419	5000
420	5000
420	5000
420	5000
420	5000
420	5000
420	5000
420	5000
420	5000
421	5000
421	5000
421	5000
421	5000
421	5000
421	5000
421	5000
421	5000
422	5000
422	5000
422	5000
422	5000
422	5000
422	5000
422	5000
422	5000
423	5000
423	5000
423	5000
423	5000
423	5000
423	5000
423	5000
423	5000
424	5000
424	5000
424	5000
424	5000
424	5000
424	5000
424	5000
424	5000
425	5000
425	5000
425	5000
425	5000
425	5000
425	5000
425	5000
425	5000
426	5000
426	5000
426	5000
426	5000
426	5000
426	5000
426	5000
426	5000
427	5000
427	5000
427	5000
427	5000
427	5000
427	5000
427	5000
427	5000
428	5000
428	5000
428	5000
428	5000
428	5000
428	5000
428	5000
428	5000
429	5000
429	5000
429	5000
429	5000
429	5000
429	5000
429	5000
429	5000
430	5000
430	5000
430	5000
430	5000
430	5000
430	5000
430	5000
430	5000
431	5000
431	5000
431	5000
431	5000
431	5000
431	5000
431	5000
431	5000
432	5000
432	5000
432	5000
432	5000
432	5000
432	5000
432	5000
432	5000
433	5000
433	5000
433	5000
433	5000
433	5000
433	5000
433	5000
433	5000
434	5000
434	5000
434	5000
434	5000
434	5000
434	5000
434	5000
434	5000
435	5000
435	5000
435	5000
435	5000
435	5000
435	5000
435	5000
435	5000
436	5000
436	5000
436	5000
436	5000
436	5000
436	5000
436	5000
436	5000
437	5000
437	5000
437	5000
437	5000
437	5000
437	5000
437	5000
437	5000
438	5000
438	5000
438	5000
438	5000
438	5000
438	5000
438	5000
438	5000
439	5000
439	5000
439	5000
439	5000
439	5000
439	5000
439	5000
439	5000
440	5000
440	5000
440	5000
440	5000
440	5000
440	5000
440	5000
440	5000
441	5000
441	5000
441	5000
441	5000
441	5000
441	5000
441	5000
441	5000
442	5000
442	5000
442	5000
442	5000
442	5000
442	5000
442	5000
442	5000
443	5000
443	5000
443	5000
443	5000
443	5000
443	5000
443	5000
443	5000
444	5000
444	5000
444	5000
444	5000
444	5000
444	5000
444	5000
444	5000
445	5000
445	5000
445	5000
445	5000
445	5000
445	5000
445	5000
445	5000
446	5000
446	5000
446	5000
446	5000
446	5000
446	5000
446	5000
446	5000
447	5000
447	5000
447	5000
447	5000
447	5000
447	5000
447	5000
447	5000
448	5000
448	5000
448	5000
448	5000
448	5000
448	5000
448	5000
448	5000
449	5000
449	5000
449	5000
449	5000
449	5000
449	5000
449	5000
449	5000
450	5000
450	5000
450	5000
450	5000
450	5000
450	5000
450	5000
450	5000
451	5000
451	5000
451	5000
451	5000
451	5000
451	5000
451	5000
451	5000
452	5000
452	5000
452	5000
452	5000
452	5000
452	5000
452	5000
452	5000
453	5000
453	5000
453	5000
453	5000
453	5000
453	5000
453	5000
453	5000
454	5000
454	5000
454	5000
454	5000
454	5000
454	5000
454	5000
454	5000
455	5000
455	5000
455	5000
455	5000
455	5000
455	5000
455	5000
455	5000
456	5000
456	5000
456	5000
456	5000
456	5000
456	5000
456	5000
456	5000
457	5000
457	5000
457	5000
457	5000
457	5000
457	5000
457	5000
457	5000
458	5000
458	5000
458	5000
458	5000
458	5000
458	5000
458	5000
458	5000
459	5000
459	5000
459	5000
459	5000
459	5000
459	5000
459	5000
459	5000
460	5000
460	5000
460	5000
460	5000
460	5000
460	5000
460	5000
460	5000
461	5000
461	5000
461	5000
461	5000
461	5000
461	5000
461	5000
461	5000
462	5000
462	5000
462	5000
462	5000
462	5000
462	5000
462	5000
462	5000
463	5000
463	5000
463	5000
463	5000
463	5000
463	5000
463	5000
463	5000
464	5000
464	5000
464	5000
464	5000
464	5000
464	5000
464	5000
464	5000
465	5000
465	5000
465	5000
465	5000
465	5000
465	5000
465	5000
465	5000
466	5000
466	5000
466	5000
466	5000
466	5000
466	5000
466	5000
466	5000
467	5000
467	5000
467	5000
467	5000
467	5000
467	5000
467	5000
467	5000
468	5000
468	5000
468	5000
468	5000
468	5000
468	5000
468	5000
468	5000
469	5000
469	5000
469	5000
469	5000
469	5000
469	5000
469	5000
469	5000
470	5000
470	5000
470	5000
470	5000
470	5000
470	5000
470	5000
470	5000
471	5000
471	5000
471	5000
471	5000
471	5000
471	5000
471	5000
471	5000
472	5000
472	5000
472	5000
472	5000
472	5000
472	5000
472	5000
472	5000
473	5000
473	5000
473	5000
473	5000
473	5000
473	5000
473	5000
473	5000
474	5000
474	5000
474	5000
474	5000
474	5000
474	5000
474	5000
474	5000
475	5000
475	5000
475	5000
475	5000
475	5000
475	5000
475	5000
475	5000
476	5000
476	5000
476	5000
476	5000
476	5000
476	5000
476	5000
476	5000
477	5000
477	5000
477	5000
477	5000
477	5000
477	5000
477	5000
477	5000
478	5000
478	5000
478	5000
478	5000
478	5000
478	5000
478	5000
478	5000
479	5000
479	5000
479	5000
479	5000
479	5000
479	5000
479	5000
479	5000
480	5000
480	5000
480	5000
480	5000
480	5000
480	5000
480	5000
480	5000
481	5000
481	5000
481	5000
481	5000
481	5000
481	5000
481	5000
481	5000
482	5000
482	5000
482	5000
482	5000
482	5000
482	5000
482	5000
482	5000
483	5000
483	5000
483	5000
483	5000
483	5000
483	5000
483	5000
483	5000
484	5000
484	5000
484	5000
484	5000
484	5000
484	5000
484	5000
484	5000
485	5000
485	5000
485	5000
485	5000
485	5000
485	5000
485	5000
485	5000
486	5000
486	5000
486	5000
486	5000
486	5000
486	5000
486	5000
486	5000
487	5000
487	5000
487	5000
487	5000
487	5000
487	5000
487	5000
487	5000
488	5000
488	5000
488	5000
488	5000
488	5000
488	5000
488	5000
488	5000
489	5000
489	5000
489	5000
489	5000
489	5000
489	5000
489	5000
489	5000
490	5000
490	5000
490	5000
490	5000
490	5000
490	5000
490	5000
490	5000
491	5000
491	5000
491	5000
491	5000
491	5000
491	5000
491	5000
491	5000
492	5000
492	5000
492	5000
492	5000
492	5000
492	5000
492	5000
492	5000
493	5000
493	5000
493	5000
493	5000
493	5000
493	5000
493	5000
493	5000
494	5000
494	5000
494	5000
494	5000
494	5000
494	5000
494	5000
494	5000
495	5000
495	5000
495	5000
495	5000
495	5000
495	5000
495	5000
495	5000
496	5000
496	5000
496	5000
496	5000
496	5000
496	5000
496	5000
496	5000
497	5000
497	5000
497	5000
497	5000
497	5000
497	5000
497	5000
497	5000
498	5000
498	5000
498	5000
498	5000
498	5000
498	5000
498	5000
498	5000
499	5000
499	5000
499	5000
499	5000
499	5000
499	5000
499	5000
499	5000
500	5000
500	5000
500	5000
500	5000
500	5000
500	5000
500	5000
500	5000
501	5000
501	5000
501	5000
501	5000
501	5000
501	5000
501	5000
501	5000
502	5000
502	5000
502	5000
502	5000
502	5000
502	5000
502	5000
502	5000
503	5000
503	5000
503	5000
503	5000
503	5000
503	5000
503	5000
503	5000
504	5000
504	5000
504	5000
504	5000
504	5000
504	5000
504	5000
504	5000
505	5000
505	5000
505	5000
505	5000
505	5000
505	5000
505	5000
505	5000
506	5000
506	5000
506	5000
506	5000
506	5000
506	5000
506	5000
506	5000
507	5000
507	5000
507	5000
507	5000
507	5000
507	5000
507	5000
507	5000
508	5000
508	5000
508	5000
508	5000
508	5000
508	5000
508	5000
508	5000
509	5000
509	5000
509	5000
509	5000
509	5000
509	5000
509	5000
509	5000
510	5000
510	5000
510	5000
510	5000
510	5000
510	5000
510	5000
510	5000
511	5000
511	5000
511	5000
511	5000
511	5000
511	5000
511	5000
511	5000
512	5000
512	5000
512	5000
512	5000
512	5000
512	5000
512	5000
512	5000
513	5000
513	5000
513	5000
513	5000
513	5000
513	5000
513	5000
513	5000
514	5000
514	5000
514	5000
514	5000
514	5000
514	5000
514	5000
514	5000
515	5000
515	5000
515	5000
515	5000
515	5000
515	5000
515	5000
515	5000
516	5000
516	5000
516	5000
516	5000
516	5000
516	5000
516	5000
516	5000
517	5000
517	5000
517	5000
517	5000
517	5000
517	5000
517	5000
517	5000
518	5000
518	5000
518	5000
518	5000
518	5000
518	5000
518	5000
518	5000
519	5000
519	5000
519	5000
519	5000
519	5000
519	5000
519	5000
519	5000
520	5000
520	5000
520	5000
520	5000
520	5000
520	5000
520	5000
520	5000
521	5000
521	5000
521	5000
521	5000
521	5000
521	5000
521	5000
521	5000
522	5000
522	5000
522	5000
522	5000
522	5000
522	5000
522	5000
522	5000
523	5000
523	5000
523	5000
523	5000
523	5000
523	5000
523	5000
523	5000
524	5000
524	5000
524	5000
524	5000
524	5000
524	5000
524	5000
524	5000
525	5000
525	5000
525	5000
525	5000
525	5000
525	5000
525	5000
525	5000
526	5000
526	5000
526	5000
526	5000
526	5000
526	5000
526	5000
526	5000
527	5000
527	5000
527	5000
527	5000
527	5000
527	5000
527	5000
527	5000
528	5000
528	5000
528	5000
528	5000
528	5000
528	5000
528	5000
528	5000
529	5000
529	5000
529	5000
529	5000
529	5000
529	5000
529	5000
529	5000
530	5000
530	5000
530	5000
530	5000
530	5000
530	5000
530	5000
530	5000
531	5000
531	5000
531	5000
531	5000
531	5000
531	5000
531	5000
531	5000
532	5000
532	5000
532	5000
532	5000
532	5000
532	5000
532	5000
532	5000
533	5000
533	5000
533	5000
533	5000
533	5000
533	5000
533	5000
533	5000
534	5000
534	5000
534	5000
534	5000
534	5000
534	5000
534	5000
534	5000
535	5000
535	5000
535	5000
535	5000
535	5000
535	5000
535	5000
535	5000
536	5000
536	5000
536	5000
536	5000
536	5000
536	5000
536	5000
536	5000
537	5000
537	5000
537	5000
537	5000
537	5000
537	5000
537	5000
537	5000
538	5000
538	5000
538	5000
538	5000
538	5000
538	5000
538	5000
538	5000
539	5000
539	5000
539	5000
539	5000
539	5000
539	5000
539	5000
539	5000
540	5000
540	5000
540	5000
540	5000
540	5000
540	5000
540	5000
540	5000
541	5000
541	5000
541	5000
541	5000
541	5000
541	5000
541	5000
541	5000
542	5000
542	5000
542	5000
542	5000
542	5000
542	5000
542	5000
542	5000
543	5000
543	5000
543	5000
543	5000
543	5000
543	5000
543	5000
543	5000
544	5000
544	5000
544	5000
544	5000
544	5000
544	5000
544	5000
544	5000
545	5000
545	5000
545	5000
545	5000
545	5000
545	5000
545	5000
545	5000
546	5000
546	5000
546	5000
546	5000
546	5000
546	5000
546	5000
546	5000
547	5000
547	5000
547	5000
547	5000
547	5000
547	5000
547	5000
547	5000
548	5000
548	5000
548	5000
548	5000
548	5000
548	5000
548	5000
548	5000
549	5000
549	5000
549	5000
549	5000
549	5000
549	5000
549	5000
549	5000
550	5000
550	5000
550	5000
550	5000
550	5000
550	5000
550	5000
550	5000
551	5000
551	5000
551	5000
551	5000
551	5000
551	5000
551	5000
551	5000
552	5000
552	5000
552	5000
552	5000
552	5000
552	5000
552	5000
552	5000
553	5000
553	5000
553	5000
553	5000
553	5000
553	5000
553	5000
553	5000
554	5000
554	5000
554	5000
554	5000
554	5000
554	5000
554	5000
554	5000
555	5000
555	5000
555	5000
555	5000
555	5000
555	5000
555	5000
555	5000
556	5000
556	5000
556	5000
556	5000
556	5000
556	5000
556	5000
556	5000
557	5000
557	5000
557	5000
557	5000
557	5000
557	5000
557	5000
557	5000
558	5000
558	5000
558	5000
558	5000
558	5000
558	5000
558	5000
558	5000
559	5000
559	5000
559	5000
559	5000
559	5000
559	5000
559	5000
559	5000
560	5000
560	5000
560	5000
560	5000
560	5000
560	5000
560	5000
560	5000
561	5000
561	5000
561	5000
561	5000
561	5000
561	5000
561	5000
561	5000
562	5000
562	5000
562	5000
562	5000
562	5000
562	5000
562	5000
562	5000
563	5000
563	5000
563	5000
563	5000
563	5000
563	5000
563	5000
563	5000
564	5000
564	5000
564	5000
564	5000
564	5000
564	5000
564	5000
564	5000
565	5000
565	5000
565	5000
565	5000
565	5000
565	5000
565	5000
565	5000
566	5000
566	5000
566	5000
566	5000
566	5000
566	5000
566	5000
566	5000
567	5000
567	5000
567	5000
567	5000
567	5000
567	5000
567	5000
567	5000
568	5000
568	5000
568	5000
568	5000
568	5000
568	5000
568	5000
568	5000
569	5000
569	5000
569	5000
569	5000
569	5000
569	5000
569	5000
569	5000
570	5000
570	5000
570	5000
570	5000
570	5000
570	5000
570	5000
570	5000
571	5000
571	5000
571	5000
571	5000
571	5000
571	5000
571	5000
571	5000
572	5000
572	5000
572	5000
572	5000
572	5000
572	5000
572	5000
572	5000
573	5000
573	5000
573	5000
573	5000
573	5000
573	5000
573	5000
573	5000
574	5000
574	5000
574	5000
574	5000
574	5000
574	5000
574	5000
574	5000
575	5000
575	5000
575	5000
575	5000
575	5000
575	5000
575	5000
575	5000
576	5000
576	5000
576	5000
576	5000
576	5000
576	5000
576	5000
576	5000
577	5000
577	5000
577	5000
577	5000
577	5000
577	5000
577	5000
577	5000
578	5000
578	5000
578	5000
578	5000
578	5000
578	5000
578	5000
578	5000
579	5000
579	5000
579	5000
579	5000
579	5000
579	5000
579	5000
579	5000
580	5000
580	5000
580	5000
580	5000
580	5000
580	5000
580	5000
580	5000
581	5000
581	5000
581	5000
581	5000
581	5000
581	5000
581	5000
581	5000
582	5000
582	5000
582	5000
582	5000
582	5000
582	5000
582	5000
582	5000
583	5000
583	5000
583	5000
583	5000
583	5000
583	5000
583	5000
583	5000
584	5000
584	5000
584	5000
584	5000
584	5000
584	5000
584	5000
584	5000
585	5000
585	5000
585	5000
585	5000
585	5000
585	5000
585	5000
585	5000
586	5000
586	5000
586	5000
586	5000
586	5000
586	5000
586	5000
586	5000
587	5000
587	5000
587	5000
587	5000
587	5000
587	5000
587	5000
587	5000
588	5000
588	5000
588	5000
588	5000
588	5000
588	5000
588	5000
588	5000
589	5000
589	5000
589	5000
589	5000
589	5000
589	5000
589	5000
589	5000
590	5000
590	5000
590	5000
590	5000
590	5000
590	5000
590	5000
590	5000
591	5000
591	5000
591	5000
591	5000
591	5000
591	5000
591	5000
591	5000
592	5000
592	5000
592	5000
592	5000
592	5000
592	5000
592	5000
592	5000
593	5000
593	5000
593	5000
593	5000
593	5000
593	5000
593	5000
593	5000
594	5000
594	5000
594	5000
594	5000
594	5000
594	5000
594	5000
594	5000
595	5000
595	5000
595	5000
595	5000
595	5000
595	5000
595	5000
595	5000
596	5000
596	5000
596	5000
596	5000
596	5000
596	5000
596	5000
596	5000
597	5000
597	5000
597	5000
597	5000
597	5000
597	5000
597	5000
597	5000
598	5000
598	5000
598	5000
598	5000
598	5000
598	5000
598	5000
598	5000
599	5000
599	5000
599	5000
599	5000
599	5000
599	5000
599	5000
599	5000
600	5000
600	5000
600	5000
600	5000
600	5000
600	5000
600	5000
600	5000
601	5000
601	5000
601	5000
601	5000
601	5000
601	5000
601	5000
601	5000
602	5000
602	5000
602	5000
602	5000
602	5000
602	5000
602	5000
602	5000
603	5000
603	5000
603	5000
603	5000
603	5000
603	5000
603	5000
603	5000
604	5000
604	5000
604	5000
604	5000
604	5000
604	5000
604	5000
604	5000
605	5000
605	5000
605	5000
605	5000
605	5000
605	5000
605	5000
605	5000
606	5000
606	5000
606	5000
606	5000
606	5000
606	5000
606	5000
606	5000
607	5000
607	5000
607	5000
607	5000
607	5000
607	5000
607	5000
607	5000
608	5000
608	5000
608	5000
608	5000
608	5000
608	5000
608	5000
608	5000
609	5000
609	5000
609	5000
609	5000
609	5000
609	5000
609	5000
609	5000
610	5000
610	5000
610	5000
610	5000
610	5000
610	5000
610	5000
610	5000
611	5000
611	5000
611	5000
611	5000
611	5000
611	5000
611	5000
611	5000
612	5000
612	5000
612	5000
612	5000
612	5000
612	5000
612	5000
612	5000
613	5000
613	5000
613	5000
613	5000
613	5000
613	5000
613	5000
613	5000
614	5000
614	5000
614	5000
614	5000
614	5000
614	5000
614	5000
614	5000
615	5000
615	5000
615	5000
615	5000
615	5000
615	5000
615	5000
615	5000
616	5000
616	5000
616	5000
616	5000
616	5000
616	5000
616	5000
616	5000
617	5000
617	5000
617	5000
617	5000
617	5000
617	5000
617	5000
617	5000
618	5000
618	5000
618	5000
618	5000
618	5000
618	5000
618	5000
618	5000
619	5000
619	5000
619	5000
619	5000
619	5000
619	5000
619	5000
619	5000
620	5000
620	5000
620	5000
620	5000
620	5000
620	5000
620	5000
620	5000
621	5000
621	5000
621	5000
621	5000
621	5000
621	5000
621	5000
621	5000
622	5000
622	5000
622	5000
622	5000
622	5000
622	5000
622	5000
622	5000
623	5000
623	5000
623	5000
623	5000
623	5000
623	5000
623	5000
623	5000
624	5000
624	5000
624	5000
624	5000
624	5000
624	5000
624	5000
624	5000
625	5000
625	5000
625	5000
625	5000
625	5000
625	5000
625	5000
625	5000
626	5000
626	5000
626	5000
626	5000
626	5000
626	5000
626	5000
626	5000
627	5000
627	5000
627	5000
627	5000
627	5000
627	5000
627	5000
627	5000
628	5000
628	5000
628	5000
628	5000
628	5000
628	5000
628	5000
628	5000
629	5000
629	5000
629	5000
629	5000
629	5000
629	5000
629	5000
629	5000
630	5000
630	5000
630	5000
630	5000
630	5000
630	5000
630	5000
630	5000
631	5000
631	5000
631	5000
631	5000
631	5000
631	5000
631	5000
631	5000
632	5000
632	5000
632	5000
632	5000
632	5000
632	5000
632	5000
632	5000
633	5000
633	5000
633	5000
633	5000
633	5000
633	5000
633	5000
633	5000
634	5000
634	5000
634	5000
634	5000
634	5000
634	5000
634	5000
634	5000
635	5000
635	5000
635	5000
635	5000
635	5000
635	5000
635	5000
635	5000
636	5000
636	5000
636	5000
636	5000
636	5000
636	5000
636	5000
636	5000
637	5000
637	5000
637	5000
637	5000
637	5000
637	5000
637	5000
637	5000
638	5000
638	5000
638	5000
638	5000
638	5000
638	5000
638	5000
638	5000
639	5000
639	5000
639	5000
639	5000
639	5000
639	5000
639	5000
639	5000
640	5000
640	5000
640	5000
640	5000
640	5000
640	5000
640	5000
640	5000
641	5000
641	5000
641	5000
641	5000
641	5000
641	5000
641	5000
641	5000
642	5000
642	5000
642	5000
642	5000
642	5000
642	5000
642	5000
642	5000
643	5000
643	5000
643	5000
643	5000
643	5000
643	5000
643	5000
643	5000
644	5000
644	5000
644	5000
644	5000
644	5000
644	5000
644	5000
644	5000
645	5000
645	5000
645	5000
645	5000
645	5000
645	5000
645	5000
645	5000
646	5000
646	5000
646	5000
646	5000
646	5000
646	5000
646	5000
646	5000
647	5000
647	5000
647	5000
647	5000
647	5000
647	5000
647	5000
647	5000
648	5000
648	5000
648	5000
648	5000
648	5000
648	5000
648	5000
648	5000
649	5000
649	5000
649	5000
649	5000
649	5000
649	5000
649	5000
649	5000
650	5000
650	5000
650	5000
650	5000
650	5000
650	5000
650	5000
650	5000
651	5000
651	5000
651	5000
651	5000
651	5000
651	5000
651	5000
651	5000
652	5000
652	5000
652	5000
652	5000
652	5000
652	5000
652	5000
652	5000
653	5000
653	5000
653	5000
653	5000
653	5000
653	5000
653	5000
653	5000
654	5000
654	5000
654	5000
654	5000
654	5000
654	5000
654	5000
654	5000
655	5000
655	5000
655	5000
655	5000
655	5000
655	5000
655	5000
655	5000
656	5000
656	5000
656	5000
656	5000
656	5000
656	5000
656	5000
656	5000
657	5000
657	5000
657	5000
657	5000
657	5000
657	5000
657	5000
657	5000
658	5000
658	5000
658	5000
658	5000
658	5000
658	5000
658	5000
658	5000
659	5000
659	5000
659	5000
659	5000
659	5000
659	5000
659	5000
659	5000
660	5000
660	5000
660	5000
660	5000
660	5000
660	5000
660	5000
660	5000
661	5000
661	5000
661	5000
661	5000
661	5000
661	5000
661	5000
661	5000
662	5000
662	5000
662	5000
662	5000
662	5000
662	5000
662	5000
662	5000
663	5000
663	5000
663	5000
663	5000
663	5000
663	5000
663	5000
663	5000
664	5000
664	5000
664	5000
664	5000
664	5000
664	5000
664	5000
664	5000
665	5000
665	5000
665	5000
665	5000
665	5000
665	5000
665	5000
665	5000
666	5000
666	5000
666	5000
666	5000
666	5000
666	5000
666	5000
666	5000
667	5000
667	5000
667	5000
667	5000
667	5000
667	5000
667	5000
667	5000
668	5000
668	5000
668	5000
668	5000
668	5000
668	5000
668	5000
668	5000
669	5000
669	5000
669	5000
669	5000
669	5000
669	5000
669	5000
669	5000
670	5000
670	5000
670	5000
670	5000
670	5000
670	5000
670	5000
670	5000
671	5000
671	5000
671	5000
671	5000
671	5000
671	5000
671	5000
671	5000
672	5000
672	5000
672	5000
672	5000
672	5000
672	5000
672	5000
672	5000
673	5000
673	5000
673	5000
673	5000
673	5000
673	5000
673	5000
673	5000
674	5000
674	5000
674	5000
674	5000
674	5000
674	5000
674	5000
674	5000
675	5000
675	5000
675	5000
675	5000
675	5000
675	5000
675	5000
675	5000
676	5000
676	5000
676	5000
676	5000
676	5000
676	5000
676	5000
676	5000
677	5000
677	5000
677	5000
677	5000
677	5000
677	5000
677	5000
677	5000
678	5000
678	5000
678	5000
678	5000
678	5000
678	5000
678	5000
678	5000
679	5000
679	5000
679	5000
679	5000
679	5000
679	5000
679	5000
679	5000
680	5000
680	5000
680	5000
680	5000
680	5000
680	5000
680	5000
680	5000
681	5000
681	5000
681	5000
681	5000
681	5000
681	5000
681	5000
681	5000
682	5000
682	5000
682	5000
682	5000
682	5000
682	5000
682	5000
682	5000
683	5000
683	5000
683	5000
683	5000
683	5000
683	5000
683	5000
683	5000
684	5000
684	5000
684	5000
684	5000
684	5000
684	5000
684	5000
684	5000
685	5000
685	5000
685	5000
685	5000
685	5000
685	5000
685	5000
685	5000
686	5000
686	5000
686	5000
686	5000
686	5000
686	5000
686	5000
686	5000
687	5000
687	5000
687	5000
687	5000
687	5000
687	5000
687	5000
687	5000
688	5000
688	5000
688	5000
688	5000
688	5000
688	5000
688	5000
688	5000
689	5000
689	5000
689	5000
689	5000
689	5000
689	5000
689	5000
689	5000
690	5000
690	5000
690	5000
690	5000
690	5000
690	5000
690	5000
690	5000
691	5000
691	5000
691	5000
691	5000
691	5000
691	5000
691	5000
691	5000
692	5000
692	5000
692	5000
692	5000
692	5000
692	5000
692	5000
692	5000
693	5000
693	5000
693	5000
693	5000
693	5000
693	5000
693	5000
693	5000
694	5000
694	5000
694	5000
694	5000
694	5000
694	5000
694	5000
694	5000
695	5000
695	5000
695	5000
695	5000
695	5000
695	5000
695	5000
695	5000
696	5000
696	5000
696	5000
696	5000
696	5000
696	5000
696	5000
696	5000
697	5000
697	5000
697	5000
697	5000
697	5000
697	5000
697	5000
697	5000
698	5000
698	5000
698	5000
698	5000
698	5000
698	5000
698	5000
698	5000
699	5000
699	5000
699	5000
699	5000
699	5000
699	5000
699	5000
699	5000
700	5000
700	5000
700	5000
700	5000
700	5000
700	5000
700	5000
700	5000
701	5000
701	5000
701	5000
701	5000
701	5000
701	5000
701	5000
701	5000
702	5000
702	5000
702	5000
702	5000
702	5000
702	5000
702	5000
702	5000
703	5000
703	5000
703	5000
703	5000
703	5000
703	5000
703	5000
703	5000
704	5000
704	5000
704	5000
704	5000
704	5000
704	5000
704	5000
704	5000
705	5000
705	5000
705	5000
705	5000
705	5000
705	5000
705	5000
705	5000
706	5000
706	5000
706	5000
706	5000
706	5000
706	5000
706	5000
706	5000
707	5000
707	5000
707	5000
707	5000
707	5000
707	5000
707	5000
707	5000
708	5000
708	5000
708	5000
708	5000
708	5000
708	5000
708	5000
708	5000
709	5000
709	5000
709	5000
709	5000
709	5000
709	5000
709	5000
709	5000
710	5000
710	5000
710	5000
710	5000
710	5000
710	5000
710	5000
710	5000
711	5000
711	5000
711	5000
711	5000
711	5000
711	5000
711	5000
711	5000
712	5000
712	5000
712	5000
712	5000
712	5000
712	5000
712	5000
712	5000
713	5000
713	5000
713	5000
713	5000
713	5000
713	5000
713	5000
713	5000
714	5000
714	5000
714	5000
714	5000
714	5000
714	5000
714	5000
714	5000
715	5000
715	5000
715	5000
715	5000
715	5000
715	5000
715	5000
715	5000
716	5000
716	5000
716	5000
716	5000
716	5000
716	5000
716	5000
716	5000
717	5000
717	5000
717	5000
717	5000
717	5000
717	5000
717	5000
717	5000
718	5000
718	5000
718	5000
718	5000
718	5000
718	5000
718	5000
718	5000
719	5000
719	5000
719	5000
719	5000
719	5000
719	5000
719	5000
719	5000
720	5000
720	5000
720	5000
720	5000
720	5000
720	5000
720	5000
720	5000
721	5000
721	5000
721	5000
721	5000
721	5000
721	5000
721	5000
721	5000
722	5000
722	5000
722	5000
722	5000
722	5000
722	5000
722	5000
722	5000
723	5000
723	5000
723	5000
723	5000
723	5000
723	5000
723	5000
723	5000
724	5000
724	5000
724	5000
724	5000
724	5000
724	5000
724	5000
724	5000
725	5000
725	5000
725	5000
725	5000
725	5000
725	5000
725	5000
725	5000
726	5000
726	5000
726	5000
726	5000
726	5000
726	5000
726	5000
726	5000
727	5000
727	5000
727	5000
727	5000
727	5000
727	5000
727	5000
727	5000
728	5000
728	5000
728	5000
728	5000
728	5000
728	5000
728	5000
728	5000
729	5000
729	5000
729	5000
729	5000
729	5000
729	5000
729	5000
729	5000
730	5000
730	5000
730	5000
730	5000
730	5000
730	5000
730	5000
730	5000
731	5000
731	5000
731	5000
731	5000
731	5000
731	5000
731	5000
731	5000
732	5000
732	5000
732	5000
732	5000
732	5000
732	5000
732	5000
732	5000
733	5000
733	5000
733	5000
733	5000
733	5000
733	5000
733	5000
733	5000
734	5000
734	5000
734	5000
734	5000
734	5000
734	5000
734	5000
734	5000
735	5000
735	5000
735	5000
735	5000
735	5000
735	5000
735	5000
735	5000
736	5000
736	5000
736	5000
736	5000
736	5000
736	5000
736	5000
736	5000
737	5000
737	5000
737	5000
737	5000
737	5000
737	5000
737	5000
737	5000
738	5000
738	5000
738	5000
738	5000
738	5000
738	5000
738	5000
738	5000
739	5000
739	5000
739	5000
739	5000
739	5000
739	5000
739	5000
739	5000
740	5000
740	5000
740	5000
740	5000
740	5000
740	5000
740	5000
740	5000
741	5000
741	5000
741	5000
741	5000
741	5000
741	5000
741	5000
741	5000
742	5000
742	5000
742	5000
742	5000
742	5000
742	5000
742	5000
742	5000
743	5000
743	5000
743	5000
743	5000
743	5000
743	5000
743	5000
743	5000
744	5000
744	5000
744	5000
744	5000
744	5000
744	5000
744	5000
744	5000
745	5000
745	5000
745	5000
745	5000
745	5000
745	5000
745	5000
745	5000
746	5000
746	5000
746	5000
746	5000
746	5000
746	5000
746	5000
746	5000
747	5000
747	5000
747	5000
747	5000
747	5000
747	5000
747	5000
747	5000
748	5000
748	5000
748	5000
748	5000
748	5000
748	5000
748	5000
748	5000
749	5000
749	5000
749	5000
749	5000
749	5000
749	5000
749	5000
749	5000
750	5000
750	5000
750	5000
750	5000
750	5000
750	5000
750	5000
750	5000
751	5000
751	5000
751	5000
751	5000
751	5000
751	5000
751	5000
751	5000
752	5000
752	5000
752	5000
752	5000
752	5000
752	5000
752	5000
752	5000
753	5000
753	5000
753	5000
753	5000
753	5000
753	5000
753	5000
753	5000
754	5000
754	5000
754	5000
754	5000
754	5000
754	5000
754	5000
754	5000
755	5000
755	5000
755	5000
755	5000
755	5000
755	5000
755	5000
755	5000
756	5000
756	5000
756	5000
756	5000
756	5000
756	5000
756	5000
756	5000
757	5000
757	5000
757	5000
757	5000
757	5000
757	5000
757	5000
757	5000
758	5000
758	5000
758	5000
758	5000
758	5000
758	5000
758	5000
758	5000
759	5000
759	5000
759	5000
759	5000
759	5000
759	5000
759	5000
759	5000
760	5000
760	5000
760	5000
760	5000
760	5000
760	5000
760	5000
760	5000
761	5000
761	5000
761	5000
761	5000
761	5000
761	5000
761	5000
761	5000
762	5000
762	5000
762	5000
762	5000
762	5000
762	5000
762	5000
762	5000
763	5000
763	5000
763	5000
763	5000
763	5000
763	5000
763	5000
763	5000
764	5000
764	5000
764	5000
764	5000
764	5000
764	5000
764	5000
764	5000
765	5000
765	5000
765	5000
765	5000
765	5000
765	5000
765	5000
765	5000
766	5000
766	5000
766	5000
766	5000
766	5000
766	5000
766	5000
766	5000
767	5000
767	5000
767	5000
767	5000
767	5000
767	5000
767	5000
767	5000
768	5000
768	5000
768	5000
768	5000
768	5000
768	5000
768	5000
768	5000
769	5000
769	5000
769	5000
769	5000
769	5000
769	5000
769	5000
769	5000
770	5000
770	5000
770	5000
770	5000
770	5000
770	5000
770	5000
770	5000
771	5000
771	5000
771	5000
771	5000
771	5000
771	5000
771	5000
771	5000
772	5000
772	5000
772	5000
772	5000
772	5000
772	5000
772	5000
772	5000
773	5000
773	5000
773	5000
773	5000
773	5000
773	5000
773	5000
773	5000
774	5000
774	5000
774	5000
774	5000
774	5000
774	5000
774	5000
774	5000
775	5000
775	5000
775	5000
775	5000
775	5000
775	5000
775	5000
775	5000
776	5000
776	5000
776	5000
776	5000
776	5000
776	5000
776	5000
776	5000
777	5000
777	5000
777	5000
777	5000
777	5000
777	5000
777	5000
777	5000
778	5000
778	5000
778	5000
778	5000
778	5000
778	5000
778	5000
778	5000
779	5000
779	5000
779	5000
779	5000
779	5000
779	5000
779	5000
779	5000
780	5000
780	5000
780	5000
780	5000
780	5000
780	5000
780	5000
780	5000
781	5000
781	5000
781	5000
781	5000
781	5000
781	5000
781	5000
781	5000
782	5000
782	5000
782	5000
782	5000
782	5000
782	5000
782	5000
782	5000
783	5000
783	5000
783	5000
783	5000
783	5000
783	5000
783	5000
783	5000
784	5000
784	5000
784	5000
784	5000
784	5000
784	5000
784	5000
784	5000
785	5000
785	5000
785	5000
785	5000
785	5000
785	5000
785	5000
785	5000
786	5000
786	5000
786	5000
786	5000
786	5000
786	5000
786	5000
786	5000
787	5000
787	5000
787	5000
787	5000
787	5000
787	5000
787	5000
787	5000
788	5000
788	5000
788	5000
788	5000
788	5000
788	5000
788	5000
788	5000
789	5000
789	5000
789	5000
789	5000
789	5000
789	5000
789	5000
789	5000
790	5000
790	5000
790	5000
790	5000
790	5000
790	5000
790	5000
790	5000
791	5000
791	5000
791	5000
791	5000
791	5000
791	5000
791	5000
791	5000
792	5000
792	5000
792	5000
792	5000
792	5000
792	5000
792	5000
792	5000
793	5000
793	5000
793	5000
793	5000
793	5000
793	5000
793	5000
793	5000
794	5000
794	5000
794	5000
794	5000
794	5000
794	5000
794	5000
794	5000
795	5000
795	5000
795	5000
795	5000
795	5000
795	5000
795	5000
795	5000
796	5000
796	5000
796	5000
796	5000
796	5000
796	5000
796	5000
796	5000
797	5000
797	5000
797	5000
797	5000
797	5000
797	5000
797	5000
797	5000
798	5000
798	5000
798	5000
798	5000
798	5000
798	5000
798	5000
798	5000
799	5000
799	5000
799	5000
799	5000
799	5000
799	5000
799	5000
799	5000
800	5000
800	5000
800	5000
800	5000
800	5000
800	5000
800	5000
800	5000
801	5000
801	5000
801	5000
801	5000
801	5000
801	5000
801	5000
801	5000
802	5000
802	5000
802	5000
802	5000
802	5000
802	5000
802	5000
802	5000
803	5000
803	5000
803	5000
803	5000
803	5000
803	5000
803	5000
803	5000
804	5000
804	5000
804	5000
804	5000
804	5000
804	5000
804	5000
804	5000
805	5000
805	5000
805	5000
805	5000
805	5000
805	5000
805	5000
805	5000
806	5000
806	5000
806	5000
806	5000
806	5000
806	5000
806	5000
806	5000
807	5000
807	5000
807	5000
807	5000
807	5000
807	5000
807	5000
807	5000
808	5000
808	5000
808	5000
808	5000
808	5000
808	5000
808	5000
808	5000
809	5000
809	5000
809	5000
809	5000
809	5000
809	5000
809	5000
809	5000
810	5000
810	5000
810	5000
810	5000
810	5000
810	5000
810	5000
810	5000
811	5000
811	5000
811	5000
811	5000
811	5000
811	5000
811	5000
811	5000
812	5000
812	5000
812	5000
812	5000
812	5000
812	5000
812	5000
812	5000
813	5000
813	5000
813	5000
813	5000
813	5000
813	5000
813	5000
813	5000
814	5000
814	5000
814	5000
814	5000
814	5000
814	5000
814	5000
814	5000
815	5000
815	5000
815	5000
815	5000
815	5000
815	5000
815	5000
815	5000
816	5000
816	5000
816	5000
816	5000
816	5000
816	5000
816	5000
816	5000
817	5000
817	5000
817	5000
817	5000
817	5000
817	5000
817	5000
817	5000
818	5000
818	5000
818	5000
818	5000
818	5000
818	5000
818	5000
818	5000
819	5000
819	5000
819	5000
819	5000
819	5000
819	5000
819	5000
819	5000
820	5000
820	5000
820	5000
820	5000
820	5000
820	5000
820	5000
820	5000
821	5000
821	5000
821	5000
821	5000
821	5000
821	5000
821	5000
821	5000
822	5000
822	5000
822	5000
822	5000
822	5000
822	5000
822	5000
822	5000
823	5000
823	5000
823	5000
823	5000
823	5000
823	5000
823	5000
823	5000
824	5000
824	5000
824	5000
824	5000
824	5000
824	5000
824	5000
824	5000
825	5000
825	5000
825	5000
825	5000
825	5000
825	5000
825	5000
825	5000
826	5000
826	5000
826	5000
826	5000
826	5000
826	5000
826	5000
826	5000
827	5000
827	5000
827	5000
827	5000
827	5000
827	5000
827	5000
827	5000
828	5000
828	5000
828	5000
828	5000
828	5000
828	5000
828	5000
828	5000
829	5000
829	5000
829	5000
829	5000
829	5000
829	5000
829	5000
829	5000
830	5000
830	5000
830	5000
830	5000
830	5000
830	5000
830	5000
830	5000
831	5000
831	5000
831	5000
831	5000
831	5000
831	5000
831	5000
831	5000
832	5000
832	5000
832	5000
832	5000
832	5000
832	5000
832	5000
832	5000
833	5000
833	5000
833	5000
833	5000
833	5000
833	5000
833	5000
833	5000
834	5000
834	5000
834	5000
834	5000
834	5000
834	5000
834	5000
834	5000
835	5000
835	5000
835	5000
835	5000
835	5000
835	5000
835	5000
835	5000
836	5000
836	5000
836	5000
836	5000
836	5000
836	5000
836	5000
836	5000
837	5000
837	5000
837	5000
837	5000
837	5000
837	5000
837	5000
837	5000
838	5000
838	5000
838	5000
838	5000
838	5000
838	5000
838	5000
838	5000
839	5000
839	5000
839	5000
839	5000
839	5000
839	5000
839	5000
839	5000
840	5000
840	5000
840	5000
840	5000
840	5000
840	5000
840	5000
840	5000
841	5000
841	5000
841	5000
841	5000
841	5000
841	5000
841	5000
841	5000
842	5000
842	5000
842	5000
842	5000
842	5000
842	5000
842	5000
842	5000
843	5000
843	5000
843	5000
843	5000
843	5000
843	5000
843	5000
843	5000
844	5000
844	5000
844	5000
844	5000
844	5000
844	5000
844	5000
844	5000
845	5000
845	5000
845	5000
845	5000
845	5000
845	5000
845	5000
845	5000
846	5000
846	5000
846	5000
846	5000
846	5000
846	5000
846	5000
846	5000
847	5000
847	5000
847	5000
847	5000
847	5000
847	5000
847	5000
847	5000
848	5000
848	5000
848	5000
848	5000
848	5000
848	5000
848	5000
848	5000
849	5000
849	5000
849	5000
849	5000
849	5000
849	5000
849	5000
849	5000
850	5000
850	5000
850	5000
850	5000
850	5000
850	5000
850	5000
850	5000
851	5000
851	5000
851	5000
851	5000
851	5000
851	5000
851	5000
851	5000
852	5000
852	5000
852	5000
852	5000
852	5000
852	5000
852	5000
852	5000
853	5000
853	5000
853	5000
853	5000
853	5000
853	5000
853	5000
853	5000
854	5000
854	5000
854	5000
854	5000
854	5000
854	5000
854	5000
854	5000
855	5000
855	5000
855	5000
855	5000
855	5000
855	5000
855	5000
855	5000
856	5000
856	5000
856	5000
856	5000
856	5000
856	5000
856	5000
856	5000
857	5000
857	5000
857	5000
857	5000
857	5000
857	5000
857	5000
857	5000
858	5000
858	5000
858	5000
858	5000
858	5000
858	5000
858	5000
858	5000
859	5000
859	5000
859	5000
859	5000
859	5000
859	5000
859	5000
859	5000
860	5000
860	5000
860	5000
860	5000
860	5000
860	5000
860	5000
860	5000
861	5000
861	5000
861	5000
861	5000
861	5000
861	5000
861	5000
861	5000
862	5000
862	5000
862	5000
862	5000
862	5000
862	5000
862	5000
862	5000
863	5000
863	5000
863	5000
863	5000
863	5000
863	5000
863	5000
863	5000
864	5000
864	5000
864	5000
864	5000
864	5000
864	5000
864	5000
864	5000
865	5000
865	5000
865	5000
865	5000
865	5000
865	5000
865	5000
865	5000
866	5000
866	5000
866	5000
866	5000
866	5000
866	5000
866	5000
866	5000
867	5000
867	5000
867	5000
867	5000
867	5000
867	5000
867	5000
867	5000
868	5000
868	5000
868	5000
868	5000
868	5000
868	5000
868	5000
868	5000
869	5000
869	5000
869	5000
869	5000
869	5000
869	5000
869	5000
869	5000
870	5000
870	5000
870	5000
870	5000
870	5000
870	5000
870	5000
870	5000
871	5000
871	5000
871	5000
871	5000
871	5000
871	5000
871	5000
871	5000
872	5000
872	5000
872	5000
872	5000
872	5000
872	5000
872	5000
872	5000
873	5000
873	5000
873	5000
873	5000
873	5000
873	5000
873	5000
873	5000
874	5000
874	5000
874	5000
874	5000
874	5000
874	5000
874	5000
874	5000
875	5000
875	5000
875	5000
875	5000
875	5000
875	5000
875	5000
875	5000
876	5000
876	5000
876	5000
876	5000
876	5000
876	5000
876	5000
876	5000
877	5000
877	5000
877	5000
877	5000
877	5000
877	5000
877	5000
877	5000
878	5000
878	5000
878	5000
878	5000
878	5000
878	5000
878	5000
878	5000
879	5000
879	5000
879	5000
879	5000
879	5000
879	5000
879	5000
879	5000
880	5000
880	5000
880	5000
880	5000
880	5000
880	5000
880	5000
880	5000
881	5000
881	5000
881	5000
881	5000
881	5000
881	5000
881	5000
881	5000
882	5000
882	5000
882	5000
882	5000
882	5000
882	5000
882	5000
882	5000
883	5000
883	5000
883	5000
883	5000
883	5000
883	5000
883	5000
883	5000
884	5000
884	5000
884	5000
884	5000
884	5000
884	5000
884	5000
884	5000
885	5000
885	5000
885	5000
885	5000
885	5000
885	5000
885	5000
885	5000
886	5000
886	5000
886	5000
886	5000
886	5000
886	5000
886	5000
886	5000
887	5000
887	5000
887	5000
887	5000
887	5000
887	5000
887	5000
887	5000
888	5000
888	5000
888	5000
888	5000
888	5000
888	5000
888	5000
888	5000
889	5000
889	5000
889	5000
889	5000
889	5000
889	5000
889	5000
889	5000
890	5000
890	5000
890	5000
890	5000
890	5000
890	5000
890	5000
890	5000
891	5000
891	5000
891	5000
891	5000
891	5000
891	5000
891	5000
891	5000
892	5000
892	5000
892	5000
892	5000
892	5000
892	5000
892	5000
892	5000
893	5000
893	5000
893	5000
893	5000
893	5000
893	5000
893	5000
893	5000
894	5000
894	5000
894	5000
894	5000
894	5000
894	5000
894	5000
894	5000
895	5000
895	5000
895	5000
895	5000
895	5000
895	5000
895	5000
895	5000
896	5000
896	5000
896	5000
896	5000
896	5000
896	5000
896	5000
896	5000
897	5000
897	5000
897	5000
897	5000
897	5000
897	5000
897	5000
897	5000
898	5000
898	5000
898	5000
898	5000
898	5000
898	5000
898	5000
898	5000
899	5000
899	5000
899	5000
899	5000
899	5000
899	5000
899	5000
899	5000
900	5000
900	5000
900	5000
900	5000
900	5000
900	5000
900	5000
900	5000
901	5000
901	5000
901	5000
901	5000
901	5000
901	5000
901	5000
901	5000
902	5000
902	5000
902	5000
902	5000
902	5000
902	5000
902	5000
902	5000
903	5000
903	5000
903	5000
903	5000
903	5000
903	5000
903	5000
903	5000
904	5000
904	5000
904	5000
904	5000
904	5000
904	5000
904	5000
904	5000
905	5000
905	5000
905	5000
905	5000
905	5000
905	5000
905	5000
905	5000
906	5000
906	5000
906	5000
906	5000
906	5000
906	5000
906	5000
906	5000
907	5000
907	5000
907	5000
907	5000
907	5000
907	5000
907	5000
907	5000
908	5000
908	5000
908	5000
908	5000
908	5000
908	5000
908	5000
908	5000
909	5000
909	5000
909	5000
909	5000
909	5000
909	5000
909	5000
909	5000
910	5000
910	5000
910	5000
910	5000
910	5000
910	5000
910	5000
910	5000
911	5000
911	5000
911	5000
911	5000
911	5000
911	5000
911	5000
911	5000
912	5000
912	5000
912	5000
912	5000
912	5000
912	5000
912	5000
912	5000
913	5000
913	5000
913	5000
913	5000
913	5000
913	5000
913	5000
913	5000
914	5000
914	5000
914	5000
914	5000
914	5000
914	5000
914	5000
914	5000
915	5000
915	5000
915	5000
915	5000
915	5000
915	5000
915	5000
915	5000
916	5000
916	5000
916	5000
916	5000
916	5000
916	5000
916	5000
916	5000
917	5000
917	5000
917	5000
917	5000
917	5000
917	5000
917	5000
917	5000
918	5000
918	5000
918	5000
918	5000
918	5000
918	5000
918	5000
918	5000
919	5000
919	5000
919	5000
919	5000
919	5000
919	5000
919	5000
919	5000
920	5000
920	5000
920	5000
920	5000
920	5000
920	5000
920	5000
920	5000
921	5000
921	5000
921	5000
921	5000
921	5000
921	5000
921	5000
921	5000
922	5000
922	5000
922	5000
922	5000
922	5000
922	5000
922	5000
922	5000
923	5000
923	5000
923	5000
923	5000
923	5000
923	5000
923	5000
923	5000
924	5000
924	5000
924	5000
924	5000
924	5000
924	5000
924	5000
924	5000
925	5000
925	5000
925	5000
925	5000
925	5000
925	5000
925	5000
925	5000
926	5000
926	5000
926	5000
926	5000
926	5000
926	5000
926	5000
926	5000
927	5000
927	5000
927	5000
927	5000
927	5000
927	5000
927	5000
927	5000
928	5000
928	5000
928	5000
928	5000
928	5000
928	5000
928	5000
928	5000
929	5000
929	5000
929	5000
929	5000
929	5000
929	5000
929	5000
929	5000
930	5000
930	5000
930	5000
930	5000
930	5000
930	5000
930	5000
930	5000
931	5000
931	5000
931	5000
931	5000
931	5000
931	5000
931	5000
931	5000
932	5000
932	5000
932	5000
932	5000
932	5000
932	5000
932	5000
932	5000
933	5000
933	5000
933	5000
933	5000
933	5000
933	5000
933	5000
933	5000
934	5000
934	5000
934	5000
934	5000
934	5000
934	5000
934	5000
934	5000
935	5000
935	5000
935	5000
935	5000
935	5000
935	5000
935	5000
935	5000
936	5000
936	5000
936	5000
936	5000
936	5000
936	5000
936	5000
936	5000
937	5000
937	5000
937	5000
937	5000
937	5000
937	5000
937	5000
937	5000
938	5000
938	5000
938	5000
938	5000
938	5000
938	5000
938	5000
938	5000
939	5000
939	5000
939	5000
939	5000
939	5000
939	5000
939	5000
939	5000
940	5000
940	5000
940	5000
940	5000
940	5000
940	5000
940	5000
940	5000
941	5000
941	5000
941	5000
941	5000
941	5000
941	5000
941	5000
941	5000
942	5000
942	5000
942	5000
942	5000
942	5000
942	5000
942	5000
942	5000
943	5000
943	5000
943	5000
943	5000
943	5000
943	5000
943	5000
943	5000
944	5000
944	5000
944	5000
944	5000
944	5000
944	5000
944	5000
944	5000
945	5000
945	5000
945	5000
945	5000
945	5000
945	5000
945	5000
945	5000
946	5000
946	5000
946	5000
946	5000
946	5000
946	5000
946	5000
946	5000
947	5000
947	5000
947	5000
947	5000
947	5000
947	5000
947	5000
947	5000
948	5000
948	5000
948	5000
948	5000
948	5000
948	5000
948	5000
948	5000
949	5000
949	5000
949	5000
949	5000
949	5000
949	5000
949	5000
949	5000
950	5000
950	5000
950	5000
950	5000
950	5000
950	5000
950	5000
950	5000
951	5000
951	5000
951	5000
951	5000
951	5000
951	5000
951	5000
951	5000
952	5000
952	5000
952	5000
952	5000
952	5000
952	5000
952	5000
952	5000
953	5000
953	5000
953	5000
953	5000
953	5000
953	5000
953	5000
953	5000
954	5000
954	5000
954	5000
954	5000
954	5000
954	5000
954	5000
954	5000
955	5000
955	5000
955	5000
955	5000
955	5000
955	5000
955	5000
955	5000
956	5000
956	5000
956	5000
956	5000
956	5000
956	5000
956	5000
956	5000
957	5000
957	5000
957	5000
957	5000
957	5000
957	5000
957	5000
957	5000
958	5000
958	5000
958	5000
958	5000
958	5000
958	5000
958	5000
958	5000
959	5000
959	5000
959	5000
959	5000
959	5000
959	5000
959	5000
959	5000
960	5000
960	5000
960	5000
960	5000
960	5000
960	5000
960	5000
960	5000
961	5000
961	5000
961	5000
961	5000
961	5000
961	5000
961	5000
961	5000
962	5000
962	5000
962	5000
962	5000
962	5000
962	5000
962	5000
962	5000
963	5000
963	5000
963	5000
963	5000
963	5000
963	5000
963	5000
963	5000
964	5000
964	5000
964	5000
964	5000
964	5000
964	5000
964	5000
964	5000
965	5000
965	5000
965	5000
965	5000
965	5000
965	5000
965	5000
965	5000
966	5000
966	5000
966	5000
966	5000
966	5000
966	5000
966	5000
966	5000
967	5000
967	5000
967	5000
967	5000
967	5000
967	5000
967	5000
967	5000
968	5000
968	5000
968	5000
968	5000
968	5000
968	5000
968	5000
968	5000
969	5000
969	5000
969	5000
969	5000
969	5000
969	5000
969	5000
969	5000
970	5000
970	5000
970	5000
970	5000
970	5000
970	5000
970	5000
970	5000
971	5000
971	5000
971	5000
971	5000
971	5000
971	5000
971	5000
971	5000
972	5000
972	5000
972	5000
972	5000
972	5000
972	5000
972	5000
972	5000
973	5000
973	5000
973	5000
973	5000
973	5000
973	5000
973	5000
973	5000
974	5000
974	5000
974	5000
974	5000
974	5000
974	5000
974	5000
974	5000
975	5000
975	5000
975	5000
975	5000
975	5000
975	5000
975	5000
975	5000
976	5000
976	5000
976	5000
976	5000
976	5000
976	5000
976	5000
976	5000
977	5000
977	5000
977	5000
977	5000
977	5000
977	5000
977	5000
977	5000
978	5000
978	5000
978	5000
978	5000
978	5000
978	5000
978	5000
978	5000
979	5000
979	5000
979	5000
979	5000
979	5000
979	5000
979	5000
979	5000
980	5000
980	5000
980	5000
980	5000
980	5000
980	5000
980	5000
980	5000
981	5000
981	5000
981	5000
981	5000
981	5000
981	5000
981	5000
981	5000
982	5000
982	5000
982	5000
982	5000
982	5000
982	5000
982	5000
982	5000
983	5000
983	5000
983	5000
983	5000
983	5000
983	5000
983	5000
983	5000
984	5000
984	5000
984	5000
984	5000
984	5000
984	5000
984	5000
984	5000
985	5000
985	5000
985	5000
985	5000
985	5000
985	5000
985	5000
985	5000
986	5000
986	5000
986	5000
986	5000
986	5000
986	5000
986	5000
986	5000
987	5000
987	5000
987	5000
987	5000
987	5000
987	5000
987	5000
987	5000
988	5000
988	5000
988	5000
988	5000
988	5000
988	5000
988	5000
988	5000
989	5000
989	5000
989	5000
989	5000
989	5000
989	5000
989	5000
989	5000
990	5000
990	5000
990	5000
990	5000
990	5000
990	5000
990	5000
990	5000
991	5000
991	5000
991	5000
991	5000
991	5000
991	5000
991	5000
991	5000
992	5000
992	5000
992	5000
992	5000
992	5000
992	5000
992	5000
992	5000
993	5000
993	5000
993	5000
993	5000
993	5000
993	5000
993	5000
993	5000
994	5000
994	5000
994	5000
994	5000
994	5000
994	5000
994	5000
994	5000
995	5000
995	5000
995	5000
995	5000
995	5000
995	5000
995	5000
995	5000
996	5000
996	5000
996	5000
996	5000
996	5000
996	5000
996	5000
996	5000
997	5000
997	5000
997	5000
997	5000
997	5000
997	5000
997	5000
997	5000
998	5000
998	5000
998	5000
998	5000
998	5000
998	5000
998	5000
998	5000
999	5000
999	5000
999	5000
999	5000
999	5000
999	5000
999	5000
999	5000
1000	5000
1000	5000
1000	5000
1000	5000
1000	5000
1000	5000
1000	5000
1000	5000
1001	5000
1001	5000
1001	5000
1001	5000
1001	5000
1001	5000
1001	5000
1001	5000
1002	5000
1002	5000
1002	5000
1002	5000
1002	5000
1002	5000
1002	5000
1002	5000
1003	5000
1003	5000
1003	5000
1003	5000
1003	5000
1003	5000
1003	5000
1003	5000
1004	5000
1004	5000
1004	5000
1004	5000
1004	5000
1004	5000
1004	5000
1004	5000
1005	5000
1005	5000
1005	5000
1005	5000
1005	5000
1005	5000
1005	5000
1005	5000
1006	5000
1006	5000
1006	5000
1006	5000
1006	5000
1006	5000
1006	5000
1006	5000
1007	5000
1007	5000
1007	5000
1007	5000
1007	5000
1007	5000
1007	5000
1007	5000
1008	5000
1008	5000
1008	5000
1008	5000
1008	5000
1008	5000
1008	5000
1008	5000
1009	5000
1009	5000
1009	5000
1009	5000
1009	5000
1009	5000
1009	5000
1009	5000
1010	5000
1010	5000
1010	5000
1010	5000
1010	5000
1010	5000
1010	5000
1010	5000
1011	5000
1011	5000
1011	5000
1011	5000
1011	5000
1011	5000
1011	5000
1011	5000
1012	5000
1012	5000
1012	5000
1012	5000
1012	5000
1012	5000
1012	5000
1012	5000
1013	5000
1013	5000
1013	5000
1013	5000
1013	5000
1013	5000
1013	5000
1013	5000
1014	5000
1014	5000
1014	5000
1014	5000
1014	5000
1014	5000
1014	5000
1014	5000
1015	5000
1015	5000
1015	5000
1015	5000
1015	5000
1015	5000
1015	5000
1015	5000
1016	5000
1016	5000
1016	5000
1016	5000
1016	5000
1016	5000
1016	5000
1016	5000
1017	5000
1017	5000
1017	5000
1017	5000
1017	5000
1017	5000
1017	5000
1017	5000
1018	5000
1018	5000
1018	5000
1018	5000
1018	5000
1018	5000
1018	5000
1018	5000
1019	5000
1019	5000
1019	5000
1019	5000
1019	5000
1019	5000
1019	5000
1019	5000
1020	5000
1020	5000
1020	5000
1020	5000
1020	5000
1020	5000
1020	5000
1020	5000
1021	5000
1021	5000
1021	5000
1021	5000
1021	5000
1021	5000
1021	5000
1021	5000
1022	5000
1022	5000
1022	5000
1022	5000
1022	5000
1022	5000
1022	5000
1022	5000
1023	5000
1023	5000
1023	5000
1023	5000
1023	5000
1023	5000
1023	5000
1023	5000
1024	5000
1024	5000
1024	5000
1024	5000
1024	5000
1024	5000
1024	5000
1024	5000
1025	5000
1025	5000
1025	5000
1025	5000
1025	5000
1025	5000
1025	5000
1025	5000
1026	5000
1026	5000
1026	5000
1026	5000
1026	5000
1026	5000
1026	5000
1026	5000
1027	5000
1027	5000
1027	5000
1027	5000
1027	5000
1027	5000
1027	5000
1027	5000
1028	5000
1028	5000
1028	5000
1028	5000
1028	5000
1028	5000
1028	5000
1028	5000
1029	5000
1029	5000
1029	5000
1029	5000
1029	5000
1029	5000
1029	5000
1029	5000
1030	5000
1030	5000
1030	5000
1030	5000
1030	5000
1030	5000
1030	5000
1030	5000
1031	5000
1031	5000
1031	5000
1031	5000
1031	5000
1031	5000
1031	5000
1031	5000
1032	5000
1032	5000
1032	5000
1032	5000
1032	5000
1032	5000
1032	5000
1032	5000
1033	5000
1033	5000
1033	5000
1033	5000
1033	5000
1033	5000
1033	5000
1033	5000
1034	5000
1034	5000
1034	5000
1034	5000
1034	5000
1034	5000
1034	5000
1034	5000
1035	5000
1035	5000
1035	5000
1035	5000
1035	5000
1035	5000
1035	5000
1035	5000
1036	5000
1036	5000
1036	5000
1036	5000
1036	5000
1036	5000
1036	5000
1036	5000
1037	5000
1037	5000
1037	5000
1037	5000
1037	5000
1037	5000
1037	5000
1037	5000
1038	5000
1038	5000
1038	5000
1038	5000
1038	5000
1038	5000
1038	5000
1038	5000
1039	5000
1039	5000
1039	5000
1039	5000
1039	5000
1039	5000
1039	5000
1039	5000
1040	5000
1040	5000
1040	5000
1040	5000
1040	5000
1040	5000
1040	5000
1040	5000
1041	5000
1041	5000
1041	5000
1041	5000
1041	5000
1041	5000
1041	5000
1041	5000
1042	5000
1042	5000
1042	5000
1042	5000
1042	5000
1042	5000
1042	5000
1042	5000
1043	5000
1043	5000
1043	5000
1043	5000
1043	5000
1043	5000
1043	5000
1043	5000
1044	5000
1044	5000
1044	5000
1044	5000
1044	5000
1044	5000
1044	5000
1044	5000
1045	5000
1045	5000
1045	5000
1045	5000
1045	5000
1045	5000
1045	5000
1045	5000
1046	5000
1046	5000
1046	5000
1046	5000
1046	5000
1046	5000
1046	5000
1046	5000
1047	5000
1047	5000
1047	5000
1047	5000
1047	5000
1047	5000
1047	5000
1047	5000
1048	5000
1048	5000
1048	5000
1048	5000
1048	5000
1048	5000
1048	5000
1048	5000
1049	5000
1049	5000
1049	5000
1049	5000
1049	5000
1049	5000
1049	5000
1049	5000
1050	5000
1050	5000
1050	5000
1050	5000
1050	5000
1050	5000
1050	5000
1050	5000
1051	5000
1051	5000
1051	5000
1051	5000
1051	5000
1051	5000
1051	5000
1051	5000
1052	5000
1052	5000
1052	5000
1052	5000
1052	5000
1052	5000
1052	5000
1052	5000
1053	5000
1053	5000
1053	5000
1053	5000
1053	5000
1053	5000
1053	5000
1053	5000
1054	5000
1054	5000
1054	5000
1054	5000
1054	5000
1054	5000
1054	5000
1054	5000
1055	5000
1055	5000
1055	5000
1055	5000
1055	5000
1055	5000
1055	5000
1055	5000
1056	5000
1056	5000
1056	5000
1056	5000
1056	5000
1056	5000
1056	5000
1056	5000
1057	5000
1057	5000
1057	5000
1057	5000
1057	5000
1057	5000
1057	5000
1057	5000
1058	5000
1058	5000
1058	5000
1058	5000
1058	5000
1058	5000
1058	5000
1058	5000
1059	5000
1059	5000
1059	5000
1059	5000
1059	5000
1059	5000
1059	5000
1059	5000
1060	5000
1060	5000
1060	5000
1060	5000
1060	5000
1060	5000
1060	5000
1060	5000
1061	5000
1061	5000
1061	5000
1061	5000
1061	5000
1061	5000
1061	5000
1061	5000
1062	5000
1062	5000
1062	5000
1062	5000
1062	5000
1062	5000
1062	5000
1062	5000
1063	5000
1063	5000
1063	5000
1063	5000
1063	5000
1063	5000
1063	5000
1063	5000
1064	5000
1064	5000
1064	5000
1064	5000
1064	5000
1064	5000
1064	5000
1064	5000
1065	5000
1065	5000
1065	5000
1065	5000
1065	5000
1065	5000
1065	5000
1065	5000
1066	5000
1066	5000
1066	5000
1066	5000
1066	5000
1066	5000
1066	5000
1066	5000
1067	5000
1067	5000
1067	5000
1067	5000
1067	5000
1067	5000
1067	5000
1067	5000
1068	5000
1068	5000
1068	5000
1068	5000
1068	5000
1068	5000
1068	5000
1068	5000
1069	5000
1069	5000
1069	5000
1069	5000
1069	5000
1069	5000
1069	5000
1069	5000
1070	5000
1070	5000
1070	5000
1070	5000
1070	5000
1070	5000
1070	5000
1070	5000
1071	5000
1071	5000
1071	5000
1071	5000
1071	5000
1071	5000
1071	5000
1071	5000
1072	5000
1072	5000
1072	5000
1072	5000
1072	5000
1072	5000
1072	5000
1072	5000
1073	5000
1073	5000
1073	5000
1073	5000
1073	5000
1073	5000
1073	5000
1073	5000
1074	5000
1074	5000
1074	5000
1074	5000
1074	5000
1074	5000
1074	5000
1074	5000
1075	5000
1075	5000
1075	5000
1075	5000
1075	5000
1075	5000
1075	5000
1075	5000
1076	5000
1076	5000
1076	5000
1076	5000
1076	5000
1076	5000
1076	5000
1076	5000
1077	5000
1077	5000
1077	5000
1077	5000
1077	5000
1077	5000
1077	5000
1077	5000
1078	5000
1078	5000
1078	5000
1078	5000
1078	5000
1078	5000
1078	5000
1078	5000
1079	5000
1079	5000
1079	5000
1079	5000
1079	5000
1079	5000
1079	5000
1079	5000
1080	5000
1080	5000
1080	5000
1080	5000
1080	5000
1080	5000
1080	5000
1080	5000
1081	5000
1081	5000
1081	5000
1081	5000
1081	5000
1081	5000
1081	5000
1081	5000
1082	5000
1082	5000
1082	5000
1082	5000
1082	5000
1082	5000
1082	5000
1082	5000
1083	5000
1083	5000
1083	5000
1083	5000
1083	5000
1083	5000
1083	5000
1083	5000
1084	5000
1084	5000
1084	5000
1084	5000
1084	5000
1084	5000
1084	5000
1084	5000
1085	5000
1085	5000
1085	5000
1085	5000
1085	5000
1085	5000
1085	5000
1085	5000
1086	5000
1086	5000
1086	5000
1086	5000
1086	5000
1086	5000
1086	5000
1086	5000
1087	5000
1087	5000
1087	5000
1087	5000
1087	5000
1087	5000
1087	5000
1087	5000
1088	5000
1088	5000
1088	5000
1088	5000
1088	5000
1088	5000
1088	5000
1088	5000
1089	5000
1089	5000
1089	5000
1089	5000
1089	5000
1089	5000
1089	5000
1089	5000
1090	5000
1090	5000
1090	5000
1090	5000
1090	5000
1090	5000
1090	5000
1090	5000
1091	5000
1091	5000
1091	5000
1091	5000
1091	5000
1091	5000
1091	5000
1091	5000
1092	5000
1092	5000
1092	5000
1092	5000
1092	5000
1092	5000
1092	5000
1092	5000
1093	5000
1093	5000
1093	5000
1093	5000
1093	5000
1093	5000
1093	5000
1093	5000
1094	5000
1094	5000
1094	5000
1094	5000
1094	5000
1094	5000
1094	5000
1094	5000
1095	5000
1095	5000
1095	5000
1095	5000
1095	5000
1095	5000
1095	5000
1095	5000
1096	5000
1096	5000
1096	5000
1096	5000
1096	5000
1096	5000
1096	5000
1096	5000
1097	5000
1097	5000
1097	5000
1097	5000
1097	5000
1097	5000
1097	5000
1097	5000
1098	5000
1098	5000
1098	5000
1098	5000
1098	5000
1098	5000
1098	5000
1098	5000
1099	5000
1099	5000
1099	5000
1099	5000
1099	5000
1099	5000
1099	5000
1099	5000
1100	5000
1100	5000
1100	5000
1100	5000
1100	5000
1100	5000
1100	5000
1100	5000
1101	5000
1101	5000
1101	5000
1101	5000
1101	5000
1101	5000
1101	5000
1101	5000
1102	5000
1102	5000
1102	5000
1102	5000
1102	5000
1102	5000
1102	5000
1102	5000
1103	5000
1103	5000
1103	5000
1103	5000
1103	5000
1103	5000
1103	5000
1103	5000
1104	5000
1104	5000
1104	5000
1104	5000
1104	5000
1104	5000
1104	5000
1104	5000
1105	5000
1105	5000
1105	5000
1105	5000
1105	5000
1105	5000
1105	5000
1105	5000
1106	5000
1106	5000
1106	5000
1106	5000
1106	5000
1106	5000
1106	5000
1106	5000
1107	5000
1107	5000
1107	5000
1107	5000
1107	5000
1107	5000
1107	5000
1107	5000
1108	5000
1108	5000
1108	5000
1108	5000
1108	5000
1108	5000
1108	5000
1108	5000
1109	5000
1109	5000
1109	5000
1109	5000
1109	5000
1109	5000
1109	5000
1109	5000
1110	5000
1110	5000
1110	5000
1110	5000
1110	5000
1110	5000
1110	5000
1110	5000
1111	5000
1111	5000
1111	5000
1111	5000
1111	5000
1111	5000
1111	5000
1111	5000
1112	5000
1112	5000
1112	5000
1112	5000
1112	5000
1112	5000
1112	5000
1112	5000
1113	5000
1113	5000
1113	5000
1113	5000
1113	5000
1113	5000
1113	5000
1113	5000
1114	5000
1114	5000
1114	5000
1114	5000
1114	5000
1114	5000
1114	5000
1114	5000
1115	5000
1115	5000
1115	5000
1115	5000
1115	5000
1115	5000
1115	5000
1115	5000
1116	5000
1116	5000
1116	5000
1116	5000
1116	5000
1116	5000
1116	5000
1116	5000
1117	5000
1117	5000
1117	5000
1117	5000
1117	5000
1117	5000
1117	5000
1117	5000
1118	5000
1118	5000
1118	5000
1118	5000
1118	5000
1118	5000
1118	5000
1118	5000
1119	5000
1119	5000
1119	5000
1119	5000
1119	5000
1119	5000
1119	5000
1119	5000
1120	5000
1120	5000
1120	5000
1120	5000
1120	5000
1120	5000
1120	5000
1120	5000
1121	5000
1121	5000
1121	5000
1121	5000
1121	5000
1121	5000
1121	5000
1121	5000
1122	5000
1122	5000
1122	5000
1122	5000
1122	5000
1122	5000
1122	5000
1122	5000
1123	5000
1123	5000
1123	5000
1123	5000
1123	5000
1123	5000
1123	5000
1123	5000
1124	5000
1124	5000
1124	5000
1124	5000
1124	5000
1124	5000
1124	5000
1124	5000
1125	5000
1125	5000
1125	5000
1125	5000
1125	5000
1125	5000
1125	5000
1125	5000
1126	5000
1126	5000
1126	5000
1126	5000
1126	5000
1126	5000
1126	5000
1126	5000
1127	5000
1127	5000
1127	5000
1127	5000
1127	5000
1127	5000
1127	5000
1127	5000
1128	5000
1128	5000
1128	5000
1128	5000
1128	5000
1128	5000
1128	5000
1128	5000
1129	5000
1129	5000
1129	5000
1129	5000
1129	5000
1129	5000
1129	5000
1129	5000
1130	5000
1130	5000
1130	5000
1130	5000
1130	5000
1130	5000
1130	5000
1130	5000
1131	5000
1131	5000
1131	5000
1131	5000
1131	5000
1131	5000
1131	5000
1131	5000
1132	5000
1132	5000
1132	5000
1132	5000
1132	5000
1132	5000
1132	5000
1132	5000
1133	5000
1133	5000
1133	5000
1133	5000
1133	5000
1133	5000
1133	5000
1133	5000
1134	5000
1134	5000
1134	5000
1134	5000
1134	5000
1134	5000
1134	5000
1134	5000
1135	5000
1135	5000
1135	5000
1135	5000
1135	5000
1135	5000
1135	5000
1135	5000
1136	5000
1136	5000
1136	5000
1136	5000
1136	5000
1136	5000
1136	5000
1136	5000
1137	5000
1137	5000
1137	5000
1137	5000
1137	5000
1137	5000
1137	5000
1137	5000
1138	5000
1138	5000
1138	5000
1138	5000
1138	5000
1138	5000
1138	5000
1138	5000
1139	5000
1139	5000
1139	5000
1139	5000
1139	5000
1139	5000
1139	5000
1139	5000
1140	5000
1140	5000
1140	5000
1140	5000
1140	5000
1140	5000
1140	5000
1140	5000
1141	5000
1141	5000
1141	5000
1141	5000
1141	5000
1141	5000
1141	5000
1141	5000
1142	5000
1142	5000
1142	5000
1142	5000
1142	5000
1142	5000
1142	5000
1142	5000
1143	5000
1143	5000
1143	5000
1143	5000
1143	5000
1143	5000
1143	5000
1143	5000
1144	5000
1144	5000
1144	5000
1144	5000
1144	5000
1144	5000
1144	5000
1144	5000
1145	5000
1145	5000
1145	5000
1145	5000
1145	5000
1145	5000
1145	5000
1145	5000
1146	5000
1146	5000
1146	5000
1146	5000
1146	5000
1146	5000
1146	5000
1146	5000
1147	5000
1147	5000
1147	5000
1147	5000
1147	5000
1147	5000
1147	5000
1147	5000
1148	5000
1148	5000
1148	5000
1148	5000
1148	5000
1148	5000
1148	5000
1148	5000
1149	5000
1149	5000
1149	5000
1149	5000
1149	5000
1149	5000
1149	5000
1149	5000
1150	5000
1150	5000
1150	5000
1150	5000
1150	5000
1150	5000
1150	5000
1150	5000
1151	5000
1151	5000
1151	5000
1151	5000
1151	5000
1151	5000
1151	5000
1151	5000
1152	5000
1152	5000
1152	5000
1152	5000
1152	5000
1152	5000
1152	5000
1152	5000
1153	5000
1153	5000
1153	5000
1153	5000
1153	5000
1153	5000
1153	5000
1153	5000
1154	5000
1154	5000
1154	5000
1154	5000
1154	5000
1154	5000
1154	5000
1154	5000
1155	5000
1155	5000
1155	5000
1155	5000
1155	5000
1155	5000
1155	5000
1155	5000
1156	5000
1156	5000
1156	5000
1156	5000
1156	5000
1156	5000
1156	5000
1156	5000
1157	5000
1157	5000
1157	5000
1157	5000
1157	5000
1157	5000
1157	5000
1157	5000
1158	5000
1158	5000
1158	5000
1158	5000
1158	5000
1158	5000
1158	5000
1158	5000
1159	5000
1159	5000
1159	5000
1159	5000
1159	5000
1159	5000
1159	5000
1159	5000
1160	5000
1160	5000
1160	5000
1160	5000
1160	5000
1160	5000
1160	5000
1160	5000
1161	5000
1161	5000
1161	5000
1161	5000
1161	5000
1161	5000
1161	5000
1161	5000
1162	5000
1162	5000
1162	5000
1162	5000
1162	5000
1162	5000
1162	5000
1162	5000
1163	5000
1163	5000
1163	5000
1163	5000
1163	5000
1163	5000
1163	5000
1163	5000
1164	5000
1164	5000
1164	5000
1164	5000
1164	5000
1164	5000
1164	5000
1164	5000
1165	5000
1165	5000
1165	5000
1165	5000
1165	5000
1165	5000
1165	5000
1165	5000
1166	5000
1166	5000
1166	5000
1166	5000
1166	5000
1166	5000
1166	5000
1166	5000
1167	5000
1167	5000
1167	5000
1167	5000
1167	5000
1167	5000
1167	5000
1167	5000
1168	5000
1168	5000
1168	5000
1168	5000
1168	5000
1168	5000
1168	5000
1168	5000
1169	5000
1169	5000
1169	5000
1169	5000
1169	5000
1169	5000
1169	5000
1169	5000
1170	5000
1170	5000
1170	5000
1170	5000
1170	5000
1170	5000
1170	5000
1170	5000
1171	5000
1171	5000
1171	5000
1171	5000
1171	5000
1171	5000
1171	5000
1171	5000
1172	5000
1172	5000
1172	5000
1172	5000
1172	5000
1172	5000
1172	5000
1172	5000
1173	5000
1173	5000
1173	5000
1173	5000
1173	5000
1173	5000
1173	5000
1173	5000
1174	5000
1174	5000
1174	5000
1174	5000
1174	5000
1174	5000
1174	5000
1174	5000
1175	5000
1175	5000
1175	5000
1175	5000
1175	5000
1175	5000
1175	5000
1175	5000
1176	5000
1176	5000
1176	5000
1176	5000
1176	5000
1176	5000
1176	5000
1176	5000
1177	5000
1177	5000
1177	5000
1177	5000
1177	5000
1177	5000
1177	5000
1177	5000
1178	5000
1178	5000
1178	5000
1178	5000
1178	5000
1178	5000
1178	5000
1178	5000
1179	5000
1179	5000
1179	5000
1179	5000
1179	5000
1179	5000
1179	5000
1179	5000
1180	5000
1180	5000
1180	5000
1180	5000
1180	5000
1180	5000
1180	5000
1180	5000
1181	5000
1181	5000
1181	5000
1181	5000
1181	5000
1181	5000
1181	5000
1181	5000
1182	5000
1182	5000
1182	5000
1182	5000
1182	5000
1182	5000
1182	5000
1182	5000
1183	5000
1183	5000
1183	5000
1183	5000
1183	5000
1183	5000
1183	5000
1183	5000
1184	5000
1184	5000
1184	5000
1184	5000
1184	5000
1184	5000
1184	5000
1184	5000
1185	5000
1185	5000
1185	5000
1185	5000
1185	5000
1185	5000
1185	5000
1185	5000
1186	5000
1186	5000
1186	5000
1186	5000
1186	5000
1186	5000
1186	5000
1186	5000
1187	5000
1187	5000
1187	5000
1187	5000
1187	5000
1187	5000
1187	5000
1187	5000
1188	5000
1188	5000
1188	5000
1188	5000
1188	5000
1188	5000
1188	5000
1188	5000
1189	5000
1189	5000
1189	5000
1189	5000
1189	5000
1189	5000
1189	5000
1189	5000
1190	5000
1190	5000
1190	5000
1190	5000
1190	5000
1190	5000
1190	5000
1190	5000
1191	5000
1191	5000
1191	5000
1191	5000
1191	5000
1191	5000
1191	5000
1191	5000
1192	5000
1192	5000
1192	5000
1192	5000
1192	5000
1192	5000
1192	5000
1192	5000
1193	5000
1193	5000
1193	5000
1193	5000
1193	5000
1193	5000
1193	5000
1193	5000
1194	5000
1194	5000
1194	5000
1194	5000
1194	5000
1194	5000
1194	5000
1194	5000
1195	5000
1195	5000
1195	5000
1195	5000
1195	5000
1195	5000
1195	5000
1195	5000
1196	5000
1196	5000
1196	5000
1196	5000
1196	5000
1196	5000
1196	5000
1196	5000
1197	5000
1197	5000
1197	5000
1197	5000
1197	5000
1197	5000
1197	5000
1197	5000
1198	5000
1198	5000
1198	5000
1198	5000
1198	5000
1198	5000
1198	5000
1198	5000
1199	5000
1199	5000
1199	5000
1199	5000
1199	5000
1199	5000
1199	5000
1199	5000
1200	5000
1200	5000
1200	5000
1200	5000
1200	5000
1200	5000
1200	5000
1200	5000
1201	5000
1201	5000
1201	5000
1201	5000
1201	5000
1201	5000
1201	5000
1201	5000
1202	5000
1202	5000
1202	5000
1202	5000
1202	5000
1202	5000
1202	5000
1202	5000
1203	5000
1203	5000
1203	5000
1203	5000
1203	5000
1203	5000
1203	5000
1203	5000
1204	5000
1204	5000
1204	5000
1204	5000
1204	5000
1204	5000
1204	5000
1204	5000
1205	5000
1205	5000
1205	5000
1205	5000
1205	5000
1205	5000
1205	5000
1205	5000
1206	5000
1206	5000
1206	5000
1206	5000
1206	5000
1206	5000
1206	5000
1206	5000
1207	5000
1207	5000
1207	5000
1207	5000
1207	5000
1207	5000
1207	5000
1207	5000
1208	5000
1208	5000
1208	5000
1208	5000
1208	5000
1208	5000
1208	5000
1208	5000
1209	5000
1209	5000
1209	5000
1209	5000
1209	5000
1209	5000
1209	5000
1209	5000
1210	5000
1210	5000
1210	5000
1210	5000
1210	5000
1210	5000
1210	5000
1210	5000
1211	5000
1211	5000
1211	5000
1211	5000
1211	5000
1211	5000
1211	5000
1211	5000
1212	5000
1212	5000
1212	5000
1212	5000
1212	5000
1212	5000
1212	5000
1212	5000
1213	5000
1213	5000
1213	5000
1213	5000
1213	5000
1213	5000
1213	5000
1213	5000
1214	5000
1214	5000
1214	5000
1214	5000
1214	5000
1214	5000
1214	5000
1214	5000
1215	5000
1215	5000
1215	5000
1215	5000
1215	5000
1215	5000
1215	5000
1215	5000
1216	5000
1216	5000
1216	5000
1216	5000
1216	5000
1216	5000
1216	5000
1216	5000
1217	5000
1217	5000
1217	5000
1217	5000
1217	5000
1217	5000
1217	5000
1217	5000
1218	5000
1218	5000
1218	5000
1218	5000
1218	5000
1218	5000
1218	5000
1218	5000
1219	5000
1219	5000
1219	5000
1219	5000
1219	5000
1219	5000
1219	5000
1219	5000
1220	5000
1220	5000
1220	5000
1220	5000
1220	5000
1220	5000
1220	5000
1220	5000
1221	5000
1221	5000
1221	5000
1221	5000
1221	5000
1221	5000
1221	5000
1221	5000
1222	5000
1222	5000
1222	5000
1222	5000
1222	5000
1222	5000
1222	5000
1222	5000
1223	5000
1223	5000
1223	5000
1223	5000
1223	5000
1223	5000
1223	5000
1223	5000
1224	5000
1224	5000
1224	5000
1224	5000
1224	5000
1224	5000
1224	5000
1224	5000
1225	5000
1225	5000
1225	5000
1225	5000
1225	5000
1225	5000
1225	5000
1225	5000
1226	5000
1226	5000
1226	5000
1226	5000
1226	5000
1226	5000
1226	5000
1226	5000
1227	5000
1227	5000
1227	5000
1227	5000
1227	5000
1227	5000
1227	5000
1227	5000
1228	5000
1228	5000
1228	5000
1228	5000
1228	5000
1228	5000
1228	5000
1228	5000
1229	5000
1229	5000
1229	5000
1229	5000
1229	5000
1229	5000
1229	5000
1229	5000
1230	5000
1230	5000
1230	5000
1230	5000
1230	5000
1230	5000
1230	5000
1230	5000
1231	5000
1231	5000
1231	5000
1231	5000
1231	5000
1231	5000
1231	5000
1231	5000
1232	5000
1232	5000
1232	5000
1232	5000
1232	5000
1232	5000
1232	5000
1232	5000
1233	5000
1233	5000
1233	5000
1233	5000
1233	5000
1233	5000
1233	5000
1233	5000
1234	5000
1234	5000
1234	5000
1234	5000
1234	5000
1234	5000
1234	5000
1234	5000
1235	5000
1235	5000
1235	5000
1235	5000
1235	5000
1235	5000
1235	5000
1235	5000
1236	5000
1236	5000
1236	5000
1236	5000
1236	5000
1236	5000
1236	5000
1236	5000
1237	5000
1237	5000
1237	5000
1237	5000
1237	5000
1237	5000
1237	5000
1237	5000
1238	5000
1238	5000
1238	5000
1238	5000
1238	5000
1238	5000
1238	5000
1238	5000
1239	5000
1239	5000
1239	5000
1239	5000
1239	5000
1239	5000
1239	5000
1239	5000
1240	5000
1240	5000
1240	5000
1240	5000
1240	5000
1240	5000
1240	5000
1240	5000
1241	5000
1241	5000
1241	5000
1241	5000
1241	5000
1241	5000
1241	5000
1241	5000
1242	5000
1242	5000
1242	5000
1242	5000
1242	5000
1242	5000
1242	5000
1242	5000
1243	5000
1243	5000
1243	5000
1243	5000
1243	5000
1243	5000
1243	5000
1243	5000
1244	5000
1244	5000
1244	5000
1244	5000
1244	5000
1244	5000
1244	5000
1244	5000
1245	5000
1245	5000
1245	5000
1245	5000
1245	5000
1245	5000
1245	5000
1245	5000
1246	5000
1246	5000
1246	5000
1246	5000
1246	5000
1246	5000
1246	5000
1246	5000
1247	5000
1247	5000
1247	5000
1247	5000
1247	5000
1247	5000
1247	5000
1247	5000
1248	5000
1248	5000
1248	5000
1248	5000
1248	5000
1248	5000
1248	5000
1248	5000
1249	5000
1249	5000
1249	5000
1249	5000
1249	5000
1249	5000
1249	5000
1249	5000
1250	5000
1250	5000
1250	5000
1250	5000
1250	5000
1250	5000
1250	5000
1250	5000
