0	900
0	900
0	900
0	900
0	900
0	900
0	900
0	900
1	900
1	900
1	900
1	900
1	900
1	900
1	900
1	900
2	900
2	900
2	900
2	900
2	900
2	900
2	900
2	900
3	900
3	900
3	900
3	900
3	900
3	900
3	900
3	900
4	900
4	900
4	900
4	900
4	900
4	900
4	900
4	900
5	900
5	900
5	900
5	900
5	900
5	900
5	900
5	900
6	900
6	900
6	900
6	900
6	900
6	900
6	900
6	900
7	900
7	900
7	900
7	900
7	900
7	900
7	900
7	900
8	900
8	900
8	900
8	900
8	900
8	900
8	900
8	900
9	900
9	900
9	900
9	900
9	900
9	900
9	900
9	900
10	900
10	900
10	900
10	900
10	900
10	900
10	900
10	900
11	900
11	900
11	900
11	900
11	900
11	900
11	900
11	900
12	900
12	900
12	900
12	900
12	900
12	900
12	900
12	900
13	900
13	900
13	900
13	900
13	900
13	900
13	900
13	900
14	900
14	900
14	900
14	900
14	900
14	900
14	900
14	900
15	900
15	900
15	900
15	900
15	900
15	900
15	900
15	900
16	900
16	900
16	900
16	900
16	900
16	900
16	900
16	900
17	900
17	900
17	900
17	900
17	900
17	900
17	900
17	900
18	900
18	900
18	900
18	900
18	900
18	900
18	900
18	900
19	900
19	900
19	900
19	900
19	900
19	900
19	900
19	900
20	900
20	900
20	900
20	900
20	900
20	900
20	900
20	900
21	900
21	900
21	900
21	900
21	900
21	900
21	900
21	900
22	900
22	900
22	900
22	900
22	900
22	900
22	900
22	900
23	900
23	900
23	900
23	900
23	900
23	900
23	900
23	900
24	900
24	900
24	900
24	900
24	900
24	900
24	900
24	900
25	900
25	900
25	900
25	900
25	900
25	900
25	900
25	900
26	900
26	900
26	900
26	900
26	900
26	900
26	900
26	900
27	900
27	900
27	900
27	900
27	900
27	900
27	900
27	900
28	900
28	900
28	900
28	900
28	900
28	900
28	900
28	900
29	900
29	900
29	900
29	900
29	900
29	900
29	900
29	900
30	900
30	900
30	900
30	900
30	900
30	900
30	900
30	900
31	900
31	900
31	900
31	900
31	900
31	900
31	900
31	900
32	900
32	900
32	900
32	900
32	900
32	900
32	900
32	900
33	900
33	900
33	900
33	900
33	900
33	900
33	900
33	900
34	900
34	900
34	900
34	900
34	900
34	900
34	900
34	900
35	900
35	900
35	900
35	900
35	900
35	900
35	900
35	900
36	900
36	900
36	900
36	900
36	900
36	900
36	900
36	900
37	900
37	900
37	900
37	900
37	900
37	900
37	900
37	900
38	900
38	900
38	900
38	900
38	900
38	900
38	900
38	900
39	900
39	900
39	900
39	900
39	900
39	900
39	900
39	900
40	900
40	900
40	900
40	900
40	900
40	900
40	900
40	900
41	900
41	900
41	900
41	900
41	900
41	900
41	900
41	900
42	900
42	900
42	900
42	900
42	900
42	900
42	900
42	900
43	900
43	900
43	900
43	900
43	900
43	900
43	900
43	900
44	900
44	900
44	900
44	900
44	900
44	900
44	900
44	900
45	900
45	900
45	900
45	900
45	900
45	900
45	900
45	900
46	900
46	900
46	900
46	900
46	900
46	900
46	900
46	900
47	900
47	900
47	900
47	900
47	900
47	900
47	900
47	900
48	900
48	900
48	900
48	900
48	900
48	900
48	900
48	900
49	900
49	900
49	900
49	900
49	900
49	900
49	900
49	900
50	900
50	900
50	900
50	900
50	900
50	900
50	900
50	900
51	900
51	900
51	900
51	900
51	900
51	900
51	900
51	900
52	900
52	900
52	900
52	900
52	900
52	900
52	900
52	900
53	900
53	900
53	900
53	900
53	900
53	900
53	900
53	900
54	900
54	900
54	900
54	900
54	900
54	900
54	900
54	900
55	900
55	900
55	900
55	900
55	900
55	900
55	900
55	900
56	900
56	900
56	900
56	900
56	900
56	900
56	900
56	900
57	900
57	900
57	900
57	900
57	900
57	900
57	900
57	900
58	900
58	900
58	900
58	900
58	900
58	900
58	900
58	900
59	900
59	900
59	900
59	900
59	900
59	900
59	900
59	900
60	900
60	900
60	900
60	900
60	900
60	900
60	900
60	900
61	900
61	900
61	900
61	900
61	900
61	900
61	900
61	900
62	900
62	900
62	900
62	900
62	900
62	900
62	900
62	900
63	900
63	900
63	900
63	900
63	900
63	900
63	900
63	900
64	900
64	900
64	900
64	900
64	900
64	900
64	900
64	900
65	900
65	900
65	900
65	900
65	900
65	900
65	900
65	900
66	900
66	900
66	900
66	900
66	900
66	900
66	900
66	900
67	900
67	900
67	900
67	900
67	900
67	900
67	900
67	900
68	900
68	900
68	900
68	900
68	900
68	900
68	900
68	900
69	900
69	900
69	900
69	900
69	900
69	900
69	900
69	900
70	900
70	900
70	900
70	900
70	900
70	900
70	900
70	900
71	900
71	900
71	900
71	900
71	900
71	900
71	900
71	900
72	900
72	900
72	900
72	900
72	900
72	900
72	900
72	900
73	900
73	900
73	900
73	900
73	900
73	900
73	900
73	900
74	900
74	900
74	900
74	900
74	900
74	900
74	900
74	900
75	900
75	900
75	900
75	900
75	900
75	900
75	900
75	900
76	900
76	900
76	900
76	900
76	900
76	900
76	900
76	900
77	900
77	900
77	900
77	900
77	900
77	900
77	900
77	900
78	900
78	900
78	900
78	900
78	900
78	900
78	900
78	900
79	900
79	900
79	900
79	900
79	900
79	900
79	900
79	900
80	900
80	900
80	900
80	900
80	900
80	900
80	900
80	900
81	900
81	900
81	900
81	900
81	900
81	900
81	900
81	900
82	900
82	900
82	900
82	900
82	900
82	900
82	900
82	900
83	900
83	900
83	900
83	900
83	900
83	900
83	900
83	900
84	900
84	900
84	900
84	900
84	900
84	900
84	900
84	900
85	900
85	900
85	900
85	900
85	900
85	900
85	900
85	900
86	900
86	900
86	900
86	900
86	900
86	900
86	900
86	900
87	900
87	900
87	900
87	900
87	900
87	900
87	900
87	900
88	900
88	900
88	900
88	900
88	900
88	900
88	900
88	900
89	900
89	900
89	900
89	900
89	900
89	900
89	900
89	900
90	900
90	900
90	900
90	900
90	900
90	900
90	900
90	900
91	900
91	900
91	900
91	900
91	900
91	900
91	900
91	900
92	900
92	900
92	900
92	900
92	900
92	900
92	900
92	900
93	900
93	900
93	900
93	900
93	900
93	900
93	900
93	900
94	900
94	900
94	900
94	900
94	900
94	900
94	900
94	900
95	900
95	900
95	900
95	900
95	900
95	900
95	900
95	900
96	900
96	900
96	900
96	900
96	900
96	900
96	900
96	900
97	900
97	900
97	900
97	900
97	900
97	900
97	900
97	900
98	900
98	900
98	900
98	900
98	900
98	900
98	900
98	900
99	900
99	900
99	900
99	900
99	900
99	900
99	900
99	900
100	900
100	900
100	900
100	900
100	900
100	900
100	900
100	900
101	900
101	900
101	900
101	900
101	900
101	900
101	900
101	900
102	900
102	900
102	900
102	900
102	900
102	900
102	900
102	900
103	900
103	900
103	900
103	900
103	900
103	900
103	900
103	900
104	900
104	900
104	900
104	900
104	900
104	900
104	900
104	900
105	900
105	900
105	900
105	900
105	900
105	900
105	900
105	900
106	900
106	900
106	900
106	900
106	900
106	900
106	900
106	900
107	900
107	900
107	900
107	900
107	900
107	900
107	900
107	900
108	900
108	900
108	900
108	900
108	900
108	900
108	900
108	900
109	900
109	900
109	900
109	900
109	900
109	900
109	900
109	900
110	900
110	900
110	900
110	900
110	900
110	900
110	900
110	900
111	900
111	900
111	900
111	900
111	900
111	900
111	900
111	900
112	900
112	900
112	900
112	900
112	900
112	900
112	900
112	900
113	900
113	900
113	900
113	900
113	900
113	900
113	900
113	900
114	900
114	900
114	900
114	900
114	900
114	900
114	900
114	900
115	900
115	900
115	900
115	900
115	900
115	900
115	900
115	900
116	900
116	900
116	900
116	900
116	900
116	900
116	900
116	900
117	900
117	900
117	900
117	900
117	900
117	900
117	900
117	900
118	900
118	900
118	900
118	900
118	900
118	900
118	900
118	900
119	900
119	900
119	900
119	900
119	900
119	900
119	900
119	900
120	900
120	900
120	900
120	900
120	900
120	900
120	900
120	900
121	900
121	900
121	900
121	900
121	900
121	900
121	900
121	900
122	900
122	900
122	900
122	900
122	900
122	900
122	900
122	900
123	900
123	900
123	900
123	900
123	900
123	900
123	900
123	900
124	900
124	900
124	900
124	900
124	900
124	900
124	900
124	900
125	900
125	900
125	900
125	900
125	900
125	900
125	900
125	900
126	900
126	900
126	900
126	900
126	900
126	900
126	900
126	900
127	900
127	900
127	900
127	900
127	900
127	900
127	900
127	900
128	900
128	900
128	900
128	900
128	900
128	900
128	900
128	900
129	900
129	900
129	900
129	900
129	900
129	900
129	900
129	900
130	900
130	900
130	900
130	900
130	900
130	900
130	900
130	900
131	900
131	900
131	900
131	900
131	900
131	900
131	900
131	900
132	900
132	900
132	900
132	900
132	900
132	900
132	900
132	900
133	900
133	900
133	900
133	900
133	900
133	900
133	900
133	900
134	900
134	900
134	900
134	900
134	900
134	900
134	900
134	900
135	900
135	900
135	900
135	900
135	900
135	900
135	900
135	900
136	900
136	900
136	900
136	900
136	900
136	900
136	900
136	900
137	900
137	900
137	900
137	900
137	900
137	900
137	900
137	900
138	900
138	900
138	900
138	900
138	900
138	900
138	900
138	900
139	900
139	900
139	900
139	900
139	900
139	900
139	900
139	900
140	900
140	900
140	900
140	900
140	900
140	900
140	900
140	900
141	900
141	900
141	900
141	900
141	900
141	900
141	900
141	900
142	900
142	900
142	900
142	900
142	900
142	900
142	900
142	900
143	900
143	900
143	900
143	900
143	900
143	900
143	900
143	900
144	900
144	900
144	900
144	900
144	900
144	900
144	900
144	900
145	900
145	900
145	900
145	900
145	900
145	900
145	900
145	900
146	900
146	900
146	900
146	900
146	900
146	900
146	900
146	900
147	900
147	900
147	900
147	900
147	900
147	900
147	900
147	900
148	900
148	900
148	900
148	900
148	900
148	900
148	900
148	900
149	900
149	900
149	900
149	900
149	900
149	900
149	900
149	900
150	900
150	900
150	900
150	900
150	900
150	900
150	900
150	900
151	900
151	900
151	900
151	900
151	900
151	900
151	900
151	900
152	900
152	900
152	900
152	900
152	900
152	900
152	900
152	900
153	900
153	900
153	900
153	900
153	900
153	900
153	900
153	900
154	900
154	900
154	900
154	900
154	900
154	900
154	900
154	900
155	900
155	900
155	900
155	900
155	900
155	900
155	900
155	900
156	900
156	900
156	900
156	900
156	900
156	900
156	900
156	900
157	900
157	900
157	900
157	900
157	900
157	900
157	900
157	900
158	900
158	900
158	900
158	900
158	900
158	900
158	900
158	900
159	900
159	900
159	900
159	900
159	900
159	900
159	900
159	900
160	900
160	900
160	900
160	900
160	900
160	900
160	900
160	900
161	900
161	900
161	900
161	900
161	900
161	900
161	900
161	900
162	900
162	900
162	900
162	900
162	900
162	900
162	900
162	900
163	900
163	900
163	900
163	900
163	900
163	900
163	900
163	900
164	900
164	900
164	900
164	900
164	900
164	900
164	900
164	900
165	900
165	900
165	900
165	900
165	900
165	900
165	900
165	900
166	900
166	900
166	900
166	900
166	900
166	900
166	900
166	900
167	900
167	900
167	900
167	900
167	900
167	900
167	900
167	900
168	900
168	900
168	900
168	900
168	900
168	900
168	900
168	900
169	900
169	900
169	900
169	900
169	900
169	900
169	900
169	900
170	900
170	900
170	900
170	900
170	900
170	900
170	900
170	900
171	900
171	900
171	900
171	900
171	900
171	900
171	900
171	900
172	900
172	900
172	900
172	900
172	900
172	900
172	900
172	900
173	900
173	900
173	900
173	900
173	900
173	900
173	900
173	900
174	900
174	900
174	900
174	900
174	900
174	900
174	900
174	900
175	900
175	900
175	900
175	900
175	900
175	900
175	900
175	900
176	900
176	900
176	900
176	900
176	900
176	900
176	900
176	900
177	900
177	900
177	900
177	900
177	900
177	900
177	900
177	900
178	900
178	900
178	900
178	900
178	900
178	900
178	900
178	900
179	900
179	900
179	900
179	900
179	900
179	900
179	900
179	900
180	900
180	900
180	900
180	900
180	900
180	900
180	900
180	900
181	900
181	900
181	900
181	900
181	900
181	900
181	900
181	900
182	900
182	900
182	900
182	900
182	900
182	900
182	900
182	900
183	900
183	900
183	900
183	900
183	900
183	900
183	900
183	900
184	900
184	900
184	900
184	900
184	900
184	900
184	900
184	900
185	900
185	900
185	900
185	900
185	900
185	900
185	900
185	900
186	900
186	900
186	900
186	900
186	900
186	900
186	900
186	900
187	900
187	900
187	900
187	900
187	900
187	900
187	900
187	900
188	900
188	900
188	900
188	900
188	900
188	900
188	900
188	900
189	900
189	900
189	900
189	900
189	900
189	900
189	900
189	900
190	900
190	900
190	900
190	900
190	900
190	900
190	900
190	900
191	900
191	900
191	900
191	900
191	900
191	900
191	900
191	900
192	900
192	900
192	900
192	900
192	900
192	900
192	900
192	900
193	900
193	900
193	900
193	900
193	900
193	900
193	900
193	900
194	900
194	900
194	900
194	900
194	900
194	900
194	900
194	900
195	900
195	900
195	900
195	900
195	900
195	900
195	900
195	900
196	900
196	900
196	900
196	900
196	900
196	900
196	900
196	900
197	900
197	900
197	900
197	900
197	900
197	900
197	900
197	900
198	900
198	900
198	900
198	900
198	900
198	900
198	900
198	900
199	900
199	900
199	900
199	900
199	900
199	900
199	900
199	900
200	900
200	900
200	900
200	900
200	900
200	900
200	900
200	900
201	900
201	900
201	900
201	900
201	900
201	900
201	900
201	900
202	900
202	900
202	900
202	900
202	900
202	900
202	900
202	900
203	900
203	900
203	900
203	900
203	900
203	900
203	900
203	900
204	900
204	900
204	900
204	900
204	900
204	900
204	900
204	900
205	900
205	900
205	900
205	900
205	900
205	900
205	900
205	900
206	900
206	900
206	900
206	900
206	900
206	900
206	900
206	900
207	900
207	900
207	900
207	900
207	900
207	900
207	900
207	900
208	900
208	900
208	900
208	900
208	900
208	900
208	900
208	900
209	900
209	900
209	900
209	900
209	900
209	900
209	900
209	900
210	900
210	900
210	900
210	900
210	900
210	900
210	900
210	900
211	900
211	900
211	900
211	900
211	900
211	900
211	900
211	900
212	900
212	900
212	900
212	900
212	900
212	900
212	900
212	900
213	900
213	900
213	900
213	900
213	900
213	900
213	900
213	900
214	900
214	900
214	900
214	900
214	900
214	900
214	900
214	900
215	900
215	900
215	900
215	900
215	900
215	900
215	900
215	900
216	900
216	900
216	900
216	900
216	900
216	900
216	900
216	900
217	900
217	900
217	900
217	900
217	900
217	900
217	900
217	900
218	900
218	900
218	900
218	900
218	900
218	900
218	900
218	900
219	900
219	900
219	900
219	900
219	900
219	900
219	900
219	900
220	900
220	900
220	900
220	900
220	900
220	900
220	900
220	900
221	900
221	900
221	900
221	900
221	900
221	900
221	900
221	900
222	900
222	900
222	900
222	900
222	900
222	900
222	900
222	900
223	900
223	900
223	900
223	900
223	900
223	900
223	900
223	900
224	900
224	900
224	900
224	900
224	900
224	900
224	900
224	900
225	900
225	900
225	900
225	900
225	900
225	900
225	900
225	900
226	900
226	900
226	900
226	900
226	900
226	900
226	900
226	900
227	900
227	900
227	900
227	900
227	900
227	900
227	900
227	900
228	900
228	900
228	900
228	900
228	900
228	900
228	900
228	900
229	900
229	900
229	900
229	900
229	900
229	900
229	900
229	900
230	900
230	900
230	900
230	900
230	900
230	900
230	900
230	900
231	900
231	900
231	900
231	900
231	900
231	900
231	900
231	900
232	900
232	900
232	900
232	900
232	900
232	900
232	900
232	900
233	900
233	900
233	900
233	900
233	900
233	900
233	900
233	900
234	900
234	900
234	900
234	900
234	900
234	900
234	900
234	900
235	900
235	900
235	900
235	900
235	900
235	900
235	900
235	900
236	900
236	900
236	900
236	900
236	900
236	900
236	900
236	900
237	900
237	900
237	900
237	900
237	900
237	900
237	900
237	900
238	900
238	900
238	900
238	900
238	900
238	900
238	900
238	900
239	900
239	900
239	900
239	900
239	900
239	900
239	900
239	900
240	900
240	900
240	900
240	900
240	900
240	900
240	900
240	900
241	900
241	900
241	900
241	900
241	900
241	900
241	900
241	900
242	900
242	900
242	900
242	900
242	900
242	900
242	900
242	900
243	900
243	900
243	900
243	900
243	900
243	900
243	900
243	900
244	900
244	900
244	900
244	900
244	900
244	900
244	900
244	900
245	900
245	900
245	900
245	900
245	900
245	900
245	900
245	900
246	900
246	900
246	900
246	900
246	900
246	900
246	900
246	900
247	900
247	900
247	900
247	900
247	900
247	900
247	900
247	900
248	900
248	900
248	900
248	900
248	900
248	900
248	900
248	900
249	900
249	900
249	900
249	900
249	900
249	900
249	900
249	900
250	900
250	900
250	900
250	900
250	900
250	900
250	900
250	900
251	900
251	900
251	900
251	900
251	900
251	900
251	900
251	900
252	900
252	900
252	900
252	900
252	900
252	900
252	900
252	900
253	900
253	900
253	900
253	900
253	900
253	900
253	900
253	900
254	900
254	900
254	900
254	900
254	900
254	900
254	900
254	900
255	900
255	900
255	900
255	900
255	900
255	900
255	900
255	900
256	900
256	900
256	900
256	900
256	900
256	900
256	900
256	900
257	900
257	900
257	900
257	900
257	900
257	900
257	900
257	900
258	900
258	900
258	900
258	900
258	900
258	900
258	900
258	900
259	900
259	900
259	900
259	900
259	900
259	900
259	900
259	900
260	900
260	900
260	900
260	900
260	900
260	900
260	900
260	900
261	900
261	900
261	900
261	900
261	900
261	900
261	900
261	900
262	900
262	900
262	900
262	900
262	900
262	900
262	900
262	900
263	900
263	900
263	900
263	900
263	900
263	900
263	900
263	900
264	900
264	900
264	900
264	900
264	900
264	900
264	900
264	900
265	900
265	900
265	900
265	900
265	900
265	900
265	900
265	900
266	900
266	900
266	900
266	900
266	900
266	900
266	900
266	900
267	900
267	900
267	900
267	900
267	900
267	900
267	900
267	900
268	900
268	900
268	900
268	900
268	900
268	900
268	900
268	900
269	900
269	900
269	900
269	900
269	900
269	900
269	900
269	900
270	900
270	900
270	900
270	900
270	900
270	900
270	900
270	900
271	900
271	900
271	900
271	900
271	900
271	900
271	900
271	900
272	900
272	900
272	900
272	900
272	900
272	900
272	900
272	900
273	900
273	900
273	900
273	900
273	900
273	900
273	900
273	900
274	900
274	900
274	900
274	900
274	900
274	900
274	900
274	900
275	900
275	900
275	900
275	900
275	900
275	900
275	900
275	900
276	900
276	900
276	900
276	900
276	900
276	900
276	900
276	900
277	900
277	900
277	900
277	900
277	900
277	900
277	900
277	900
278	900
278	900
278	900
278	900
278	900
278	900
278	900
278	900
279	900
279	900
279	900
279	900
279	900
279	900
279	900
279	900
280	900
280	900
280	900
280	900
280	900
280	900
280	900
280	900
281	900
281	900
281	900
281	900
281	900
281	900
281	900
281	900
282	900
282	900
282	900
282	900
282	900
282	900
282	900
282	900
283	900
283	900
283	900
283	900
283	900
283	900
283	900
283	900
284	900
284	900
284	900
284	900
284	900
284	900
284	900
284	900
285	900
285	900
285	900
285	900
285	900
285	900
285	900
285	900
286	900
286	900
286	900
286	900
286	900
286	900
286	900
286	900
287	900
287	900
287	900
287	900
287	900
287	900
287	900
287	900
288	900
288	900
288	900
288	900
288	900
288	900
288	900
288	900
289	900
289	900
289	900
289	900
289	900
289	900
289	900
289	900
290	900
290	900
290	900
290	900
290	900
290	900
290	900
290	900
291	900
291	900
291	900
291	900
291	900
291	900
291	900
291	900
292	900
292	900
292	900
292	900
292	900
292	900
292	900
292	900
293	900
293	900
293	900
293	900
293	900
293	900
293	900
293	900
294	900
294	900
294	900
294	900
294	900
294	900
294	900
294	900
295	900
295	900
295	900
295	900
295	900
295	900
295	900
295	900
296	900
296	900
296	900
296	900
296	900
296	900
296	900
296	900
297	900
297	900
297	900
297	900
297	900
297	900
297	900
297	900
298	900
298	900
298	900
298	900
298	900
298	900
298	900
298	900
299	900
299	900
299	900
299	900
299	900
299	900
299	900
299	900
300	900
300	900
300	900
300	900
300	900
300	900
300	900
300	900
301	900
301	900
301	900
301	900
301	900
301	900
301	900
301	900
302	900
302	900
302	900
302	900
302	900
302	900
302	900
302	900
303	900
303	900
303	900
303	900
303	900
303	900
303	900
303	900
304	900
304	900
304	900
304	900
304	900
304	900
304	900
304	900
305	900
305	900
305	900
305	900
305	900
305	900
305	900
305	900
306	900
306	900
306	900
306	900
306	900
306	900
306	900
306	900
307	900
307	900
307	900
307	900
307	900
307	900
307	900
307	900
308	900
308	900
308	900
308	900
308	900
308	900
308	900
308	900
309	900
309	900
309	900
309	900
309	900
309	900
309	900
309	900
310	900
310	900
310	900
310	900
310	900
310	900
310	900
310	900
311	900
311	900
311	900
311	900
311	900
311	900
311	900
311	900
312	900
312	900
312	900
312	900
312	900
312	900
312	900
312	900
313	900
313	900
313	900
313	900
313	900
313	900
313	900
313	900
314	900
314	900
314	900
314	900
314	900
314	900
314	900
314	900
315	900
315	900
315	900
315	900
315	900
315	900
315	900
315	900
316	900
316	900
316	900
316	900
316	900
316	900
316	900
316	900
317	900
317	900
317	900
317	900
317	900
317	900
317	900
317	900
318	900
318	900
318	900
318	900
318	900
318	900
318	900
318	900
319	900
319	900
319	900
319	900
319	900
319	900
319	900
319	900
320	900
320	900
320	900
320	900
320	900
320	900
320	900
320	900
321	900
321	900
321	900
321	900
321	900
321	900
321	900
321	900
322	900
322	900
322	900
322	900
322	900
322	900
322	900
322	900
323	900
323	900
323	900
323	900
323	900
323	900
323	900
323	900
324	900
324	900
324	900
324	900
324	900
324	900
324	900
324	900
325	900
325	900
325	900
325	900
325	900
325	900
325	900
325	900
326	900
326	900
326	900
326	900
326	900
326	900
326	900
326	900
327	900
327	900
327	900
327	900
327	900
327	900
327	900
327	900
328	900
328	900
328	900
328	900
328	900
328	900
328	900
328	900
329	900
329	900
329	900
329	900
329	900
329	900
329	900
329	900
330	900
330	900
330	900
330	900
330	900
330	900
330	900
330	900
331	900
331	900
331	900
331	900
331	900
331	900
331	900
331	900
332	900
332	900
332	900
332	900
332	900
332	900
332	900
332	900
333	900
333	900
333	900
333	900
333	900
333	900
333	900
333	900
334	900
334	900
334	900
334	900
334	900
334	900
334	900
334	900
335	900
335	900
335	900
335	900
335	900
335	900
335	900
335	900
336	900
336	900
336	900
336	900
336	900
336	900
336	900
336	900
337	900
337	900
337	900
337	900
337	900
337	900
337	900
337	900
338	900
338	900
338	900
338	900
338	900
338	900
338	900
338	900
339	900
339	900
339	900
339	900
339	900
339	900
339	900
339	900
340	900
340	900
340	900
340	900
340	900
340	900
340	900
340	900
341	900
341	900
341	900
341	900
341	900
341	900
341	900
341	900
342	900
342	900
342	900
342	900
342	900
342	900
342	900
342	900
343	900
343	900
343	900
343	900
343	900
343	900
343	900
343	900
344	900
344	900
344	900
344	900
344	900
344	900
344	900
344	900
345	900
345	900
345	900
345	900
345	900
345	900
345	900
345	900
346	900
346	900
346	900
346	900
346	900
346	900
346	900
346	900
347	900
347	900
347	900
347	900
347	900
347	900
347	900
347	900
348	900
348	900
348	900
348	900
348	900
348	900
348	900
348	900
349	900
349	900
349	900
349	900
349	900
349	900
349	900
349	900
350	900
350	900
350	900
350	900
350	900
350	900
350	900
350	900
351	900
351	900
351	900
351	900
351	900
351	900
351	900
351	900
352	900
352	900
352	900
352	900
352	900
352	900
352	900
352	900
353	900
353	900
353	900
353	900
353	900
353	900
353	900
353	900
354	900
354	900
354	900
354	900
354	900
354	900
354	900
354	900
355	900
355	900
355	900
355	900
355	900
355	900
355	900
355	900
356	900
356	900
356	900
356	900
356	900
356	900
356	900
356	900
357	900
357	900
357	900
357	900
357	900
357	900
357	900
357	900
358	900
358	900
358	900
358	900
358	900
358	900
358	900
358	900
359	900
359	900
359	900
359	900
359	900
359	900
359	900
359	900
360	900
360	900
360	900
360	900
360	900
360	900
360	900
360	900
361	900
361	900
361	900
361	900
361	900
361	900
361	900
361	900
362	900
362	900
362	900
362	900
362	900
362	900
362	900
362	900
363	900
363	900
363	900
363	900
363	900
363	900
363	900
363	900
364	900
364	900
364	900
364	900
364	900
364	900
364	900
364	900
365	900
365	900
365	900
365	900
365	900
365	900
365	900
365	900
366	900
366	900
366	900
366	900
366	900
366	900
366	900
366	900
367	900
367	900
367	900
367	900
367	900
367	900
367	900
367	900
368	900
368	900
368	900
368	900
368	900
368	900
368	900
368	900
369	900
369	900
369	900
369	900
369	900
369	900
369	900
369	900
370	900
370	900
370	900
370	900
370	900
370	900
370	900
370	900
371	900
371	900
371	900
371	900
371	900
371	900
371	900
371	900
372	900
372	900
372	900
372	900
372	900
372	900
372	900
372	900
373	900
373	900
373	900
373	900
373	900
373	900
373	900
373	900
374	900
374	900
374	900
374	900
374	900
374	900
374	900
374	900
375	900
375	900
375	900
375	900
375	900
375	900
375	900
375	900
376	900
376	900
376	900
376	900
376	900
376	900
376	900
376	900
377	900
377	900
377	900
377	900
377	900
377	900
377	900
377	900
378	900
378	900
378	900
378	900
378	900
378	900
378	900
378	900
379	900
379	900
379	900
379	900
379	900
379	900
379	900
379	900
380	900
380	900
380	900
380	900
380	900
380	900
380	900
380	900
381	900
381	900
381	900
381	900
381	900
381	900
381	900
381	900
382	900
382	900
382	900
382	900
382	900
382	900
382	900
382	900
383	900
383	900
383	900
383	900
383	900
383	900
383	900
383	900
384	900
384	900
384	900
384	900
384	900
384	900
384	900
384	900
385	900
385	900
385	900
385	900
385	900
385	900
385	900
385	900
386	900
386	900
386	900
386	900
386	900
386	900
386	900
386	900
387	900
387	900
387	900
387	900
387	900
387	900
387	900
387	900
388	900
388	900
388	900
388	900
388	900
388	900
388	900
388	900
389	900
389	900
389	900
389	900
389	900
389	900
389	900
389	900
390	900
390	900
390	900
390	900
390	900
390	900
390	900
390	900
391	900
391	900
391	900
391	900
391	900
391	900
391	900
391	900
392	900
392	900
392	900
392	900
392	900
392	900
392	900
392	900
393	900
393	900
393	900
393	900
393	900
393	900
393	900
393	900
394	900
394	900
394	900
394	900
394	900
394	900
394	900
394	900
395	900
395	900
395	900
395	900
395	900
395	900
395	900
395	900
396	900
396	900
396	900
396	900
396	900
396	900
396	900
396	900
397	900
397	900
397	900
397	900
397	900
397	900
397	900
397	900
398	900
398	900
398	900
398	900
398	900
398	900
398	900
398	900
399	900
399	900
399	900
399	900
399	900
399	900
399	900
399	900
400	900
400	900
400	900
400	900
400	900
400	900
400	900
400	900
401	900
401	900
401	900
401	900
401	900
401	900
401	900
401	900
402	900
402	900
402	900
402	900
402	900
402	900
402	900
402	900
403	900
403	900
403	900
403	900
403	900
403	900
403	900
403	900
404	900
404	900
404	900
404	900
404	900
404	900
404	900
404	900
405	900
405	900
405	900
405	900
405	900
405	900
405	900
405	900
406	900
406	900
406	900
406	900
406	900
406	900
406	900
406	900
407	900
407	900
407	900
407	900
407	900
407	900
407	900
407	900
408	900
408	900
408	900
408	900
408	900
408	900
408	900
408	900
409	900
409	900
409	900
409	900
409	900
409	900
409	900
409	900
410	900
410	900
410	900
410	900
410	900
410	900
410	900
410	900
411	900
411	900
411	900
411	900
411	900
411	900
411	900
411	900
412	900
412	900
412	900
412	900
412	900
412	900
412	900
412	900
413	900
413	900
413	900
413	900
413	900
413	900
413	900
413	900
414	900
414	900
414	900
414	900
414	900
414	900
414	900
414	900
415	900
415	900
415	900
415	900
415	900
415	900
415	900
415	900
416	900
416	900
416	900
416	900
416	900
416	900
416	900
416	900
417	900
417	900
417	900
417	900
417	900
417	900
417	900
417	900
418	900
418	900
418	900
418	900
418	900
418	900
418	900
418	900
419	900
419	900
419	900
419	900
419	900
419	900
419	900
419	900
420	900
420	900
420	900
420	900
420	900
420	900
420	900
420	900
421	900
421	900
421	900
421	900
421	900
421	900
421	900
421	900
422	900
422	900
422	900
422	900
422	900
422	900
422	900
422	900
423	900
423	900
423	900
423	900
423	900
423	900
423	900
423	900
424	900
424	900
424	900
424	900
424	900
424	900
424	900
424	900
425	900
425	900
425	900
425	900
425	900
425	900
425	900
425	900
426	900
426	900
426	900
426	900
426	900
426	900
426	900
426	900
427	900
427	900
427	900
427	900
427	900
427	900
427	900
427	900
428	900
428	900
428	900
428	900
428	900
428	900
428	900
428	900
429	900
429	900
429	900
429	900
429	900
429	900
429	900
429	900
430	900
430	900
430	900
430	900
430	900
430	900
430	900
430	900
431	900
431	900
431	900
431	900
431	900
431	900
431	900
431	900
432	900
432	900
432	900
432	900
432	900
432	900
432	900
432	900
433	900
433	900
433	900
433	900
433	900
433	900
433	900
433	900
434	900
434	900
434	900
434	900
434	900
434	900
434	900
434	900
435	900
435	900
435	900
435	900
435	900
435	900
435	900
435	900
436	900
436	900
436	900
436	900
436	900
436	900
436	900
436	900
437	900
437	900
437	900
437	900
437	900
437	900
437	900
437	900
438	900
438	900
438	900
438	900
438	900
438	900
438	900
438	900
439	900
439	900
439	900
439	900
439	900
439	900
439	900
439	900
440	900
440	900
440	900
440	900
440	900
440	900
440	900
440	900
441	900
441	900
441	900
441	900
441	900
441	900
441	900
441	900
442	900
442	900
442	900
442	900
442	900
442	900
442	900
442	900
443	900
443	900
443	900
443	900
443	900
443	900
443	900
443	900
444	900
444	900
444	900
444	900
444	900
444	900
444	900
444	900
445	900
445	900
445	900
445	900
445	900
445	900
445	900
445	900
446	900
446	900
446	900
446	900
446	900
446	900
446	900
446	900
447	900
447	900
447	900
447	900
447	900
447	900
447	900
447	900
448	900
448	900
448	900
448	900
448	900
448	900
448	900
448	900
449	900
449	900
449	900
449	900
449	900
449	900
449	900
449	900
450	900
450	900
450	900
450	900
450	900
450	900
450	900
450	900
451	900
451	900
451	900
451	900
451	900
451	900
451	900
451	900
452	900
452	900
452	900
452	900
452	900
452	900
452	900
452	900
453	900
453	900
453	900
453	900
453	900
453	900
453	900
453	900
454	900
454	900
454	900
454	900
454	900
454	900
454	900
454	900
455	900
455	900
455	900
455	900
455	900
455	900
455	900
455	900
456	900
456	900
456	900
456	900
456	900
456	900
456	900
456	900
457	900
457	900
457	900
457	900
457	900
457	900
457	900
457	900
458	900
458	900
458	900
458	900
458	900
458	900
458	900
458	900
459	900
459	900
459	900
459	900
459	900
459	900
459	900
459	900
460	900
460	900
460	900
460	900
460	900
460	900
460	900
460	900
461	900
461	900
461	900
461	900
461	900
461	900
461	900
461	900
462	900
462	900
462	900
462	900
462	900
462	900
462	900
462	900
463	900
463	900
463	900
463	900
463	900
463	900
463	900
463	900
464	900
464	900
464	900
464	900
464	900
464	900
464	900
464	900
465	900
465	900
465	900
465	900
465	900
465	900
465	900
465	900
466	900
466	900
466	900
466	900
466	900
466	900
466	900
466	900
467	900
467	900
467	900
467	900
467	900
467	900
467	900
467	900
468	900
468	900
468	900
468	900
468	900
468	900
468	900
468	900
469	900
469	900
469	900
469	900
469	900
469	900
469	900
469	900
470	900
470	900
470	900
470	900
470	900
470	900
470	900
470	900
471	900
471	900
471	900
471	900
471	900
471	900
471	900
471	900
472	900
472	900
472	900
472	900
472	900
472	900
472	900
472	900
473	900
473	900
473	900
473	900
473	900
473	900
473	900
473	900
474	900
474	900
474	900
474	900
474	900
474	900
474	900
474	900
475	900
475	900
475	900
475	900
475	900
475	900
475	900
475	900
476	900
476	900
476	900
476	900
476	900
476	900
476	900
476	900
477	900
477	900
477	900
477	900
477	900
477	900
477	900
477	900
478	900
478	900
478	900
478	900
478	900
478	900
478	900
478	900
479	900
479	900
479	900
479	900
479	900
479	900
479	900
479	900
480	900
480	900
480	900
480	900
480	900
480	900
480	900
480	900
481	900
481	900
481	900
481	900
481	900
481	900
481	900
481	900
482	900
482	900
482	900
482	900
482	900
482	900
482	900
482	900
483	900
483	900
483	900
483	900
483	900
483	900
483	900
483	900
484	900
484	900
484	900
484	900
484	900
484	900
484	900
484	900
485	900
485	900
485	900
485	900
485	900
485	900
485	900
485	900
486	900
486	900
486	900
486	900
486	900
486	900
486	900
486	900
487	900
487	900
487	900
487	900
487	900
487	900
487	900
487	900
488	900
488	900
488	900
488	900
488	900
488	900
488	900
488	900
489	900
489	900
489	900
489	900
489	900
489	900
489	900
489	900
490	900
490	900
490	900
490	900
490	900
490	900
490	900
490	900
491	900
491	900
491	900
491	900
491	900
491	900
491	900
491	900
492	900
492	900
492	900
492	900
492	900
492	900
492	900
492	900
493	900
493	900
493	900
493	900
493	900
493	900
493	900
493	900
494	900
494	900
494	900
494	900
494	900
494	900
494	900
494	900
495	900
495	900
495	900
495	900
495	900
495	900
495	900
495	900
496	900
496	900
496	900
496	900
496	900
496	900
496	900
496	900
497	900
497	900
497	900
497	900
497	900
497	900
497	900
497	900
498	900
498	900
498	900
498	900
498	900
498	900
498	900
498	900
499	900
499	900
499	900
499	900
499	900
499	900
499	900
499	900
500	900
500	900
500	900
500	900
500	900
500	900
500	900
500	900
501	900
501	900
501	900
501	900
501	900
501	900
501	900
501	900
502	900
502	900
502	900
502	900
502	900
502	900
502	900
502	900
503	900
503	900
503	900
503	900
503	900
503	900
503	900
503	900
504	900
504	900
504	900
504	900
504	900
504	900
504	900
504	900
505	900
505	900
505	900
505	900
505	900
505	900
505	900
505	900
506	900
506	900
506	900
506	900
506	900
506	900
506	900
506	900
507	900
507	900
507	900
507	900
507	900
507	900
507	900
507	900
508	900
508	900
508	900
508	900
508	900
508	900
508	900
508	900
509	900
509	900
509	900
509	900
509	900
509	900
509	900
509	900
510	900
510	900
510	900
510	900
510	900
510	900
510	900
510	900
511	900
511	900
511	900
511	900
511	900
511	900
511	900
511	900
512	900
512	900
512	900
512	900
512	900
512	900
512	900
512	900
513	900
513	900
513	900
513	900
513	900
513	900
513	900
513	900
514	900
514	900
514	900
514	900
514	900
514	900
514	900
514	900
515	900
515	900
515	900
515	900
515	900
515	900
515	900
515	900
516	900
516	900
516	900
516	900
516	900
516	900
516	900
516	900
517	900
517	900
517	900
517	900
517	900
517	900
517	900
517	900
518	900
518	900
518	900
518	900
518	900
518	900
518	900
518	900
519	900
519	900
519	900
519	900
519	900
519	900
519	900
519	900
520	900
520	900
520	900
520	900
520	900
520	900
520	900
520	900
521	900
521	900
521	900
521	900
521	900
521	900
521	900
521	900
522	900
522	900
522	900
522	900
522	900
522	900
522	900
522	900
523	900
523	900
523	900
523	900
523	900
523	900
523	900
523	900
524	900
524	900
524	900
524	900
524	900
524	900
524	900
524	900
525	900
525	900
525	900
525	900
525	900
525	900
525	900
525	900
526	900
526	900
526	900
526	900
526	900
526	900
526	900
526	900
527	900
527	900
527	900
527	900
527	900
527	900
527	900
527	900
528	900
528	900
528	900
528	900
528	900
528	900
528	900
528	900
529	900
529	900
529	900
529	900
529	900
529	900
529	900
529	900
530	900
530	900
530	900
530	900
530	900
530	900
530	900
530	900
531	900
531	900
531	900
531	900
531	900
531	900
531	900
531	900
532	900
532	900
532	900
532	900
532	900
532	900
532	900
532	900
533	900
533	900
533	900
533	900
533	900
533	900
533	900
533	900
534	900
534	900
534	900
534	900
534	900
534	900
534	900
534	900
535	900
535	900
535	900
535	900
535	900
535	900
535	900
535	900
536	900
536	900
536	900
536	900
536	900
536	900
536	900
536	900
537	900
537	900
537	900
537	900
537	900
537	900
537	900
537	900
538	900
538	900
538	900
538	900
538	900
538	900
538	900
538	900
539	900
539	900
539	900
539	900
539	900
539	900
539	900
539	900
540	900
540	900
540	900
540	900
540	900
540	900
540	900
540	900
541	900
541	900
541	900
541	900
541	900
541	900
541	900
541	900
542	900
542	900
542	900
542	900
542	900
542	900
542	900
542	900
543	900
543	900
543	900
543	900
543	900
543	900
543	900
543	900
544	900
544	900
544	900
544	900
544	900
544	900
544	900
544	900
545	900
545	900
545	900
545	900
545	900
545	900
545	900
545	900
546	900
546	900
546	900
546	900
546	900
546	900
546	900
546	900
547	900
547	900
547	900
547	900
547	900
547	900
547	900
547	900
548	900
548	900
548	900
548	900
548	900
548	900
548	900
548	900
549	900
549	900
549	900
549	900
549	900
549	900
549	900
549	900
550	900
550	900
550	900
550	900
550	900
550	900
550	900
550	900
551	900
551	900
551	900
551	900
551	900
551	900
551	900
551	900
552	900
552	900
552	900
552	900
552	900
552	900
552	900
552	900
553	900
553	900
553	900
553	900
553	900
553	900
553	900
553	900
554	900
554	900
554	900
554	900
554	900
554	900
554	900
554	900
555	900
555	900
555	900
555	900
555	900
555	900
555	900
555	900
556	900
556	900
556	900
556	900
556	900
556	900
556	900
556	900
557	900
557	900
557	900
557	900
557	900
557	900
557	900
557	900
558	900
558	900
558	900
558	900
558	900
558	900
558	900
558	900
559	900
559	900
559	900
559	900
559	900
559	900
559	900
559	900
560	900
560	900
560	900
560	900
560	900
560	900
560	900
560	900
561	900
561	900
561	900
561	900
561	900
561	900
561	900
561	900
562	900
562	900
562	900
562	900
562	900
562	900
562	900
562	900
563	900
563	900
563	900
563	900
563	900
563	900
563	900
563	900
564	900
564	900
564	900
564	900
564	900
564	900
564	900
564	900
565	900
565	900
565	900
565	900
565	900
565	900
565	900
565	900
566	900
566	900
566	900
566	900
566	900
566	900
566	900
566	900
567	900
567	900
567	900
567	900
567	900
567	900
567	900
567	900
568	900
568	900
568	900
568	900
568	900
568	900
568	900
568	900
569	900
569	900
569	900
569	900
569	900
569	900
569	900
569	900
570	900
570	900
570	900
570	900
570	900
570	900
570	900
570	900
571	900
571	900
571	900
571	900
571	900
571	900
571	900
571	900
572	900
572	900
572	900
572	900
572	900
572	900
572	900
572	900
573	900
573	900
573	900
573	900
573	900
573	900
573	900
573	900
574	900
574	900
574	900
574	900
574	900
574	900
574	900
574	900
575	900
575	900
575	900
575	900
575	900
575	900
575	900
575	900
576	900
576	900
576	900
576	900
576	900
576	900
576	900
576	900
577	900
577	900
577	900
577	900
577	900
577	900
577	900
577	900
578	900
578	900
578	900
578	900
578	900
578	900
578	900
578	900
579	900
579	900
579	900
579	900
579	900
579	900
579	900
579	900
580	900
580	900
580	900
580	900
580	900
580	900
580	900
580	900
581	900
581	900
581	900
581	900
581	900
581	900
581	900
581	900
582	900
582	900
582	900
582	900
582	900
582	900
582	900
582	900
583	900
583	900
583	900
583	900
583	900
583	900
583	900
583	900
584	900
584	900
584	900
584	900
584	900
584	900
584	900
584	900
585	900
585	900
585	900
585	900
585	900
585	900
585	900
585	900
586	900
586	900
586	900
586	900
586	900
586	900
586	900
586	900
587	900
587	900
587	900
587	900
587	900
587	900
587	900
587	900
588	900
588	900
588	900
588	900
588	900
588	900
588	900
588	900
589	900
589	900
589	900
589	900
589	900
589	900
589	900
589	900
590	900
590	900
590	900
590	900
590	900
590	900
590	900
590	900
591	900
591	900
591	900
591	900
591	900
591	900
591	900
591	900
592	900
592	900
592	900
592	900
592	900
592	900
592	900
592	900
593	900
593	900
593	900
593	900
593	900
593	900
593	900
593	900
594	900
594	900
594	900
594	900
594	900
594	900
594	900
594	900
595	900
595	900
595	900
595	900
595	900
595	900
595	900
595	900
596	900
596	900
596	900
596	900
596	900
596	900
596	900
596	900
597	900
597	900
597	900
597	900
597	900
597	900
597	900
597	900
598	900
598	900
598	900
598	900
598	900
598	900
598	900
598	900
599	900
599	900
599	900
599	900
599	900
599	900
599	900
599	900
600	900
600	900
600	900
600	900
600	900
600	900
600	900
600	900
601	900
601	900
601	900
601	900
601	900
601	900
601	900
601	900
602	900
602	900
602	900
602	900
602	900
602	900
602	900
602	900
603	900
603	900
603	900
603	900
603	900
603	900
603	900
603	900
604	900
604	900
604	900
604	900
604	900
604	900
604	900
604	900
605	900
605	900
605	900
605	900
605	900
605	900
605	900
605	900
606	900
606	900
606	900
606	900
606	900
606	900
606	900
606	900
607	900
607	900
607	900
607	900
607	900
607	900
607	900
607	900
608	900
608	900
608	900
608	900
608	900
608	900
608	900
608	900
609	900
609	900
609	900
609	900
609	900
609	900
609	900
609	900
610	900
610	900
610	900
610	900
610	900
610	900
610	900
610	900
611	900
611	900
611	900
611	900
611	900
611	900
611	900
611	900
612	900
612	900
612	900
612	900
612	900
612	900
612	900
612	900
613	900
613	900
613	900
613	900
613	900
613	900
613	900
613	900
614	900
614	900
614	900
614	900
614	900
614	900
614	900
614	900
615	900
615	900
615	900
615	900
615	900
615	900
615	900
615	900
616	900
616	900
616	900
616	900
616	900
616	900
616	900
616	900
617	900
617	900
617	900
617	900
617	900
617	900
617	900
617	900
618	900
618	900
618	900
618	900
618	900
618	900
618	900
618	900
619	900
619	900
619	900
619	900
619	900
619	900
619	900
619	900
620	900
620	900
620	900
620	900
620	900
620	900
620	900
620	900
621	900
621	900
621	900
621	900
621	900
621	900
621	900
621	900
622	900
622	900
622	900
622	900
622	900
622	900
622	900
622	900
623	900
623	900
623	900
623	900
623	900
623	900
623	900
623	900
624	900
624	900
624	900
624	900
624	900
624	900
624	900
624	900
625	900
625	900
625	900
625	900
625	900
625	900
625	900
625	900
626	900
626	900
626	900
626	900
626	900
626	900
626	900
626	900
627	900
627	900
627	900
627	900
627	900
627	900
627	900
627	900
628	900
628	900
628	900
628	900
628	900
628	900
628	900
628	900
629	900
629	900
629	900
629	900
629	900
629	900
629	900
629	900
630	900
630	900
630	900
630	900
630	900
630	900
630	900
630	900
631	900
631	900
631	900
631	900
631	900
631	900
631	900
631	900
632	900
632	900
632	900
632	900
632	900
632	900
632	900
632	900
633	900
633	900
633	900
633	900
633	900
633	900
633	900
633	900
634	900
634	900
634	900
634	900
634	900
634	900
634	900
634	900
635	900
635	900
635	900
635	900
635	900
635	900
635	900
635	900
636	900
636	900
636	900
636	900
636	900
636	900
636	900
636	900
637	900
637	900
637	900
637	900
637	900
637	900
637	900
637	900
638	900
638	900
638	900
638	900
638	900
638	900
638	900
638	900
639	900
639	900
639	900
639	900
639	900
639	900
639	900
639	900
640	900
640	900
640	900
640	900
640	900
640	900
640	900
640	900
641	900
641	900
641	900
641	900
641	900
641	900
641	900
641	900
642	900
642	900
642	900
642	900
642	900
642	900
642	900
642	900
643	900
643	900
643	900
643	900
643	900
643	900
643	900
643	900
644	900
644	900
644	900
644	900
644	900
644	900
644	900
644	900
645	900
645	900
645	900
645	900
645	900
645	900
645	900
645	900
646	900
646	900
646	900
646	900
646	900
646	900
646	900
646	900
647	900
647	900
647	900
647	900
647	900
647	900
647	900
647	900
648	900
648	900
648	900
648	900
648	900
648	900
648	900
648	900
649	900
649	900
649	900
649	900
649	900
649	900
649	900
649	900
650	900
650	900
650	900
650	900
650	900
650	900
650	900
650	900
651	900
651	900
651	900
651	900
651	900
651	900
651	900
651	900
652	900
652	900
652	900
652	900
652	900
652	900
652	900
652	900
653	900
653	900
653	900
653	900
653	900
653	900
653	900
653	900
654	900
654	900
654	900
654	900
654	900
654	900
654	900
654	900
655	900
655	900
655	900
655	900
655	900
655	900
655	900
655	900
656	900
656	900
656	900
656	900
656	900
656	900
656	900
656	900
657	900
657	900
657	900
657	900
657	900
657	900
657	900
657	900
658	900
658	900
658	900
658	900
658	900
658	900
658	900
658	900
659	900
659	900
659	900
659	900
659	900
659	900
659	900
659	900
660	900
660	900
660	900
660	900
660	900
660	900
660	900
660	900
661	900
661	900
661	900
661	900
661	900
661	900
661	900
661	900
662	900
662	900
662	900
662	900
662	900
662	900
662	900
662	900
663	900
663	900
663	900
663	900
663	900
663	900
663	900
663	900
664	900
664	900
664	900
664	900
664	900
664	900
664	900
664	900
665	900
665	900
665	900
665	900
665	900
665	900
665	900
665	900
666	900
666	900
666	900
666	900
666	900
666	900
666	900
666	900
667	900
667	900
667	900
667	900
667	900
667	900
667	900
667	900
668	900
668	900
668	900
668	900
668	900
668	900
668	900
668	900
669	900
669	900
669	900
669	900
669	900
669	900
669	900
669	900
670	900
670	900
670	900
670	900
670	900
670	900
670	900
670	900
671	900
671	900
671	900
671	900
671	900
671	900
671	900
671	900
672	900
672	900
672	900
672	900
672	900
672	900
672	900
672	900
673	900
673	900
673	900
673	900
673	900
673	900
673	900
673	900
674	900
674	900
674	900
674	900
674	900
674	900
674	900
674	900
675	900
675	900
675	900
675	900
675	900
675	900
675	900
675	900
676	900
676	900
676	900
676	900
676	900
676	900
676	900
676	900
677	900
677	900
677	900
677	900
677	900
677	900
677	900
677	900
678	900
678	900
678	900
678	900
678	900
678	900
678	900
678	900
679	900
679	900
679	900
679	900
679	900
679	900
679	900
679	900
680	900
680	900
680	900
680	900
680	900
680	900
680	900
680	900
681	900
681	900
681	900
681	900
681	900
681	900
681	900
681	900
682	900
682	900
682	900
682	900
682	900
682	900
682	900
682	900
683	900
683	900
683	900
683	900
683	900
683	900
683	900
683	900
684	900
684	900
684	900
684	900
684	900
684	900
684	900
684	900
685	900
685	900
685	900
685	900
685	900
685	900
685	900
685	900
686	900
686	900
686	900
686	900
686	900
686	900
686	900
686	900
687	900
687	900
687	900
687	900
687	900
687	900
687	900
687	900
688	900
688	900
688	900
688	900
688	900
688	900
688	900
688	900
689	900
689	900
689	900
689	900
689	900
689	900
689	900
689	900
690	900
690	900
690	900
690	900
690	900
690	900
690	900
690	900
691	900
691	900
691	900
691	900
691	900
691	900
691	900
691	900
692	900
692	900
692	900
692	900
692	900
692	900
692	900
692	900
693	900
693	900
693	900
693	900
693	900
693	900
693	900
693	900
694	900
694	900
694	900
694	900
694	900
694	900
694	900
694	900
695	900
695	900
695	900
695	900
695	900
695	900
695	900
695	900
696	900
696	900
696	900
696	900
696	900
696	900
696	900
696	900
697	900
697	900
697	900
697	900
697	900
697	900
697	900
697	900
698	900
698	900
698	900
698	900
698	900
698	900
698	900
698	900
699	900
699	900
699	900
699	900
699	900
699	900
699	900
699	900
700	900
700	900
700	900
700	900
700	900
700	900
700	900
700	900
701	900
701	900
701	900
701	900
701	900
701	900
701	900
701	900
702	900
702	900
702	900
702	900
702	900
702	900
702	900
702	900
703	900
703	900
703	900
703	900
703	900
703	900
703	900
703	900
704	900
704	900
704	900
704	900
704	900
704	900
704	900
704	900
705	900
705	900
705	900
705	900
705	900
705	900
705	900
705	900
706	900
706	900
706	900
706	900
706	900
706	900
706	900
706	900
707	900
707	900
707	900
707	900
707	900
707	900
707	900
707	900
708	900
708	900
708	900
708	900
708	900
708	900
708	900
708	900
709	900
709	900
709	900
709	900
709	900
709	900
709	900
709	900
710	900
710	900
710	900
710	900
710	900
710	900
710	900
710	900
711	900
711	900
711	900
711	900
711	900
711	900
711	900
711	900
712	900
712	900
712	900
712	900
712	900
712	900
712	900
712	900
713	900
713	900
713	900
713	900
713	900
713	900
713	900
713	900
714	900
714	900
714	900
714	900
714	900
714	900
714	900
714	900
715	900
715	900
715	900
715	900
715	900
715	900
715	900
715	900
716	900
716	900
716	900
716	900
716	900
716	900
716	900
716	900
717	900
717	900
717	900
717	900
717	900
717	900
717	900
717	900
718	900
718	900
718	900
718	900
718	900
718	900
718	900
718	900
719	900
719	900
719	900
719	900
719	900
719	900
719	900
719	900
720	900
720	900
720	900
720	900
720	900
720	900
720	900
720	900
721	900
721	900
721	900
721	900
721	900
721	900
721	900
721	900
722	900
722	900
722	900
722	900
722	900
722	900
722	900
722	900
723	900
723	900
723	900
723	900
723	900
723	900
723	900
723	900
724	900
724	900
724	900
724	900
724	900
724	900
724	900
724	900
725	900
725	900
725	900
725	900
725	900
725	900
725	900
725	900
726	900
726	900
726	900
726	900
726	900
726	900
726	900
726	900
727	900
727	900
727	900
727	900
727	900
727	900
727	900
727	900
728	900
728	900
728	900
728	900
728	900
728	900
728	900
728	900
729	900
729	900
729	900
729	900
729	900
729	900
729	900
729	900
730	900
730	900
730	900
730	900
730	900
730	900
730	900
730	900
731	900
731	900
731	900
731	900
731	900
731	900
731	900
731	900
732	900
732	900
732	900
732	900
732	900
732	900
732	900
732	900
733	900
733	900
733	900
733	900
733	900
733	900
733	900
733	900
734	900
734	900
734	900
734	900
734	900
734	900
734	900
734	900
735	900
735	900
735	900
735	900
735	900
735	900
735	900
735	900
736	900
736	900
736	900
736	900
736	900
736	900
736	900
736	900
737	900
737	900
737	900
737	900
737	900
737	900
737	900
737	900
738	900
738	900
738	900
738	900
738	900
738	900
738	900
738	900
739	900
739	900
739	900
739	900
739	900
739	900
739	900
739	900
740	900
740	900
740	900
740	900
740	900
740	900
740	900
740	900
741	900
741	900
741	900
741	900
741	900
741	900
741	900
741	900
742	900
742	900
742	900
742	900
742	900
742	900
742	900
742	900
743	900
743	900
743	900
743	900
743	900
743	900
743	900
743	900
744	900
744	900
744	900
744	900
744	900
744	900
744	900
744	900
745	900
745	900
745	900
745	900
745	900
745	900
745	900
745	900
746	900
746	900
746	900
746	900
746	900
746	900
746	900
746	900
747	900
747	900
747	900
747	900
747	900
747	900
747	900
747	900
748	900
748	900
748	900
748	900
748	900
748	900
748	900
748	900
749	900
749	900
749	900
749	900
749	900
749	900
749	900
749	900
750	900
750	900
750	900
750	900
750	900
750	900
750	900
750	900
751	900
751	900
751	900
751	900
751	900
751	900
751	900
751	900
752	900
752	900
752	900
752	900
752	900
752	900
752	900
752	900
753	900
753	900
753	900
753	900
753	900
753	900
753	900
753	900
754	900
754	900
754	900
754	900
754	900
754	900
754	900
754	900
755	900
755	900
755	900
755	900
755	900
755	900
755	900
755	900
756	900
756	900
756	900
756	900
756	900
756	900
756	900
756	900
757	900
757	900
757	900
757	900
757	900
757	900
757	900
757	900
758	900
758	900
758	900
758	900
758	900
758	900
758	900
758	900
759	900
759	900
759	900
759	900
759	900
759	900
759	900
759	900
760	900
760	900
760	900
760	900
760	900
760	900
760	900
760	900
761	900
761	900
761	900
761	900
761	900
761	900
761	900
761	900
762	900
762	900
762	900
762	900
762	900
762	900
762	900
762	900
763	900
763	900
763	900
763	900
763	900
763	900
763	900
763	900
764	900
764	900
764	900
764	900
764	900
764	900
764	900
764	900
765	900
765	900
765	900
765	900
765	900
765	900
765	900
765	900
766	900
766	900
766	900
766	900
766	900
766	900
766	900
766	900
767	900
767	900
767	900
767	900
767	900
767	900
767	900
767	900
768	900
768	900
768	900
768	900
768	900
768	900
768	900
768	900
769	900
769	900
769	900
769	900
769	900
769	900
769	900
769	900
770	900
770	900
770	900
770	900
770	900
770	900
770	900
770	900
771	900
771	900
771	900
771	900
771	900
771	900
771	900
771	900
772	900
772	900
772	900
772	900
772	900
772	900
772	900
772	900
773	900
773	900
773	900
773	900
773	900
773	900
773	900
773	900
774	900
774	900
774	900
774	900
774	900
774	900
774	900
774	900
775	900
775	900
775	900
775	900
775	900
775	900
775	900
775	900
776	900
776	900
776	900
776	900
776	900
776	900
776	900
776	900
777	900
777	900
777	900
777	900
777	900
777	900
777	900
777	900
778	900
778	900
778	900
778	900
778	900
778	900
778	900
778	900
779	900
779	900
779	900
779	900
779	900
779	900
779	900
779	900
780	900
780	900
780	900
780	900
780	900
780	900
780	900
780	900
781	900
781	900
781	900
781	900
781	900
781	900
781	900
781	900
782	900
782	900
782	900
782	900
782	900
782	900
782	900
782	900
783	900
783	900
783	900
783	900
783	900
783	900
783	900
783	900
784	900
784	900
784	900
784	900
784	900
784	900
784	900
784	900
785	900
785	900
785	900
785	900
785	900
785	900
785	900
785	900
786	900
786	900
786	900
786	900
786	900
786	900
786	900
786	900
787	900
787	900
787	900
787	900
787	900
787	900
787	900
787	900
788	900
788	900
788	900
788	900
788	900
788	900
788	900
788	900
789	900
789	900
789	900
789	900
789	900
789	900
789	900
789	900
790	900
790	900
790	900
790	900
790	900
790	900
790	900
790	900
791	900
791	900
791	900
791	900
791	900
791	900
791	900
791	900
792	900
792	900
792	900
792	900
792	900
792	900
792	900
792	900
793	900
793	900
793	900
793	900
793	900
793	900
793	900
793	900
794	900
794	900
794	900
794	900
794	900
794	900
794	900
794	900
795	900
795	900
795	900
795	900
795	900
795	900
795	900
795	900
796	900
796	900
796	900
796	900
796	900
796	900
796	900
796	900
797	900
797	900
797	900
797	900
797	900
797	900
797	900
797	900
798	900
798	900
798	900
798	900
798	900
798	900
798	900
798	900
799	900
799	900
799	900
799	900
799	900
799	900
799	900
799	900
800	900
800	900
800	900
800	900
800	900
800	900
800	900
800	900
801	900
801	900
801	900
801	900
801	900
801	900
801	900
801	900
802	900
802	900
802	900
802	900
802	900
802	900
802	900
802	900
803	900
803	900
803	900
803	900
803	900
803	900
803	900
803	900
804	900
804	900
804	900
804	900
804	900
804	900
804	900
804	900
805	900
805	900
805	900
805	900
805	900
805	900
805	900
805	900
806	900
806	900
806	900
806	900
806	900
806	900
806	900
806	900
807	900
807	900
807	900
807	900
807	900
807	900
807	900
807	900
808	900
808	900
808	900
808	900
808	900
808	900
808	900
808	900
809	900
809	900
809	900
809	900
809	900
809	900
809	900
809	900
810	900
810	900
810	900
810	900
810	900
810	900
810	900
810	900
811	900
811	900
811	900
811	900
811	900
811	900
811	900
811	900
812	900
812	900
812	900
812	900
812	900
812	900
812	900
812	900
813	900
813	900
813	900
813	900
813	900
813	900
813	900
813	900
814	900
814	900
814	900
814	900
814	900
814	900
814	900
814	900
815	900
815	900
815	900
815	900
815	900
815	900
815	900
815	900
816	900
816	900
816	900
816	900
816	900
816	900
816	900
816	900
817	900
817	900
817	900
817	900
817	900
817	900
817	900
817	900
818	900
818	900
818	900
818	900
818	900
818	900
818	900
818	900
819	900
819	900
819	900
819	900
819	900
819	900
819	900
819	900
820	900
820	900
820	900
820	900
820	900
820	900
820	900
820	900
821	900
821	900
821	900
821	900
821	900
821	900
821	900
821	900
822	900
822	900
822	900
822	900
822	900
822	900
822	900
822	900
823	900
823	900
823	900
823	900
823	900
823	900
823	900
823	900
824	900
824	900
824	900
824	900
824	900
824	900
824	900
824	900
825	900
825	900
825	900
825	900
825	900
825	900
825	900
825	900
826	900
826	900
826	900
826	900
826	900
826	900
826	900
826	900
827	900
827	900
827	900
827	900
827	900
827	900
827	900
827	900
828	900
828	900
828	900
828	900
828	900
828	900
828	900
828	900
829	900
829	900
829	900
829	900
829	900
829	900
829	900
829	900
830	900
830	900
830	900
830	900
830	900
830	900
830	900
830	900
831	900
831	900
831	900
831	900
831	900
831	900
831	900
831	900
832	900
832	900
832	900
832	900
832	900
832	900
832	900
832	900
833	900
833	900
833	900
833	900
833	900
833	900
833	900
833	900
834	900
834	900
834	900
834	900
834	900
834	900
834	900
834	900
835	900
835	900
835	900
835	900
835	900
835	900
835	900
835	900
836	900
836	900
836	900
836	900
836	900
836	900
836	900
836	900
837	900
837	900
837	900
837	900
837	900
837	900
837	900
837	900
838	900
838	900
838	900
838	900
838	900
838	900
838	900
838	900
839	900
839	900
839	900
839	900
839	900
839	900
839	900
839	900
840	900
840	900
840	900
840	900
840	900
840	900
840	900
840	900
841	900
841	900
841	900
841	900
841	900
841	900
841	900
841	900
842	900
842	900
842	900
842	900
842	900
842	900
842	900
842	900
843	900
843	900
843	900
843	900
843	900
843	900
843	900
843	900
844	900
844	900
844	900
844	900
844	900
844	900
844	900
844	900
845	900
845	900
845	900
845	900
845	900
845	900
845	900
845	900
846	900
846	900
846	900
846	900
846	900
846	900
846	900
846	900
847	900
847	900
847	900
847	900
847	900
847	900
847	900
847	900
848	900
848	900
848	900
848	900
848	900
848	900
848	900
848	900
849	900
849	900
849	900
849	900
849	900
849	900
849	900
849	900
850	900
850	900
850	900
850	900
850	900
850	900
850	900
850	900
851	900
851	900
851	900
851	900
851	900
851	900
851	900
851	900
852	900
852	900
852	900
852	900
852	900
852	900
852	900
852	900
853	900
853	900
853	900
853	900
853	900
853	900
853	900
853	900
854	900
854	900
854	900
854	900
854	900
854	900
854	900
854	900
855	900
855	900
855	900
855	900
855	900
855	900
855	900
855	900
856	900
856	900
856	900
856	900
856	900
856	900
856	900
856	900
857	900
857	900
857	900
857	900
857	900
857	900
857	900
857	900
858	900
858	900
858	900
858	900
858	900
858	900
858	900
858	900
859	900
859	900
859	900
859	900
859	900
859	900
859	900
859	900
860	900
860	900
860	900
860	900
860	900
860	900
860	900
860	900
861	900
861	900
861	900
861	900
861	900
861	900
861	900
861	900
862	900
862	900
862	900
862	900
862	900
862	900
862	900
862	900
863	900
863	900
863	900
863	900
863	900
863	900
863	900
863	900
864	900
864	900
864	900
864	900
864	900
864	900
864	900
864	900
865	900
865	900
865	900
865	900
865	900
865	900
865	900
865	900
866	900
866	900
866	900
866	900
866	900
866	900
866	900
866	900
867	900
867	900
867	900
867	900
867	900
867	900
867	900
867	900
868	900
868	900
868	900
868	900
868	900
868	900
868	900
868	900
869	900
869	900
869	900
869	900
869	900
869	900
869	900
869	900
870	900
870	900
870	900
870	900
870	900
870	900
870	900
870	900
871	900
871	900
871	900
871	900
871	900
871	900
871	900
871	900
872	900
872	900
872	900
872	900
872	900
872	900
872	900
872	900
873	900
873	900
873	900
873	900
873	900
873	900
873	900
873	900
874	900
874	900
874	900
874	900
874	900
874	900
874	900
874	900
875	900
875	900
875	900
875	900
875	900
875	900
875	900
875	900
876	900
876	900
876	900
876	900
876	900
876	900
876	900
876	900
877	900
877	900
877	900
877	900
877	900
877	900
877	900
877	900
878	900
878	900
878	900
878	900
878	900
878	900
878	900
878	900
879	900
879	900
879	900
879	900
879	900
879	900
879	900
879	900
880	900
880	900
880	900
880	900
880	900
880	900
880	900
880	900
881	900
881	900
881	900
881	900
881	900
881	900
881	900
881	900
882	900
882	900
882	900
882	900
882	900
882	900
882	900
882	900
883	900
883	900
883	900
883	900
883	900
883	900
883	900
883	900
884	900
884	900
884	900
884	900
884	900
884	900
884	900
884	900
885	900
885	900
885	900
885	900
885	900
885	900
885	900
885	900
886	900
886	900
886	900
886	900
886	900
886	900
886	900
886	900
887	900
887	900
887	900
887	900
887	900
887	900
887	900
887	900
888	900
888	900
888	900
888	900
888	900
888	900
888	900
888	900
889	900
889	900
889	900
889	900
889	900
889	900
889	900
889	900
890	900
890	900
890	900
890	900
890	900
890	900
890	900
890	900
891	900
891	900
891	900
891	900
891	900
891	900
891	900
891	900
892	900
892	900
892	900
892	900
892	900
892	900
892	900
892	900
893	900
893	900
893	900
893	900
893	900
893	900
893	900
893	900
894	900
894	900
894	900
894	900
894	900
894	900
894	900
894	900
895	900
895	900
895	900
895	900
895	900
895	900
895	900
895	900
896	900
896	900
896	900
896	900
896	900
896	900
896	900
896	900
897	900
897	900
897	900
897	900
897	900
897	900
897	900
897	900
898	900
898	900
898	900
898	900
898	900
898	900
898	900
898	900
899	900
899	900
899	900
899	900
899	900
899	900
899	900
899	900
900	900
900	900
900	900
900	900
900	900
900	900
900	900
900	900
901	900
901	900
901	900
901	900
901	900
901	900
901	900
901	900
902	900
902	900
902	900
902	900
902	900
902	900
902	900
902	900
903	900
903	900
903	900
903	900
903	900
903	900
903	900
903	900
904	900
904	900
904	900
904	900
904	900
904	900
904	900
904	900
905	900
905	900
905	900
905	900
905	900
905	900
905	900
905	900
906	900
906	900
906	900
906	900
906	900
906	900
906	900
906	900
907	900
907	900
907	900
907	900
907	900
907	900
907	900
907	900
908	900
908	900
908	900
908	900
908	900
908	900
908	900
908	900
909	900
909	900
909	900
909	900
909	900
909	900
909	900
909	900
910	900
910	900
910	900
910	900
910	900
910	900
910	900
910	900
911	900
911	900
911	900
911	900
911	900
911	900
911	900
911	900
912	900
912	900
912	900
912	900
912	900
912	900
912	900
912	900
913	900
913	900
913	900
913	900
913	900
913	900
913	900
913	900
914	900
914	900
914	900
914	900
914	900
914	900
914	900
914	900
915	900
915	900
915	900
915	900
915	900
915	900
915	900
915	900
916	900
916	900
916	900
916	900
916	900
916	900
916	900
916	900
917	900
917	900
917	900
917	900
917	900
917	900
917	900
917	900
918	900
918	900
918	900
918	900
918	900
918	900
918	900
918	900
919	900
919	900
919	900
919	900
919	900
919	900
919	900
919	900
920	900
920	900
920	900
920	900
920	900
920	900
920	900
920	900
921	900
921	900
921	900
921	900
921	900
921	900
921	900
921	900
922	900
922	900
922	900
922	900
922	900
922	900
922	900
922	900
923	900
923	900
923	900
923	900
923	900
923	900
923	900
923	900
924	900
924	900
924	900
924	900
924	900
924	900
924	900
924	900
925	900
925	900
925	900
925	900
925	900
925	900
925	900
925	900
926	900
926	900
926	900
926	900
926	900
926	900
926	900
926	900
927	900
927	900
927	900
927	900
927	900
927	900
927	900
927	900
928	900
928	900
928	900
928	900
928	900
928	900
928	900
928	900
929	900
929	900
929	900
929	900
929	900
929	900
929	900
929	900
930	900
930	900
930	900
930	900
930	900
930	900
930	900
930	900
931	900
931	900
931	900
931	900
931	900
931	900
931	900
931	900
932	900
932	900
932	900
932	900
932	900
932	900
932	900
932	900
933	900
933	900
933	900
933	900
933	900
933	900
933	900
933	900
934	900
934	900
934	900
934	900
934	900
934	900
934	900
934	900
935	900
935	900
935	900
935	900
935	900
935	900
935	900
935	900
936	900
936	900
936	900
936	900
936	900
936	900
936	900
936	900
937	900
937	900
937	900
937	900
937	900
937	900
937	900
937	900
938	900
938	900
938	900
938	900
938	900
938	900
938	900
938	900
939	900
939	900
939	900
939	900
939	900
939	900
939	900
939	900
940	900
940	900
940	900
940	900
940	900
940	900
940	900
940	900
941	900
941	900
941	900
941	900
941	900
941	900
941	900
941	900
942	900
942	900
942	900
942	900
942	900
942	900
942	900
942	900
943	900
943	900
943	900
943	900
943	900
943	900
943	900
943	900
944	900
944	900
944	900
944	900
944	900
944	900
944	900
944	900
945	900
945	900
945	900
945	900
945	900
945	900
945	900
945	900
946	900
946	900
946	900
946	900
946	900
946	900
946	900
946	900
947	900
947	900
947	900
947	900
947	900
947	900
947	900
947	900
948	900
948	900
948	900
948	900
948	900
948	900
948	900
948	900
949	900
949	900
949	900
949	900
949	900
949	900
949	900
949	900
950	900
950	900
950	900
950	900
950	900
950	900
950	900
950	900
951	900
951	900
951	900
951	900
951	900
951	900
951	900
951	900
952	900
952	900
952	900
952	900
952	900
952	900
952	900
952	900
953	900
953	900
953	900
953	900
953	900
953	900
953	900
953	900
954	900
954	900
954	900
954	900
954	900
954	900
954	900
954	900
955	900
955	900
955	900
955	900
955	900
955	900
955	900
955	900
956	900
956	900
956	900
956	900
956	900
956	900
956	900
956	900
957	900
957	900
957	900
957	900
957	900
957	900
957	900
957	900
958	900
958	900
958	900
958	900
958	900
958	900
958	900
958	900
959	900
959	900
959	900
959	900
959	900
959	900
959	900
959	900
960	900
960	900
960	900
960	900
960	900
960	900
960	900
960	900
961	900
961	900
961	900
961	900
961	900
961	900
961	900
961	900
962	900
962	900
962	900
962	900
962	900
962	900
962	900
962	900
963	900
963	900
963	900
963	900
963	900
963	900
963	900
963	900
964	900
964	900
964	900
964	900
964	900
964	900
964	900
964	900
965	900
965	900
965	900
965	900
965	900
965	900
965	900
965	900
966	900
966	900
966	900
966	900
966	900
966	900
966	900
966	900
967	900
967	900
967	900
967	900
967	900
967	900
967	900
967	900
968	900
968	900
968	900
968	900
968	900
968	900
968	900
968	900
969	900
969	900
969	900
969	900
969	900
969	900
969	900
969	900
970	900
970	900
970	900
970	900
970	900
970	900
970	900
970	900
971	900
971	900
971	900
971	900
971	900
971	900
971	900
971	900
972	900
972	900
972	900
972	900
972	900
972	900
972	900
972	900
973	900
973	900
973	900
973	900
973	900
973	900
973	900
973	900
974	900
974	900
974	900
974	900
974	900
974	900
974	900
974	900
975	900
975	900
975	900
975	900
975	900
975	900
975	900
975	900
976	900
976	900
976	900
976	900
976	900
976	900
976	900
976	900
977	900
977	900
977	900
977	900
977	900
977	900
977	900
977	900
978	900
978	900
978	900
978	900
978	900
978	900
978	900
978	900
979	900
979	900
979	900
979	900
979	900
979	900
979	900
979	900
980	900
980	900
980	900
980	900
980	900
980	900
980	900
980	900
981	900
981	900
981	900
981	900
981	900
981	900
981	900
981	900
982	900
982	900
982	900
982	900
982	900
982	900
982	900
982	900
983	900
983	900
983	900
983	900
983	900
983	900
983	900
983	900
984	900
984	900
984	900
984	900
984	900
984	900
984	900
984	900
985	900
985	900
985	900
985	900
985	900
985	900
985	900
985	900
986	900
986	900
986	900
986	900
986	900
986	900
986	900
986	900
987	900
987	900
987	900
987	900
987	900
987	900
987	900
987	900
988	900
988	900
988	900
988	900
988	900
988	900
988	900
988	900
989	900
989	900
989	900
989	900
989	900
989	900
989	900
989	900
990	900
990	900
990	900
990	900
990	900
990	900
990	900
990	900
991	900
991	900
991	900
991	900
991	900
991	900
991	900
991	900
992	900
992	900
992	900
992	900
992	900
992	900
992	900
992	900
993	900
993	900
993	900
993	900
993	900
993	900
993	900
993	900
994	900
994	900
994	900
994	900
994	900
994	900
994	900
994	900
995	900
995	900
995	900
995	900
995	900
995	900
995	900
995	900
996	900
996	900
996	900
996	900
996	900
996	900
996	900
996	900
997	900
997	900
997	900
997	900
997	900
997	900
997	900
997	900
998	900
998	900
998	900
998	900
998	900
998	900
998	900
998	900
999	900
999	900
999	900
999	900
999	900
999	900
999	900
999	900
1000	900
1000	900
1000	900
1000	900
1000	900
1000	900
1000	900
1000	900
1001	900
1001	900
1001	900
1001	900
1001	900
1001	900
1001	900
1001	900
1002	900
1002	900
1002	900
1002	900
1002	900
1002	900
1002	900
1002	900
1003	900
1003	900
1003	900
1003	900
1003	900
1003	900
1003	900
1003	900
1004	900
1004	900
1004	900
1004	900
1004	900
1004	900
1004	900
1004	900
1005	900
1005	900
1005	900
1005	900
1005	900
1005	900
1005	900
1005	900
1006	900
1006	900
1006	900
1006	900
1006	900
1006	900
1006	900
1006	900
1007	900
1007	900
1007	900
1007	900
1007	900
1007	900
1007	900
1007	900
1008	900
1008	900
1008	900
1008	900
1008	900
1008	900
1008	900
1008	900
1009	900
1009	900
1009	900
1009	900
1009	900
1009	900
1009	900
1009	900
1010	900
1010	900
1010	900
1010	900
1010	900
1010	900
1010	900
1010	900
1011	900
1011	900
1011	900
1011	900
1011	900
1011	900
1011	900
1011	900
1012	900
1012	900
1012	900
1012	900
1012	900
1012	900
1012	900
1012	900
1013	900
1013	900
1013	900
1013	900
1013	900
1013	900
1013	900
1013	900
1014	900
1014	900
1014	900
1014	900
1014	900
1014	900
1014	900
1014	900
1015	900
1015	900
1015	900
1015	900
1015	900
1015	900
1015	900
1015	900
1016	900
1016	900
1016	900
1016	900
1016	900
1016	900
1016	900
1016	900
1017	900
1017	900
1017	900
1017	900
1017	900
1017	900
1017	900
1017	900
1018	900
1018	900
1018	900
1018	900
1018	900
1018	900
1018	900
1018	900
1019	900
1019	900
1019	900
1019	900
1019	900
1019	900
1019	900
1019	900
1020	900
1020	900
1020	900
1020	900
1020	900
1020	900
1020	900
1020	900
1021	900
1021	900
1021	900
1021	900
1021	900
1021	900
1021	900
1021	900
1022	900
1022	900
1022	900
1022	900
1022	900
1022	900
1022	900
1022	900
1023	900
1023	900
1023	900
1023	900
1023	900
1023	900
1023	900
1023	900
1024	900
1024	900
1024	900
1024	900
1024	900
1024	900
1024	900
1024	900
1025	900
1025	900
1025	900
1025	900
1025	900
1025	900
1025	900
1025	900
1026	900
1026	900
1026	900
1026	900
1026	900
1026	900
1026	900
1026	900
1027	900
1027	900
1027	900
1027	900
1027	900
1027	900
1027	900
1027	900
1028	900
1028	900
1028	900
1028	900
1028	900
1028	900
1028	900
1028	900
1029	900
1029	900
1029	900
1029	900
1029	900
1029	900
1029	900
1029	900
1030	900
1030	900
1030	900
1030	900
1030	900
1030	900
1030	900
1030	900
1031	900
1031	900
1031	900
1031	900
1031	900
1031	900
1031	900
1031	900
1032	900
1032	900
1032	900
1032	900
1032	900
1032	900
1032	900
1032	900
1033	900
1033	900
1033	900
1033	900
1033	900
1033	900
1033	900
1033	900
1034	900
1034	900
1034	900
1034	900
1034	900
1034	900
1034	900
1034	900
1035	900
1035	900
1035	900
1035	900
1035	900
1035	900
1035	900
1035	900
1036	900
1036	900
1036	900
1036	900
1036	900
1036	900
1036	900
1036	900
1037	900
1037	900
1037	900
1037	900
1037	900
1037	900
1037	900
1037	900
1038	900
1038	900
1038	900
1038	900
1038	900
1038	900
1038	900
1038	900
1039	900
1039	900
1039	900
1039	900
1039	900
1039	900
1039	900
1039	900
1040	900
1040	900
1040	900
1040	900
1040	900
1040	900
1040	900
1040	900
1041	900
1041	900
1041	900
1041	900
1041	900
1041	900
1041	900
1041	900
1042	900
1042	900
1042	900
1042	900
1042	900
1042	900
1042	900
1042	900
1043	900
1043	900
1043	900
1043	900
1043	900
1043	900
1043	900
1043	900
1044	900
1044	900
1044	900
1044	900
1044	900
1044	900
1044	900
1044	900
1045	900
1045	900
1045	900
1045	900
1045	900
1045	900
1045	900
1045	900
1046	900
1046	900
1046	900
1046	900
1046	900
1046	900
1046	900
1046	900
1047	900
1047	900
1047	900
1047	900
1047	900
1047	900
1047	900
1047	900
1048	900
1048	900
1048	900
1048	900
1048	900
1048	900
1048	900
1048	900
1049	900
1049	900
1049	900
1049	900
1049	900
1049	900
1049	900
1049	900
1050	900
1050	900
1050	900
1050	900
1050	900
1050	900
1050	900
1050	900
1051	900
1051	900
1051	900
1051	900
1051	900
1051	900
1051	900
1051	900
1052	900
1052	900
1052	900
1052	900
1052	900
1052	900
1052	900
1052	900
1053	900
1053	900
1053	900
1053	900
1053	900
1053	900
1053	900
1053	900
1054	900
1054	900
1054	900
1054	900
1054	900
1054	900
1054	900
1054	900
1055	900
1055	900
1055	900
1055	900
1055	900
1055	900
1055	900
1055	900
1056	900
1056	900
1056	900
1056	900
1056	900
1056	900
1056	900
1056	900
1057	900
1057	900
1057	900
1057	900
1057	900
1057	900
1057	900
1057	900
1058	900
1058	900
1058	900
1058	900
1058	900
1058	900
1058	900
1058	900
1059	900
1059	900
1059	900
1059	900
1059	900
1059	900
1059	900
1059	900
1060	900
1060	900
1060	900
1060	900
1060	900
1060	900
1060	900
1060	900
1061	900
1061	900
1061	900
1061	900
1061	900
1061	900
1061	900
1061	900
1062	900
1062	900
1062	900
1062	900
1062	900
1062	900
1062	900
1062	900
1063	900
1063	900
1063	900
1063	900
1063	900
1063	900
1063	900
1063	900
1064	900
1064	900
1064	900
1064	900
1064	900
1064	900
1064	900
1064	900
1065	900
1065	900
1065	900
1065	900
1065	900
1065	900
1065	900
1065	900
1066	900
1066	900
1066	900
1066	900
1066	900
1066	900
1066	900
1066	900
1067	900
1067	900
1067	900
1067	900
1067	900
1067	900
1067	900
1067	900
1068	900
1068	900
1068	900
1068	900
1068	900
1068	900
1068	900
1068	900
1069	900
1069	900
1069	900
1069	900
1069	900
1069	900
1069	900
1069	900
1070	900
1070	900
1070	900
1070	900
1070	900
1070	900
1070	900
1070	900
1071	900
1071	900
1071	900
1071	900
1071	900
1071	900
1071	900
1071	900
1072	900
1072	900
1072	900
1072	900
1072	900
1072	900
1072	900
1072	900
1073	900
1073	900
1073	900
1073	900
1073	900
1073	900
1073	900
1073	900
1074	900
1074	900
1074	900
1074	900
1074	900
1074	900
1074	900
1074	900
1075	900
1075	900
1075	900
1075	900
1075	900
1075	900
1075	900
1075	900
1076	900
1076	900
1076	900
1076	900
1076	900
1076	900
1076	900
1076	900
1077	900
1077	900
1077	900
1077	900
1077	900
1077	900
1077	900
1077	900
1078	900
1078	900
1078	900
1078	900
1078	900
1078	900
1078	900
1078	900
1079	900
1079	900
1079	900
1079	900
1079	900
1079	900
1079	900
1079	900
1080	900
1080	900
1080	900
1080	900
1080	900
1080	900
1080	900
1080	900
1081	900
1081	900
1081	900
1081	900
1081	900
1081	900
1081	900
1081	900
1082	900
1082	900
1082	900
1082	900
1082	900
1082	900
1082	900
1082	900
1083	900
1083	900
1083	900
1083	900
1083	900
1083	900
1083	900
1083	900
1084	900
1084	900
1084	900
1084	900
1084	900
1084	900
1084	900
1084	900
1085	900
1085	900
1085	900
1085	900
1085	900
1085	900
1085	900
1085	900
1086	900
1086	900
1086	900
1086	900
1086	900
1086	900
1086	900
1086	900
1087	900
1087	900
1087	900
1087	900
1087	900
1087	900
1087	900
1087	900
1088	900
1088	900
1088	900
1088	900
1088	900
1088	900
1088	900
1088	900
1089	900
1089	900
1089	900
1089	900
1089	900
1089	900
1089	900
1089	900
1090	900
1090	900
1090	900
1090	900
1090	900
1090	900
1090	900
1090	900
1091	900
1091	900
1091	900
1091	900
1091	900
1091	900
1091	900
1091	900
1092	900
1092	900
1092	900
1092	900
1092	900
1092	900
1092	900
1092	900
1093	900
1093	900
1093	900
1093	900
1093	900
1093	900
1093	900
1093	900
1094	900
1094	900
1094	900
1094	900
1094	900
1094	900
1094	900
1094	900
1095	900
1095	900
1095	900
1095	900
1095	900
1095	900
1095	900
1095	900
1096	900
1096	900
1096	900
1096	900
1096	900
1096	900
1096	900
1096	900
1097	900
1097	900
1097	900
1097	900
1097	900
1097	900
1097	900
1097	900
1098	900
1098	900
1098	900
1098	900
1098	900
1098	900
1098	900
1098	900
1099	900
1099	900
1099	900
1099	900
1099	900
1099	900
1099	900
1099	900
1100	900
1100	900
1100	900
1100	900
1100	900
1100	900
1100	900
1100	900
1101	900
1101	900
1101	900
1101	900
1101	900
1101	900
1101	900
1101	900
1102	900
1102	900
1102	900
1102	900
1102	900
1102	900
1102	900
1102	900
1103	900
1103	900
1103	900
1103	900
1103	900
1103	900
1103	900
1103	900
1104	900
1104	900
1104	900
1104	900
1104	900
1104	900
1104	900
1104	900
1105	900
1105	900
1105	900
1105	900
1105	900
1105	900
1105	900
1105	900
1106	900
1106	900
1106	900
1106	900
1106	900
1106	900
1106	900
1106	900
1107	900
1107	900
1107	900
1107	900
1107	900
1107	900
1107	900
1107	900
1108	900
1108	900
1108	900
1108	900
1108	900
1108	900
1108	900
1108	900
1109	900
1109	900
1109	900
1109	900
1109	900
1109	900
1109	900
1109	900
1110	900
1110	900
1110	900
1110	900
1110	900
1110	900
1110	900
1110	900
1111	900
1111	900
1111	900
1111	900
1111	900
1111	900
1111	900
1111	900
1112	900
1112	900
1112	900
1112	900
1112	900
1112	900
1112	900
1112	900
1113	900
1113	900
1113	900
1113	900
1113	900
1113	900
1113	900
1113	900
1114	900
1114	900
1114	900
1114	900
1114	900
1114	900
1114	900
1114	900
1115	900
1115	900
1115	900
1115	900
1115	900
1115	900
1115	900
1115	900
1116	900
1116	900
1116	900
1116	900
1116	900
1116	900
1116	900
1116	900
1117	900
1117	900
1117	900
1117	900
1117	900
1117	900
1117	900
1117	900
1118	900
1118	900
1118	900
1118	900
1118	900
1118	900
1118	900
1118	900
1119	900
1119	900
1119	900
1119	900
1119	900
1119	900
1119	900
1119	900
1120	900
1120	900
1120	900
1120	900
1120	900
1120	900
1120	900
1120	900
1121	900
1121	900
1121	900
1121	900
1121	900
1121	900
1121	900
1121	900
1122	900
1122	900
1122	900
1122	900
1122	900
1122	900
1122	900
1122	900
1123	900
1123	900
1123	900
1123	900
1123	900
1123	900
1123	900
1123	900
1124	900
1124	900
1124	900
1124	900
1124	900
1124	900
1124	900
1124	900
1125	900
1125	900
1125	900
1125	900
1125	900
1125	900
1125	900
1125	900
1126	900
1126	900
1126	900
1126	900
1126	900
1126	900
1126	900
1126	900
1127	900
1127	900
1127	900
1127	900
1127	900
1127	900
1127	900
1127	900
1128	900
1128	900
1128	900
1128	900
1128	900
1128	900
1128	900
1128	900
1129	900
1129	900
1129	900
1129	900
1129	900
1129	900
1129	900
1129	900
1130	900
1130	900
1130	900
1130	900
1130	900
1130	900
1130	900
1130	900
1131	900
1131	900
1131	900
1131	900
1131	900
1131	900
1131	900
1131	900
1132	900
1132	900
1132	900
1132	900
1132	900
1132	900
1132	900
1132	900
1133	900
1133	900
1133	900
1133	900
1133	900
1133	900
1133	900
1133	900
1134	900
1134	900
1134	900
1134	900
1134	900
1134	900
1134	900
1134	900
1135	900
1135	900
1135	900
1135	900
1135	900
1135	900
1135	900
1135	900
1136	900
1136	900
1136	900
1136	900
1136	900
1136	900
1136	900
1136	900
1137	900
1137	900
1137	900
1137	900
1137	900
1137	900
1137	900
1137	900
1138	900
1138	900
1138	900
1138	900
1138	900
1138	900
1138	900
1138	900
1139	900
1139	900
1139	900
1139	900
1139	900
1139	900
1139	900
1139	900
1140	900
1140	900
1140	900
1140	900
1140	900
1140	900
1140	900
1140	900
1141	900
1141	900
1141	900
1141	900
1141	900
1141	900
1141	900
1141	900
1142	900
1142	900
1142	900
1142	900
1142	900
1142	900
1142	900
1142	900
1143	900
1143	900
1143	900
1143	900
1143	900
1143	900
1143	900
1143	900
1144	900
1144	900
1144	900
1144	900
1144	900
1144	900
1144	900
1144	900
1145	900
1145	900
1145	900
1145	900
1145	900
1145	900
1145	900
1145	900
1146	900
1146	900
1146	900
1146	900
1146	900
1146	900
1146	900
1146	900
1147	900
1147	900
1147	900
1147	900
1147	900
1147	900
1147	900
1147	900
1148	900
1148	900
1148	900
1148	900
1148	900
1148	900
1148	900
1148	900
1149	900
1149	900
1149	900
1149	900
1149	900
1149	900
1149	900
1149	900
1150	900
1150	900
1150	900
1150	900
1150	900
1150	900
1150	900
1150	900
1151	900
1151	900
1151	900
1151	900
1151	900
1151	900
1151	900
1151	900
1152	900
1152	900
1152	900
1152	900
1152	900
1152	900
1152	900
1152	900
1153	900
1153	900
1153	900
1153	900
1153	900
1153	900
1153	900
1153	900
1154	900
1154	900
1154	900
1154	900
1154	900
1154	900
1154	900
1154	900
1155	900
1155	900
1155	900
1155	900
1155	900
1155	900
1155	900
1155	900
1156	900
1156	900
1156	900
1156	900
1156	900
1156	900
1156	900
1156	900
1157	900
1157	900
1157	900
1157	900
1157	900
1157	900
1157	900
1157	900
1158	900
1158	900
1158	900
1158	900
1158	900
1158	900
1158	900
1158	900
1159	900
1159	900
1159	900
1159	900
1159	900
1159	900
1159	900
1159	900
1160	900
1160	900
1160	900
1160	900
1160	900
1160	900
1160	900
1160	900
1161	900
1161	900
1161	900
1161	900
1161	900
1161	900
1161	900
1161	900
1162	900
1162	900
1162	900
1162	900
1162	900
1162	900
1162	900
1162	900
1163	900
1163	900
1163	900
1163	900
1163	900
1163	900
1163	900
1163	900
1164	900
1164	900
1164	900
1164	900
1164	900
1164	900
1164	900
1164	900
1165	900
1165	900
1165	900
1165	900
1165	900
1165	900
1165	900
1165	900
1166	900
1166	900
1166	900
1166	900
1166	900
1166	900
1166	900
1166	900
1167	900
1167	900
1167	900
1167	900
1167	900
1167	900
1167	900
1167	900
1168	900
1168	900
1168	900
1168	900
1168	900
1168	900
1168	900
1168	900
1169	900
1169	900
1169	900
1169	900
1169	900
1169	900
1169	900
1169	900
1170	900
1170	900
1170	900
1170	900
1170	900
1170	900
1170	900
1170	900
1171	900
1171	900
1171	900
1171	900
1171	900
1171	900
1171	900
1171	900
1172	900
1172	900
1172	900
1172	900
1172	900
1172	900
1172	900
1172	900
1173	900
1173	900
1173	900
1173	900
1173	900
1173	900
1173	900
1173	900
1174	900
1174	900
1174	900
1174	900
1174	900
1174	900
1174	900
1174	900
1175	900
1175	900
1175	900
1175	900
1175	900
1175	900
1175	900
1175	900
1176	900
1176	900
1176	900
1176	900
1176	900
1176	900
1176	900
1176	900
1177	900
1177	900
1177	900
1177	900
1177	900
1177	900
1177	900
1177	900
1178	900
1178	900
1178	900
1178	900
1178	900
1178	900
1178	900
1178	900
1179	900
1179	900
1179	900
1179	900
1179	900
1179	900
1179	900
1179	900
1180	900
1180	900
1180	900
1180	900
1180	900
1180	900
1180	900
1180	900
1181	900
1181	900
1181	900
1181	900
1181	900
1181	900
1181	900
1181	900
1182	900
1182	900
1182	900
1182	900
1182	900
1182	900
1182	900
1182	900
1183	900
1183	900
1183	900
1183	900
1183	900
1183	900
1183	900
1183	900
1184	900
1184	900
1184	900
1184	900
1184	900
1184	900
1184	900
1184	900
1185	900
1185	900
1185	900
1185	900
1185	900
1185	900
1185	900
1185	900
1186	900
1186	900
1186	900
1186	900
1186	900
1186	900
1186	900
1186	900
1187	900
1187	900
1187	900
1187	900
1187	900
1187	900
1187	900
1187	900
1188	900
1188	900
1188	900
1188	900
1188	900
1188	900
1188	900
1188	900
1189	900
1189	900
1189	900
1189	900
1189	900
1189	900
1189	900
1189	900
1190	900
1190	900
1190	900
1190	900
1190	900
1190	900
1190	900
1190	900
1191	900
1191	900
1191	900
1191	900
1191	900
1191	900
1191	900
1191	900
1192	900
1192	900
1192	900
1192	900
1192	900
1192	900
1192	900
1192	900
1193	900
1193	900
1193	900
1193	900
1193	900
1193	900
1193	900
1193	900
1194	900
1194	900
1194	900
1194	900
1194	900
1194	900
1194	900
1194	900
1195	900
1195	900
1195	900
1195	900
1195	900
1195	900
1195	900
1195	900
1196	900
1196	900
1196	900
1196	900
1196	900
1196	900
1196	900
1196	900
1197	900
1197	900
1197	900
1197	900
1197	900
1197	900
1197	900
1197	900
1198	900
1198	900
1198	900
1198	900
1198	900
1198	900
1198	900
1198	900
1199	900
1199	900
1199	900
1199	900
1199	900
1199	900
1199	900
1199	900
1200	900
1200	900
1200	900
1200	900
1200	900
1200	900
1200	900
1200	900
1201	900
1201	900
1201	900
1201	900
1201	900
1201	900
1201	900
1201	900
1202	900
1202	900
1202	900
1202	900
1202	900
1202	900
1202	900
1202	900
1203	900
1203	900
1203	900
1203	900
1203	900
1203	900
1203	900
1203	900
1204	900
1204	900
1204	900
1204	900
1204	900
1204	900
1204	900
1204	900
1205	900
1205	900
1205	900
1205	900
1205	900
1205	900
1205	900
1205	900
1206	900
1206	900
1206	900
1206	900
1206	900
1206	900
1206	900
1206	900
1207	900
1207	900
1207	900
1207	900
1207	900
1207	900
1207	900
1207	900
1208	900
1208	900
1208	900
1208	900
1208	900
1208	900
1208	900
1208	900
1209	900
1209	900
1209	900
1209	900
1209	900
1209	900
1209	900
1209	900
1210	900
1210	900
1210	900
1210	900
1210	900
1210	900
1210	900
1210	900
1211	900
1211	900
1211	900
1211	900
1211	900
1211	900
1211	900
1211	900
1212	900
1212	900
1212	900
1212	900
1212	900
1212	900
1212	900
1212	900
1213	900
1213	900
1213	900
1213	900
1213	900
1213	900
1213	900
1213	900
1214	900
1214	900
1214	900
1214	900
1214	900
1214	900
1214	900
1214	900
1215	900
1215	900
1215	900
1215	900
1215	900
1215	900
1215	900
1215	900
1216	900
1216	900
1216	900
1216	900
1216	900
1216	900
1216	900
1216	900
1217	900
1217	900
1217	900
1217	900
1217	900
1217	900
1217	900
1217	900
1218	900
1218	900
1218	900
1218	900
1218	900
1218	900
1218	900
1218	900
1219	900
1219	900
1219	900
1219	900
1219	900
1219	900
1219	900
1219	900
1220	900
1220	900
1220	900
1220	900
1220	900
1220	900
1220	900
1220	900
1221	900
1221	900
1221	900
1221	900
1221	900
1221	900
1221	900
1221	900
1222	900
1222	900
1222	900
1222	900
1222	900
1222	900
1222	900
1222	900
1223	900
1223	900
1223	900
1223	900
1223	900
1223	900
1223	900
1223	900
1224	900
1224	900
1224	900
1224	900
1224	900
1224	900
1224	900
1224	900
1225	900
1225	900
1225	900
1225	900
1225	900
1225	900
1225	900
1225	900
1226	900
1226	900
1226	900
1226	900
1226	900
1226	900
1226	900
1226	900
1227	900
1227	900
1227	900
1227	900
1227	900
1227	900
1227	900
1227	900
1228	900
1228	900
1228	900
1228	900
1228	900
1228	900
1228	900
1228	900
1229	900
1229	900
1229	900
1229	900
1229	900
1229	900
1229	900
1229	900
1230	900
1230	900
1230	900
1230	900
1230	900
1230	900
1230	900
1230	900
1231	900
1231	900
1231	900
1231	900
1231	900
1231	900
1231	900
1231	900
1232	900
1232	900
1232	900
1232	900
1232	900
1232	900
1232	900
1232	900
1233	900
1233	900
1233	900
1233	900
1233	900
1233	900
1233	900
1233	900
1234	900
1234	900
1234	900
1234	900
1234	900
1234	900
1234	900
1234	900
1235	900
1235	900
1235	900
1235	900
1235	900
1235	900
1235	900
1235	900
1236	900
1236	900
1236	900
1236	900
1236	900
1236	900
1236	900
1236	900
1237	900
1237	900
1237	900
1237	900
1237	900
1237	900
1237	900
1237	900
1238	900
1238	900
1238	900
1238	900
1238	900
1238	900
1238	900
1238	900
1239	900
1239	900
1239	900
1239	900
1239	900
1239	900
1239	900
1239	900
1240	900
1240	900
1240	900
1240	900
1240	900
1240	900
1240	900
1240	900
1241	900
1241	900
1241	900
1241	900
1241	900
1241	900
1241	900
1241	900
1242	900
1242	900
1242	900
1242	900
1242	900
1242	900
1242	900
1242	900
1243	900
1243	900
1243	900
1243	900
1243	900
1243	900
1243	900
1243	900
1244	900
1244	900
1244	900
1244	900
1244	900
1244	900
1244	900
1244	900
1245	900
1245	900
1245	900
1245	900
1245	900
1245	900
1245	900
1245	900
1246	900
1246	900
1246	900
1246	900
1246	900
1246	900
1246	900
1246	900
1247	900
1247	900
1247	900
1247	900
1247	900
1247	900
1247	900
1247	900
1248	900
1248	900
1248	900
1248	900
1248	900
1248	900
1248	900
1248	900
1249	900
1249	900
1249	900
1249	900
1249	900
1249	900
1249	900
1249	900
1250	900
1250	900
1250	900
1250	900
1250	900
1250	900
1250	900
1250	900
