0	156
0	156
0	156
0	156
0	156
4	156
4	156
4	156
4	156
4	156
8	156
8	156
8	156
8	156
8	156
12	156
12	156
12	156
12	156
12	156
16	156
16	156
16	156
16	156
16	156
20	156
20	156
20	156
20	156
20	156
24	156
24	156
24	156
24	156
24	156
28	156
28	156
28	156
28	156
28	156
32	156
32	156
32	156
32	156
32	156
36	156
36	156
36	156
36	156
36	156
40	156
40	156
40	156
40	156
40	156
44	156
44	156
44	156
44	156
44	156
48	156
48	156
48	156
48	156
48	156
52	156
52	156
52	156
52	156
52	156
56	156
56	156
56	156
56	156
56	156
60	156
60	156
60	156
60	156
60	156
64	156
64	156
64	156
64	156
64	156
68	156
68	156
68	156
68	156
68	156
72	156
72	156
72	156
72	156
72	156
76	156
76	156
76	156
76	156
76	156
80	156
80	156
80	156
80	156
80	156
84	156
84	156
84	156
84	156
84	156
88	156
88	156
88	156
88	156
88	156
92	156
92	156
92	156
92	156
92	156
96	156
96	156
96	156
96	156
96	156
100	156
100	156
100	156
100	156
100	156
104	156
104	156
104	156
104	156
104	156
108	156
108	156
108	156
108	156
108	156
112	156
112	156
112	156
112	156
112	156
116	156
116	156
116	156
116	156
116	156
120	156
120	156
120	156
120	156
120	156
124	156
124	156
124	156
124	156
124	156
128	156
128	156
128	156
128	156
128	156
132	156
132	156
132	156
132	156
132	156
136	156
136	156
136	156
136	156
136	156
140	156
140	156
140	156
140	156
140	156
144	156
144	156
144	156
144	156
144	156
148	156
148	156
148	156
148	156
148	156
152	156
152	156
152	156
152	156
152	156
156	156
156	156
156	156
156	156
156	156
160	156
160	156
160	156
160	156
160	156
164	156
164	156
164	156
164	156
164	156
168	156
168	156
168	156
168	156
168	156
172	156
172	156
172	156
172	156
172	156
176	156
176	156
176	156
176	156
176	156
180	156
180	156
180	156
180	156
180	156
184	156
184	156
184	156
184	156
184	156
188	156
188	156
188	156
188	156
188	156
192	156
192	156
192	156
192	156
192	156
196	156
196	156
196	156
196	156
196	156
200	156
200	156
200	156
200	156
200	156
204	156
204	156
204	156
204	156
204	156
208	156
208	156
208	156
208	156
208	156
212	156
212	156
212	156
212	156
212	156
216	156
216	156
216	156
216	156
216	156
220	156
220	156
220	156
220	156
220	156
224	156
224	156
224	156
224	156
224	156
228	156
228	156
228	156
228	156
228	156
232	156
232	156
232	156
232	156
232	156
236	156
236	156
236	156
236	156
236	156
240	156
240	156
240	156
240	156
240	156
244	156
244	156
244	156
244	156
244	156
248	156
248	156
248	156
248	156
248	156
252	156
252	156
252	156
252	156
252	156
256	156
256	156
256	156
256	156
256	156
260	156
260	156
260	156
260	156
260	156
264	156
264	156
264	156
264	156
264	156
268	156
268	156
268	156
268	156
268	156
272	156
272	156
272	156
272	156
272	156
276	156
276	156
276	156
276	156
276	156
280	156
280	156
280	156
280	156
280	156
284	156
284	156
284	156
284	156
284	156
288	156
288	156
288	156
288	156
288	156
292	156
292	156
292	156
292	156
292	156
296	156
296	156
296	156
296	156
296	156
300	156
300	156
300	156
300	156
300	156
304	156
304	156
304	156
304	156
304	156
308	156
308	156
308	156
308	156
308	156
312	156
312	156
312	156
312	156
312	156
316	156
316	156
316	156
316	156
316	156
320	156
320	156
320	156
320	156
320	156
324	156
324	156
324	156
324	156
324	156
328	156
328	156
328	156
328	156
328	156
332	156
332	156
332	156
332	156
332	156
336	156
336	156
336	156
336	156
336	156
340	156
340	156
340	156
340	156
340	156
344	156
344	156
344	156
344	156
344	156
348	156
348	156
348	156
348	156
348	156
352	156
352	156
352	156
352	156
352	156
356	156
356	156
356	156
356	156
356	156
360	156
360	156
360	156
360	156
360	156
364	156
364	156
364	156
364	156
364	156
368	156
368	156
368	156
368	156
368	156
372	156
372	156
372	156
372	156
372	156
376	156
376	156
376	156
376	156
376	156
380	156
380	156
380	156
380	156
380	156
384	156
384	156
384	156
384	156
384	156
388	156
388	156
388	156
388	156
388	156
392	156
392	156
392	156
392	156
392	156
396	156
396	156
396	156
396	156
396	156
400	156
400	156
400	156
400	156
400	156
404	156
404	156
404	156
404	156
404	156
408	156
408	156
408	156
408	156
408	156
412	156
412	156
412	156
412	156
412	156
416	156
416	156
416	156
416	156
416	156
420	156
420	156
420	156
420	156
420	156
424	156
424	156
424	156
424	156
424	156
428	156
428	156
428	156
428	156
428	156
432	156
432	156
432	156
432	156
432	156
436	156
436	156
436	156
436	156
436	156
440	156
440	156
440	156
440	156
440	156
444	156
444	156
444	156
444	156
444	156
448	156
448	156
448	156
448	156
448	156
452	156
452	156
452	156
452	156
452	156
456	156
456	156
456	156
456	156
456	156
460	156
460	156
460	156
460	156
460	156
464	156
464	156
464	156
464	156
464	156
468	156
468	156
468	156
468	156
468	156
472	156
472	156
472	156
472	156
472	156
476	156
476	156
476	156
476	156
476	156
480	156
480	156
480	156
480	156
480	156
484	156
484	156
484	156
484	156
484	156
488	156
488	156
488	156
488	156
488	156
492	156
492	156
492	156
492	156
492	156
496	156
496	156
496	156
496	156
496	156
500	156
500	156
500	156
500	156
500	156
504	156
504	156
504	156
504	156
504	156
508	156
508	156
508	156
508	156
508	156
512	156
512	156
512	156
512	156
512	156
516	156
516	156
516	156
516	156
516	156
520	156
520	156
520	156
520	156
520	156
524	156
524	156
524	156
524	156
524	156
528	156
528	156
528	156
528	156
528	156
532	156
532	156
532	156
532	156
532	156
536	156
536	156
536	156
536	156
536	156
540	156
540	156
540	156
540	156
540	156
544	156
544	156
544	156
544	156
544	156
548	156
548	156
548	156
548	156
548	156
552	156
552	156
552	156
552	156
552	156
556	156
556	156
556	156
556	156
556	156
560	156
560	156
560	156
560	156
560	156
564	156
564	156
564	156
564	156
564	156
568	156
568	156
568	156
568	156
568	156
572	156
572	156
572	156
572	156
572	156
576	156
576	156
576	156
576	156
576	156
580	156
580	156
580	156
580	156
580	156
584	156
584	156
584	156
584	156
584	156
588	156
588	156
588	156
588	156
588	156
592	156
592	156
592	156
592	156
592	156
596	156
596	156
596	156
596	156
596	156
600	156
600	156
600	156
600	156
600	156
604	156
604	156
604	156
604	156
604	156
608	156
608	156
608	156
608	156
608	156
612	156
612	156
612	156
612	156
612	156
616	156
616	156
616	156
616	156
616	156
620	156
620	156
620	156
620	156
620	156
624	156
624	156
624	156
624	156
624	156
628	156
628	156
628	156
628	156
628	156
632	156
632	156
632	156
632	156
632	156
636	156
636	156
636	156
636	156
636	156
640	156
640	156
640	156
640	156
640	156
644	156
644	156
644	156
644	156
644	156
648	156
648	156
648	156
648	156
648	156
652	156
652	156
652	156
652	156
652	156
656	156
656	156
656	156
656	156
656	156
660	156
660	156
660	156
660	156
660	156
664	156
664	156
664	156
664	156
664	156
668	156
668	156
668	156
668	156
668	156
672	156
672	156
672	156
672	156
672	156
676	156
676	156
676	156
676	156
676	156
680	156
680	156
680	156
680	156
680	156
684	156
684	156
684	156
684	156
684	156
688	156
688	156
688	156
688	156
688	156
692	156
692	156
692	156
692	156
692	156
696	156
696	156
696	156
696	156
696	156
700	156
700	156
700	156
700	156
700	156
704	156
704	156
704	156
704	156
704	156
708	156
708	156
708	156
708	156
708	156
712	156
712	156
712	156
712	156
712	156
716	156
716	156
716	156
716	156
716	156
720	156
720	156
720	156
720	156
720	156
724	156
724	156
724	156
724	156
724	156
728	156
728	156
728	156
728	156
728	156
732	156
732	156
732	156
732	156
732	156
736	156
736	156
736	156
736	156
736	156
740	156
740	156
740	156
740	156
740	156
744	156
744	156
744	156
744	156
744	156
748	156
748	156
748	156
748	156
748	156
752	156
752	156
752	156
752	156
752	156
756	156
756	156
756	156
756	156
756	156
760	156
760	156
760	156
760	156
760	156
764	156
764	156
764	156
764	156
764	156
768	156
768	156
768	156
768	156
768	156
772	156
772	156
772	156
772	156
772	156
776	156
776	156
776	156
776	156
776	156
780	156
780	156
780	156
780	156
780	156
784	156
784	156
784	156
784	156
784	156
788	156
788	156
788	156
788	156
788	156
792	156
792	156
792	156
792	156
792	156
796	156
796	156
796	156
796	156
796	156
800	156
800	156
800	156
800	156
800	156
804	156
804	156
804	156
804	156
804	156
808	156
808	156
808	156
808	156
808	156
812	156
812	156
812	156
812	156
812	156
816	156
816	156
816	156
816	156
816	156
820	156
820	156
820	156
820	156
820	156
824	156
824	156
824	156
824	156
824	156
828	156
828	156
828	156
828	156
828	156
832	156
832	156
832	156
832	156
832	156
836	156
836	156
836	156
836	156
836	156
840	156
840	156
840	156
840	156
840	156
844	156
844	156
844	156
844	156
844	156
848	156
848	156
848	156
848	156
848	156
852	156
852	156
852	156
852	156
852	156
856	156
856	156
856	156
856	156
856	156
860	156
860	156
860	156
860	156
860	156
864	156
864	156
864	156
864	156
864	156
868	156
868	156
868	156
868	156
868	156
872	156
872	156
872	156
872	156
872	156
876	156
876	156
876	156
876	156
876	156
880	156
880	156
880	156
880	156
880	156
884	156
884	156
884	156
884	156
884	156
888	156
888	156
888	156
888	156
888	156
892	156
892	156
892	156
892	156
892	156
896	156
896	156
896	156
896	156
896	156
900	156
900	156
900	156
900	156
900	156
904	156
904	156
904	156
904	156
904	156
908	156
908	156
908	156
908	156
908	156
912	156
912	156
912	156
912	156
912	156
916	156
916	156
916	156
916	156
916	156
920	156
920	156
920	156
920	156
920	156
924	156
924	156
924	156
924	156
924	156
928	156
928	156
928	156
928	156
928	156
932	156
932	156
932	156
932	156
932	156
936	156
936	156
936	156
936	156
936	156
940	156
940	156
940	156
940	156
940	156
944	156
944	156
944	156
944	156
944	156
948	156
948	156
948	156
948	156
948	156
952	156
952	156
952	156
952	156
952	156
956	156
956	156
956	156
956	156
956	156
960	156
960	156
960	156
960	156
960	156
964	156
964	156
964	156
964	156
964	156
968	156
968	156
968	156
968	156
968	156
972	156
972	156
972	156
972	156
972	156
976	156
976	156
976	156
976	156
976	156
980	156
980	156
980	156
980	156
980	156
984	156
984	156
984	156
984	156
984	156
988	156
988	156
988	156
988	156
988	156
992	156
992	156
992	156
992	156
992	156
996	156
996	156
996	156
996	156
996	156
1000	156
1000	156
1000	156
1000	156
1000	156
1004	156
1004	156
1004	156
1004	156
1004	156
1008	156
1008	156
1008	156
1008	156
1008	156
1012	156
1012	156
1012	156
1012	156
1012	156
1016	156
1016	156
1016	156
1016	156
1016	156
1020	156
1020	156
1020	156
1020	156
1020	156
1024	156
1024	156
1024	156
1024	156
1024	156
1028	156
1028	156
1028	156
1028	156
1028	156
1032	156
1032	156
1032	156
1032	156
1032	156
1036	156
1036	156
1036	156
1036	156
1036	156
1040	156
1040	156
1040	156
1040	156
1040	156
1044	156
1044	156
1044	156
1044	156
1044	156
1048	156
1048	156
1048	156
1048	156
1048	156
1052	156
1052	156
1052	156
1052	156
1052	156
1056	156
1056	156
1056	156
1056	156
1056	156
1060	156
1060	156
1060	156
1060	156
1060	156
1064	156
1064	156
1064	156
1064	156
1064	156
1068	156
1068	156
1068	156
1068	156
1068	156
1072	156
1072	156
1072	156
1072	156
1072	156
1076	156
1076	156
1076	156
1076	156
1076	156
1080	156
1080	156
1080	156
1080	156
1080	156
1084	156
1084	156
1084	156
1084	156
1084	156
1088	156
1088	156
1088	156
1088	156
1088	156
1092	156
1092	156
1092	156
1092	156
1092	156
1096	156
1096	156
1096	156
1096	156
1096	156
1100	156
1100	156
1100	156
1100	156
1100	156
1104	156
1104	156
1104	156
1104	156
1104	156
1108	156
1108	156
1108	156
1108	156
1108	156
1112	156
1112	156
1112	156
1112	156
1112	156
1116	156
1116	156
1116	156
1116	156
1116	156
1120	156
1120	156
1120	156
1120	156
1120	156
1124	156
1124	156
1124	156
1124	156
1124	156
1128	156
1128	156
1128	156
1128	156
1128	156
1132	156
1132	156
1132	156
1132	156
1132	156
1136	156
1136	156
1136	156
1136	156
1136	156
1140	156
1140	156
1140	156
1140	156
1140	156
1144	156
1144	156
1144	156
1144	156
1144	156
1148	156
1148	156
1148	156
1148	156
1148	156
1152	156
1152	156
1152	156
1152	156
1152	156
1156	156
1156	156
1156	156
1156	156
1156	156
1160	156
1160	156
1160	156
1160	156
1160	156
1164	156
1164	156
1164	156
1164	156
1164	156
1168	156
1168	156
1168	156
1168	156
1168	156
1172	156
1172	156
1172	156
1172	156
1172	156
1176	156
1176	156
1176	156
1176	156
1176	156
1180	156
1180	156
1180	156
1180	156
1180	156
1184	156
1184	156
1184	156
1184	156
1184	156
1188	156
1188	156
1188	156
1188	156
1188	156
1192	156
1192	156
1192	156
1192	156
1192	156
1196	156
1196	156
1196	156
1196	156
1196	156
1200	156
1200	156
1200	156
1200	156
1200	156
1204	156
1204	156
1204	156
1204	156
1204	156
1208	156
1208	156
1208	156
1208	156
1208	156
1212	156
1212	156
1212	156
1212	156
1212	156
1216	156
1216	156
1216	156
1216	156
1216	156
1220	156
1220	156
1220	156
1220	156
1220	156
1224	156
1224	156
1224	156
1224	156
1224	156
1228	156
1228	156
1228	156
1228	156
1228	156
1232	156
1232	156
1232	156
1232	156
1232	156
1236	156
1236	156
1236	156
1236	156
1236	156
1240	156
1240	156
1240	156
1240	156
1240	156
1244	156
1244	156
1244	156
1244	156
1244	156
1248	156
1248	156
1248	156
1248	156
1248	156
1252	156
1252	156
1252	156
1252	156
1252	156
1256	156
1256	156
1256	156
1256	156
1256	156
1260	156
1260	156
1260	156
1260	156
1260	156
1264	156
1264	156
1264	156
1264	156
1264	156
1268	156
1268	156
1268	156
1268	156
1268	156
1272	156
1272	156
1272	156
1272	156
1272	156
1276	156
1276	156
1276	156
1276	156
1276	156
1280	156
1280	156
1280	156
1280	156
1280	156
1284	156
1284	156
1284	156
1284	156
1284	156
1288	156
1288	156
1288	156
1288	156
1288	156
1292	156
1292	156
1292	156
1292	156
1292	156
1296	156
1296	156
1296	156
1296	156
1296	156
1300	156
1300	156
1300	156
1300	156
1300	156
1304	156
1304	156
1304	156
1304	156
1304	156
1308	156
1308	156
1308	156
1308	156
1308	156
1312	156
1312	156
1312	156
1312	156
1312	156
1316	156
1316	156
1316	156
1316	156
1316	156
1320	156
1320	156
1320	156
1320	156
1320	156
1324	156
1324	156
1324	156
1324	156
1324	156
1328	156
1328	156
1328	156
1328	156
1328	156
1332	156
1332	156
1332	156
1332	156
1332	156
1336	156
1336	156
1336	156
1336	156
1336	156
1340	156
1340	156
1340	156
1340	156
1340	156
1344	156
1344	156
1344	156
1344	156
1344	156
1348	156
1348	156
1348	156
1348	156
1348	156
1352	156
1352	156
1352	156
1352	156
1352	156
1356	156
1356	156
1356	156
1356	156
1356	156
1360	156
1360	156
1360	156
1360	156
1360	156
1364	156
1364	156
1364	156
1364	156
1364	156
1368	156
1368	156
1368	156
1368	156
1368	156
1372	156
1372	156
1372	156
1372	156
1372	156
1376	156
1376	156
1376	156
1376	156
1376	156
1380	156
1380	156
1380	156
1380	156
1380	156
1384	156
1384	156
1384	156
1384	156
1384	156
1388	156
1388	156
1388	156
1388	156
1388	156
1392	156
1392	156
1392	156
1392	156
1392	156
1396	156
1396	156
1396	156
1396	156
1396	156
1400	156
1400	156
1400	156
1400	156
1400	156
1404	156
1404	156
1404	156
1404	156
1404	156
1408	156
1408	156
1408	156
1408	156
1408	156
1412	156
1412	156
1412	156
1412	156
1412	156
1416	156
1416	156
1416	156
1416	156
1416	156
1420	156
1420	156
1420	156
1420	156
1420	156
1424	156
1424	156
1424	156
1424	156
1424	156
1428	156
1428	156
1428	156
1428	156
1428	156
1432	156
1432	156
1432	156
1432	156
1432	156
1436	156
1436	156
1436	156
1436	156
1436	156
1440	156
1440	156
1440	156
1440	156
1440	156
1444	156
1444	156
1444	156
1444	156
1444	156
1448	156
1448	156
1448	156
1448	156
1448	156
1452	156
1452	156
1452	156
1452	156
1452	156
1456	156
1456	156
1456	156
1456	156
1456	156
1460	156
1460	156
1460	156
1460	156
1460	156
1464	156
1464	156
1464	156
1464	156
1464	156
1468	156
1468	156
1468	156
1468	156
1468	156
1472	156
1472	156
1472	156
1472	156
1472	156
1476	156
1476	156
1476	156
1476	156
1476	156
1480	156
1480	156
1480	156
1480	156
1480	156
1484	156
1484	156
1484	156
1484	156
1484	156
1488	156
1488	156
1488	156
1488	156
1488	156
1492	156
1492	156
1492	156
1492	156
1492	156
1496	156
1496	156
1496	156
1496	156
1496	156
1500	156
1500	156
1500	156
1500	156
1500	156
1504	156
1504	156
1504	156
1504	156
1504	156
1508	156
1508	156
1508	156
1508	156
1508	156
1512	156
1512	156
1512	156
1512	156
1512	156
1516	156
1516	156
1516	156
1516	156
1516	156
1520	156
1520	156
1520	156
1520	156
1520	156
1524	156
1524	156
1524	156
1524	156
1524	156
1528	156
1528	156
1528	156
1528	156
1528	156
1532	156
1532	156
1532	156
1532	156
1532	156
1536	156
1536	156
1536	156
1536	156
1536	156
1540	156
1540	156
1540	156
1540	156
1540	156
1544	156
1544	156
1544	156
1544	156
1544	156
1548	156
1548	156
1548	156
1548	156
1548	156
1552	156
1552	156
1552	156
1552	156
1552	156
1556	156
1556	156
1556	156
1556	156
1556	156
1560	156
1560	156
1560	156
1560	156
1560	156
1564	156
1564	156
1564	156
1564	156
1564	156
1568	156
1568	156
1568	156
1568	156
1568	156
1572	156
1572	156
1572	156
1572	156
1572	156
1576	156
1576	156
1576	156
1576	156
1576	156
1580	156
1580	156
1580	156
1580	156
1580	156
1584	156
1584	156
1584	156
1584	156
1584	156
1588	156
1588	156
1588	156
1588	156
1588	156
1592	156
1592	156
1592	156
1592	156
1592	156
1596	156
1596	156
1596	156
1596	156
1596	156
1600	156
1600	156
1600	156
1600	156
1600	156
1604	156
1604	156
1604	156
1604	156
1604	156
1608	156
1608	156
1608	156
1608	156
1608	156
1612	156
1612	156
1612	156
1612	156
1612	156
1616	156
1616	156
1616	156
1616	156
1616	156
1620	156
1620	156
1620	156
1620	156
1620	156
1624	156
1624	156
1624	156
1624	156
1624	156
1628	156
1628	156
1628	156
1628	156
1628	156
1632	156
1632	156
1632	156
1632	156
1632	156
1636	156
1636	156
1636	156
1636	156
1636	156
1640	156
1640	156
1640	156
1640	156
1640	156
1644	156
1644	156
1644	156
1644	156
1644	156
1648	156
1648	156
1648	156
1648	156
1648	156
1652	156
1652	156
1652	156
1652	156
1652	156
1656	156
1656	156
1656	156
1656	156
1656	156
1660	156
1660	156
1660	156
1660	156
1660	156
1664	156
1664	156
1664	156
1664	156
1664	156
1668	156
1668	156
1668	156
1668	156
1668	156
1672	156
1672	156
1672	156
1672	156
1672	156
1676	156
1676	156
1676	156
1676	156
1676	156
1680	156
1680	156
1680	156
1680	156
1680	156
1684	156
1684	156
1684	156
1684	156
1684	156
1688	156
1688	156
1688	156
1688	156
1688	156
1692	156
1692	156
1692	156
1692	156
1692	156
1696	156
1696	156
1696	156
1696	156
1696	156
1700	156
1700	156
1700	156
1700	156
1700	156
1704	156
1704	156
1704	156
1704	156
1704	156
1708	156
1708	156
1708	156
1708	156
1708	156
1712	156
1712	156
1712	156
1712	156
1712	156
1716	156
1716	156
1716	156
1716	156
1716	156
1720	156
1720	156
1720	156
1720	156
1720	156
1724	156
1724	156
1724	156
1724	156
1724	156
1728	156
1728	156
1728	156
1728	156
1728	156
1732	156
1732	156
1732	156
1732	156
1732	156
1736	156
1736	156
1736	156
1736	156
1736	156
1740	156
1740	156
1740	156
1740	156
1740	156
1744	156
1744	156
1744	156
1744	156
1744	156
1748	156
1748	156
1748	156
1748	156
1748	156
1752	156
1752	156
1752	156
1752	156
1752	156
1756	156
1756	156
1756	156
1756	156
1756	156
1760	156
1760	156
1760	156
1760	156
1760	156
1764	156
1764	156
1764	156
1764	156
1764	156
1768	156
1768	156
1768	156
1768	156
1768	156
1772	156
1772	156
1772	156
1772	156
1772	156
1776	156
1776	156
1776	156
1776	156
1776	156
1780	156
1780	156
1780	156
1780	156
1780	156
1784	156
1784	156
1784	156
1784	156
1784	156
1788	156
1788	156
1788	156
1788	156
1788	156
1792	156
1792	156
1792	156
1792	156
1792	156
1796	156
1796	156
1796	156
1796	156
1796	156
1800	156
1800	156
1800	156
1800	156
1800	156
1804	156
1804	156
1804	156
1804	156
1804	156
1808	156
1808	156
1808	156
1808	156
1808	156
1812	156
1812	156
1812	156
1812	156
1812	156
1816	156
1816	156
1816	156
1816	156
1816	156
1820	156
1820	156
1820	156
1820	156
1820	156
1824	156
1824	156
1824	156
1824	156
1824	156
1828	156
1828	156
1828	156
1828	156
1828	156
1832	156
1832	156
1832	156
1832	156
1832	156
1836	156
1836	156
1836	156
1836	156
1836	156
1840	156
1840	156
1840	156
1840	156
1840	156
1844	156
1844	156
1844	156
1844	156
1844	156
1848	156
1848	156
1848	156
1848	156
1848	156
1852	156
1852	156
1852	156
1852	156
1852	156
1856	156
1856	156
1856	156
1856	156
1856	156
1860	156
1860	156
1860	156
1860	156
1860	156
1864	156
1864	156
1864	156
1864	156
1864	156
1868	156
1868	156
1868	156
1868	156
1868	156
1872	156
1872	156
1872	156
1872	156
1872	156
1876	156
1876	156
1876	156
1876	156
1876	156
1880	156
1880	156
1880	156
1880	156
1880	156
1884	156
1884	156
1884	156
1884	156
1884	156
1888	156
1888	156
1888	156
1888	156
1888	156
1892	156
1892	156
1892	156
1892	156
1892	156
1896	156
1896	156
1896	156
1896	156
1896	156
1900	156
1900	156
1900	156
1900	156
1900	156
1904	156
1904	156
1904	156
1904	156
1904	156
1908	156
1908	156
1908	156
1908	156
1908	156
1912	156
1912	156
1912	156
1912	156
1912	156
1916	156
1916	156
1916	156
1916	156
1916	156
1920	156
1920	156
1920	156
1920	156
1920	156
1924	156
1924	156
1924	156
1924	156
1924	156
1928	156
1928	156
1928	156
1928	156
1928	156
1932	156
1932	156
1932	156
1932	156
1932	156
1936	156
1936	156
1936	156
1936	156
1936	156
1940	156
1940	156
1940	156
1940	156
1940	156
1944	156
1944	156
1944	156
1944	156
1944	156
1948	156
1948	156
1948	156
1948	156
1948	156
1952	156
1952	156
1952	156
1952	156
1952	156
1956	156
1956	156
1956	156
1956	156
1956	156
1960	156
1960	156
1960	156
1960	156
1960	156
1964	156
1964	156
1964	156
1964	156
1964	156
1968	156
1968	156
1968	156
1968	156
1968	156
1972	156
1972	156
1972	156
1972	156
1972	156
1976	156
1976	156
1976	156
1976	156
1976	156
1980	156
1980	156
1980	156
1980	156
1980	156
1984	156
1984	156
1984	156
1984	156
1984	156
1988	156
1988	156
1988	156
1988	156
1988	156
1992	156
1992	156
1992	156
1992	156
1992	156
1996	156
1996	156
1996	156
1996	156
1996	156
2000	156
2000	156
2000	156
2000	156
2000	156
2004	156
2004	156
2004	156
2004	156
2004	156
2008	156
2008	156
2008	156
2008	156
2008	156
2012	156
2012	156
2012	156
2012	156
2012	156
2016	156
2016	156
2016	156
2016	156
2016	156
2020	156
2020	156
2020	156
2020	156
2020	156
2024	156
2024	156
2024	156
2024	156
2024	156
2028	156
2028	156
2028	156
2028	156
2028	156
2032	156
2032	156
2032	156
2032	156
2032	156
2036	156
2036	156
2036	156
2036	156
2036	156
2040	156
2040	156
2040	156
2040	156
2040	156
2044	156
2044	156
2044	156
2044	156
2044	156
2048	156
2048	156
2048	156
2048	156
2048	156
2052	156
2052	156
2052	156
2052	156
2052	156
2056	156
2056	156
2056	156
2056	156
2056	156
2060	156
2060	156
2060	156
2060	156
2060	156
2064	156
2064	156
2064	156
2064	156
2064	156
2068	156
2068	156
2068	156
2068	156
2068	156
2072	156
2072	156
2072	156
2072	156
2072	156
2076	156
2076	156
2076	156
2076	156
2076	156
2080	156
2080	156
2080	156
2080	156
2080	156
2084	156
2084	156
2084	156
2084	156
2084	156
2088	156
2088	156
2088	156
2088	156
2088	156
2092	156
2092	156
2092	156
2092	156
2092	156
2096	156
2096	156
2096	156
2096	156
2096	156
2100	156
2100	156
2100	156
2100	156
2100	156
2104	156
2104	156
2104	156
2104	156
2104	156
2108	156
2108	156
2108	156
2108	156
2108	156
2112	156
2112	156
2112	156
2112	156
2112	156
2116	156
2116	156
2116	156
2116	156
2116	156
2120	156
2120	156
2120	156
2120	156
2120	156
2124	156
2124	156
2124	156
2124	156
2124	156
2128	156
2128	156
2128	156
2128	156
2128	156
2132	156
2132	156
2132	156
2132	156
2132	156
2136	156
2136	156
2136	156
2136	156
2136	156
2140	156
2140	156
2140	156
2140	156
2140	156
2144	156
2144	156
2144	156
2144	156
2144	156
2148	156
2148	156
2148	156
2148	156
2148	156
2152	156
2152	156
2152	156
2152	156
2152	156
2156	156
2156	156
2156	156
2156	156
2156	156
2160	156
2160	156
2160	156
2160	156
2160	156
2164	156
2164	156
2164	156
2164	156
2164	156
2168	156
2168	156
2168	156
2168	156
2168	156
2172	156
2172	156
2172	156
2172	156
2172	156
2176	156
2176	156
2176	156
2176	156
2176	156
2180	156
2180	156
2180	156
2180	156
2180	156
2184	156
2184	156
2184	156
2184	156
2184	156
2188	156
2188	156
2188	156
2188	156
2188	156
2192	156
2192	156
2192	156
2192	156
2192	156
2196	156
2196	156
2196	156
2196	156
2196	156
2200	156
2200	156
2200	156
2200	156
2200	156
2204	156
2204	156
2204	156
2204	156
2204	156
2208	156
2208	156
2208	156
2208	156
2208	156
2212	156
2212	156
2212	156
2212	156
2212	156
2216	156
2216	156
2216	156
2216	156
2216	156
2220	156
2220	156
2220	156
2220	156
2220	156
2224	156
2224	156
2224	156
2224	156
2224	156
2228	156
2228	156
2228	156
2228	156
2228	156
2232	156
2232	156
2232	156
2232	156
2232	156
2236	156
2236	156
2236	156
2236	156
2236	156
2240	156
2240	156
2240	156
2240	156
2240	156
2244	156
2244	156
2244	156
2244	156
2244	156
2248	156
2248	156
2248	156
2248	156
2248	156
2252	156
2252	156
2252	156
2252	156
2252	156
2256	156
2256	156
2256	156
2256	156
2256	156
2260	156
2260	156
2260	156
2260	156
2260	156
2264	156
2264	156
2264	156
2264	156
2264	156
2268	156
2268	156
2268	156
2268	156
2268	156
2272	156
2272	156
2272	156
2272	156
2272	156
2276	156
2276	156
2276	156
2276	156
2276	156
2280	156
2280	156
2280	156
2280	156
2280	156
2284	156
2284	156
2284	156
2284	156
2284	156
2288	156
2288	156
2288	156
2288	156
2288	156
2292	156
2292	156
2292	156
2292	156
2292	156
2296	156
2296	156
2296	156
2296	156
2296	156
2300	156
2300	156
2300	156
2300	156
2300	156
2304	156
2304	156
2304	156
2304	156
2304	156
2308	156
2308	156
2308	156
2308	156
2308	156
2312	156
2312	156
2312	156
2312	156
2312	156
2316	156
2316	156
2316	156
2316	156
2316	156
2320	156
2320	156
2320	156
2320	156
2320	156
2324	156
2324	156
2324	156
2324	156
2324	156
2328	156
2328	156
2328	156
2328	156
2328	156
2332	156
2332	156
2332	156
2332	156
2332	156
2336	156
2336	156
2336	156
2336	156
2336	156
2340	156
2340	156
2340	156
2340	156
2340	156
2344	156
2344	156
2344	156
2344	156
2344	156
2348	156
2348	156
2348	156
2348	156
2348	156
2352	156
2352	156
2352	156
2352	156
2352	156
2356	156
2356	156
2356	156
2356	156
2356	156
2360	156
2360	156
2360	156
2360	156
2360	156
2364	156
2364	156
2364	156
2364	156
2364	156
2368	156
2368	156
2368	156
2368	156
2368	156
2372	156
2372	156
2372	156
2372	156
2372	156
2376	156
2376	156
2376	156
2376	156
2376	156
2380	156
2380	156
2380	156
2380	156
2380	156
2384	156
2384	156
2384	156
2384	156
2384	156
2388	156
2388	156
2388	156
2388	156
2388	156
2392	156
2392	156
2392	156
2392	156
2392	156
2396	156
2396	156
2396	156
2396	156
2396	156
2400	156
2400	156
2400	156
2400	156
2400	156
2404	156
2404	156
2404	156
2404	156
2404	156
2408	156
2408	156
2408	156
2408	156
2408	156
2412	156
2412	156
2412	156
2412	156
2412	156
2416	156
2416	156
2416	156
2416	156
2416	156
2420	156
2420	156
2420	156
2420	156
2420	156
2424	156
2424	156
2424	156
2424	156
2424	156
2428	156
2428	156
2428	156
2428	156
2428	156
2432	156
2432	156
2432	156
2432	156
2432	156
2436	156
2436	156
2436	156
2436	156
2436	156
2440	156
2440	156
2440	156
2440	156
2440	156
2444	156
2444	156
2444	156
2444	156
2444	156
2448	156
2448	156
2448	156
2448	156
2448	156
2452	156
2452	156
2452	156
2452	156
2452	156
2456	156
2456	156
2456	156
2456	156
2456	156
2460	156
2460	156
2460	156
2460	156
2460	156
2464	156
2464	156
2464	156
2464	156
2464	156
2468	156
2468	156
2468	156
2468	156
2468	156
2472	156
2472	156
2472	156
2472	156
2472	156
2476	156
2476	156
2476	156
2476	156
2476	156
2480	156
2480	156
2480	156
2480	156
2480	156
2484	156
2484	156
2484	156
2484	156
2484	156
2488	156
2488	156
2488	156
2488	156
2488	156
2492	156
2492	156
2492	156
2492	156
2492	156
2496	156
2496	156
2496	156
2496	156
2496	156
2500	156
2500	156
2500	156
2500	156
2500	156
2504	156
2504	156
2504	156
2504	156
2504	156
2508	156
2508	156
2508	156
2508	156
2508	156
2512	156
2512	156
2512	156
2512	156
2512	156
2516	156
2516	156
2516	156
2516	156
2516	156
2520	156
2520	156
2520	156
2520	156
2520	156
2524	156
2524	156
2524	156
2524	156
2524	156
2528	156
2528	156
2528	156
2528	156
2528	156
2532	156
2532	156
2532	156
2532	156
2532	156
2536	156
2536	156
2536	156
2536	156
2536	156
2540	156
2540	156
2540	156
2540	156
2540	156
2544	156
2544	156
2544	156
2544	156
2544	156
2548	156
2548	156
2548	156
2548	156
2548	156
2552	156
2552	156
2552	156
2552	156
2552	156
2556	156
2556	156
2556	156
2556	156
2556	156
2560	156
2560	156
2560	156
2560	156
2560	156
2564	156
2564	156
2564	156
2564	156
2564	156
2568	156
2568	156
2568	156
2568	156
2568	156
2572	156
2572	156
2572	156
2572	156
2572	156
2576	156
2576	156
2576	156
2576	156
2576	156
2580	156
2580	156
2580	156
2580	156
2580	156
2584	156
2584	156
2584	156
2584	156
2584	156
2588	156
2588	156
2588	156
2588	156
2588	156
2592	156
2592	156
2592	156
2592	156
2592	156
2596	156
2596	156
2596	156
2596	156
2596	156
2600	156
2600	156
2600	156
2600	156
2600	156
2604	156
2604	156
2604	156
2604	156
2604	156
2608	156
2608	156
2608	156
2608	156
2608	156
2612	156
2612	156
2612	156
2612	156
2612	156
2616	156
2616	156
2616	156
2616	156
2616	156
2620	156
2620	156
2620	156
2620	156
2620	156
2624	156
2624	156
2624	156
2624	156
2624	156
2628	156
2628	156
2628	156
2628	156
2628	156
2632	156
2632	156
2632	156
2632	156
2632	156
2636	156
2636	156
2636	156
2636	156
2636	156
2640	156
2640	156
2640	156
2640	156
2640	156
2644	156
2644	156
2644	156
2644	156
2644	156
2648	156
2648	156
2648	156
2648	156
2648	156
2652	156
2652	156
2652	156
2652	156
2652	156
2656	156
2656	156
2656	156
2656	156
2656	156
2660	156
2660	156
2660	156
2660	156
2660	156
2664	156
2664	156
2664	156
2664	156
2664	156
2668	156
2668	156
2668	156
2668	156
2668	156
2672	156
2672	156
2672	156
2672	156
2672	156
2676	156
2676	156
2676	156
2676	156
2676	156
2680	156
2680	156
2680	156
2680	156
2680	156
2684	156
2684	156
2684	156
2684	156
2684	156
2688	156
2688	156
2688	156
2688	156
2688	156
2692	156
2692	156
2692	156
2692	156
2692	156
2696	156
2696	156
2696	156
2696	156
2696	156
2700	156
2700	156
2700	156
2700	156
2700	156
2704	156
2704	156
2704	156
2704	156
2704	156
2708	156
2708	156
2708	156
2708	156
2708	156
2712	156
2712	156
2712	156
2712	156
2712	156
2716	156
2716	156
2716	156
2716	156
2716	156
2720	156
2720	156
2720	156
2720	156
2720	156
2724	156
2724	156
2724	156
2724	156
2724	156
2728	156
2728	156
2728	156
2728	156
2728	156
2732	156
2732	156
2732	156
2732	156
2732	156
2736	156
2736	156
2736	156
2736	156
2736	156
2740	156
2740	156
2740	156
2740	156
2740	156
2744	156
2744	156
2744	156
2744	156
2744	156
2748	156
2748	156
2748	156
2748	156
2748	156
2752	156
2752	156
2752	156
2752	156
2752	156
2756	156
2756	156
2756	156
2756	156
2756	156
2760	156
2760	156
2760	156
2760	156
2760	156
2764	156
2764	156
2764	156
2764	156
2764	156
2768	156
2768	156
2768	156
2768	156
2768	156
2772	156
2772	156
2772	156
2772	156
2772	156
2776	156
2776	156
2776	156
2776	156
2776	156
2780	156
2780	156
2780	156
2780	156
2780	156
2784	156
2784	156
2784	156
2784	156
2784	156
2788	156
2788	156
2788	156
2788	156
2788	156
2792	156
2792	156
2792	156
2792	156
2792	156
2796	156
2796	156
2796	156
2796	156
2796	156
2800	156
2800	156
2800	156
2800	156
2800	156
2804	156
2804	156
2804	156
2804	156
2804	156
2808	156
2808	156
2808	156
2808	156
2808	156
2812	156
2812	156
2812	156
2812	156
2812	156
2816	156
2816	156
2816	156
2816	156
2816	156
2820	156
2820	156
2820	156
2820	156
2820	156
2824	156
2824	156
2824	156
2824	156
2824	156
2828	156
2828	156
2828	156
2828	156
2828	156
2832	156
2832	156
2832	156
2832	156
2832	156
2836	156
2836	156
2836	156
2836	156
2836	156
2840	156
2840	156
2840	156
2840	156
2840	156
2844	156
2844	156
2844	156
2844	156
2844	156
2848	156
2848	156
2848	156
2848	156
2848	156
2852	156
2852	156
2852	156
2852	156
2852	156
2856	156
2856	156
2856	156
2856	156
2856	156
2860	156
2860	156
2860	156
2860	156
2860	156
2864	156
2864	156
2864	156
2864	156
2864	156
2868	156
2868	156
2868	156
2868	156
2868	156
2872	156
2872	156
2872	156
2872	156
2872	156
2876	156
2876	156
2876	156
2876	156
2876	156
2880	156
2880	156
2880	156
2880	156
2880	156
2884	156
2884	156
2884	156
2884	156
2884	156
2888	156
2888	156
2888	156
2888	156
2888	156
2892	156
2892	156
2892	156
2892	156
2892	156
2896	156
2896	156
2896	156
2896	156
2896	156
2900	156
2900	156
2900	156
2900	156
2900	156
2904	156
2904	156
2904	156
2904	156
2904	156
2908	156
2908	156
2908	156
2908	156
2908	156
2912	156
2912	156
2912	156
2912	156
2912	156
2916	156
2916	156
2916	156
2916	156
2916	156
2920	156
2920	156
2920	156
2920	156
2920	156
2924	156
2924	156
2924	156
2924	156
2924	156
2928	156
2928	156
2928	156
2928	156
2928	156
2932	156
2932	156
2932	156
2932	156
2932	156
2936	156
2936	156
2936	156
2936	156
2936	156
2940	156
2940	156
2940	156
2940	156
2940	156
2944	156
2944	156
2944	156
2944	156
2944	156
2948	156
2948	156
2948	156
2948	156
2948	156
2952	156
2952	156
2952	156
2952	156
2952	156
2956	156
2956	156
2956	156
2956	156
2956	156
2960	156
2960	156
2960	156
2960	156
2960	156
2964	156
2964	156
2964	156
2964	156
2964	156
2968	156
2968	156
2968	156
2968	156
2968	156
2972	156
2972	156
2972	156
2972	156
2972	156
2976	156
2976	156
2976	156
2976	156
2976	156
2980	156
2980	156
2980	156
2980	156
2980	156
2984	156
2984	156
2984	156
2984	156
2984	156
2988	156
2988	156
2988	156
2988	156
2988	156
2992	156
2992	156
2992	156
2992	156
2992	156
2996	156
2996	156
2996	156
2996	156
2996	156
3000	156
3000	156
3000	156
3000	156
3000	156
3004	156
3004	156
3004	156
3004	156
3004	156
3008	156
3008	156
3008	156
3008	156
3008	156
3012	156
3012	156
3012	156
3012	156
3012	156
3016	156
3016	156
3016	156
3016	156
3016	156
3020	156
3020	156
3020	156
3020	156
3020	156
3024	156
3024	156
3024	156
3024	156
3024	156
3028	156
3028	156
3028	156
3028	156
3028	156
3032	156
3032	156
3032	156
3032	156
3032	156
3036	156
3036	156
3036	156
3036	156
3036	156
3040	156
3040	156
3040	156
3040	156
3040	156
3044	156
3044	156
3044	156
3044	156
3044	156
3048	156
3048	156
3048	156
3048	156
3048	156
3052	156
3052	156
3052	156
3052	156
3052	156
3056	156
3056	156
3056	156
3056	156
3056	156
3060	156
3060	156
3060	156
3060	156
3060	156
3064	156
3064	156
3064	156
3064	156
3064	156
3068	156
3068	156
3068	156
3068	156
3068	156
3072	156
3072	156
3072	156
3072	156
3072	156
3076	156
3076	156
3076	156
3076	156
3076	156
3080	156
3080	156
3080	156
3080	156
3080	156
3084	156
3084	156
3084	156
3084	156
3084	156
3088	156
3088	156
3088	156
3088	156
3088	156
3092	156
3092	156
3092	156
3092	156
3092	156
3096	156
3096	156
3096	156
3096	156
3096	156
3100	156
3100	156
3100	156
3100	156
3100	156
3104	156
3104	156
3104	156
3104	156
3104	156
3108	156
3108	156
3108	156
3108	156
3108	156
3112	156
3112	156
3112	156
3112	156
3112	156
3116	156
3116	156
3116	156
3116	156
3116	156
3120	156
3120	156
3120	156
3120	156
3120	156
3124	156
3124	156
3124	156
3124	156
3124	156
3128	156
3128	156
3128	156
3128	156
3128	156
3132	156
3132	156
3132	156
3132	156
3132	156
3136	156
3136	156
3136	156
3136	156
3136	156
3140	156
3140	156
3140	156
3140	156
3140	156
3144	156
3144	156
3144	156
3144	156
3144	156
3148	156
3148	156
3148	156
3148	156
3148	156
3152	156
3152	156
3152	156
3152	156
3152	156
3156	156
3156	156
3156	156
3156	156
3156	156
3160	156
3160	156
3160	156
3160	156
3160	156
3164	156
3164	156
3164	156
3164	156
3164	156
3168	156
3168	156
3168	156
3168	156
3168	156
3172	156
3172	156
3172	156
3172	156
3172	156
3176	156
3176	156
3176	156
3176	156
3176	156
3180	156
3180	156
3180	156
3180	156
3180	156
3184	156
3184	156
3184	156
3184	156
3184	156
3188	156
3188	156
3188	156
3188	156
3188	156
3192	156
3192	156
3192	156
3192	156
3192	156
3196	156
3196	156
3196	156
3196	156
3196	156
3200	156
3200	156
3200	156
3200	156
3200	156
3204	156
3204	156
3204	156
3204	156
3204	156
3208	156
3208	156
3208	156
3208	156
3208	156
3212	156
3212	156
3212	156
3212	156
3212	156
3216	156
3216	156
3216	156
3216	156
3216	156
3220	156
3220	156
3220	156
3220	156
3220	156
3224	156
3224	156
3224	156
3224	156
3224	156
3228	156
3228	156
3228	156
3228	156
3228	156
3232	156
3232	156
3232	156
3232	156
3232	156
3236	156
3236	156
3236	156
3236	156
3236	156
3240	156
3240	156
3240	156
3240	156
3240	156
3244	156
3244	156
3244	156
3244	156
3244	156
3248	156
3248	156
3248	156
3248	156
3248	156
3252	156
3252	156
3252	156
3252	156
3252	156
3256	156
3256	156
3256	156
3256	156
3256	156
3260	156
3260	156
3260	156
3260	156
3260	156
3264	156
3264	156
3264	156
3264	156
3264	156
3268	156
3268	156
3268	156
3268	156
3268	156
3272	156
3272	156
3272	156
3272	156
3272	156
3276	156
3276	156
3276	156
3276	156
3276	156
3280	156
3280	156
3280	156
3280	156
3280	156
3284	156
3284	156
3284	156
3284	156
3284	156
3288	156
3288	156
3288	156
3288	156
3288	156
3292	156
3292	156
3292	156
3292	156
3292	156
3296	156
3296	156
3296	156
3296	156
3296	156
3300	156
3300	156
3300	156
3300	156
3300	156
3304	156
3304	156
3304	156
3304	156
3304	156
3308	156
3308	156
3308	156
3308	156
3308	156
3312	156
3312	156
3312	156
3312	156
3312	156
3316	156
3316	156
3316	156
3316	156
3316	156
3320	156
3320	156
3320	156
3320	156
3320	156
3324	156
3324	156
3324	156
3324	156
3324	156
3328	156
3328	156
3328	156
3328	156
3328	156
3332	156
3332	156
3332	156
3332	156
3332	156
3336	156
3336	156
3336	156
3336	156
3336	156
3340	156
3340	156
3340	156
3340	156
3340	156
3344	156
3344	156
3344	156
3344	156
3344	156
3348	156
3348	156
3348	156
3348	156
3348	156
3352	156
3352	156
3352	156
3352	156
3352	156
3356	156
3356	156
3356	156
3356	156
3356	156
3360	156
3360	156
3360	156
3360	156
3360	156
3364	156
3364	156
3364	156
3364	156
3364	156
3368	156
3368	156
3368	156
3368	156
3368	156
3372	156
3372	156
3372	156
3372	156
3372	156
3376	156
3376	156
3376	156
3376	156
3376	156
3380	156
3380	156
3380	156
3380	156
3380	156
3384	156
3384	156
3384	156
3384	156
3384	156
3388	156
3388	156
3388	156
3388	156
3388	156
3392	156
3392	156
3392	156
3392	156
3392	156
3396	156
3396	156
3396	156
3396	156
3396	156
3400	156
3400	156
3400	156
3400	156
3400	156
3404	156
3404	156
3404	156
3404	156
3404	156
3408	156
3408	156
3408	156
3408	156
3408	156
3412	156
3412	156
3412	156
3412	156
3412	156
3416	156
3416	156
3416	156
3416	156
3416	156
3420	156
3420	156
3420	156
3420	156
3420	156
3424	156
3424	156
3424	156
3424	156
3424	156
3428	156
3428	156
3428	156
3428	156
3428	156
3432	156
3432	156
3432	156
3432	156
3432	156
3436	156
3436	156
3436	156
3436	156
3436	156
3440	156
3440	156
3440	156
3440	156
3440	156
3444	156
3444	156
3444	156
3444	156
3444	156
3448	156
3448	156
3448	156
3448	156
3448	156
3452	156
3452	156
3452	156
3452	156
3452	156
3456	156
3456	156
3456	156
3456	156
3456	156
3460	156
3460	156
3460	156
3460	156
3460	156
3464	156
3464	156
3464	156
3464	156
3464	156
3468	156
3468	156
3468	156
3468	156
3468	156
3472	156
3472	156
3472	156
3472	156
3472	156
3476	156
3476	156
3476	156
3476	156
3476	156
3480	156
3480	156
3480	156
3480	156
3480	156
3484	156
3484	156
3484	156
3484	156
3484	156
3488	156
3488	156
3488	156
3488	156
3488	156
3492	156
3492	156
3492	156
3492	156
3492	156
3496	156
3496	156
3496	156
3496	156
3496	156
3500	156
3500	156
3500	156
3500	156
3500	156
3504	156
3504	156
3504	156
3504	156
3504	156
3508	156
3508	156
3508	156
3508	156
3508	156
3512	156
3512	156
3512	156
3512	156
3512	156
3516	156
3516	156
3516	156
3516	156
3516	156
3520	156
3520	156
3520	156
3520	156
3520	156
3524	156
3524	156
3524	156
3524	156
3524	156
3528	156
3528	156
3528	156
3528	156
3528	156
3532	156
3532	156
3532	156
3532	156
3532	156
3536	156
3536	156
3536	156
3536	156
3536	156
3540	156
3540	156
3540	156
3540	156
3540	156
3544	156
3544	156
3544	156
3544	156
3544	156
3548	156
3548	156
3548	156
3548	156
3548	156
3552	156
3552	156
3552	156
3552	156
3552	156
3556	156
3556	156
3556	156
3556	156
3556	156
3560	156
3560	156
3560	156
3560	156
3560	156
3564	156
3564	156
3564	156
3564	156
3564	156
3568	156
3568	156
3568	156
3568	156
3568	156
3572	156
3572	156
3572	156
3572	156
3572	156
3576	156
3576	156
3576	156
3576	156
3576	156
3580	156
3580	156
3580	156
3580	156
3580	156
3584	156
3584	156
3584	156
3584	156
3584	156
3588	156
3588	156
3588	156
3588	156
3588	156
3592	156
3592	156
3592	156
3592	156
3592	156
3596	156
3596	156
3596	156
3596	156
3596	156
3600	156
3600	156
3600	156
3600	156
3600	156
3604	156
3604	156
3604	156
3604	156
3604	156
3608	156
3608	156
3608	156
3608	156
3608	156
3612	156
3612	156
3612	156
3612	156
3612	156
3616	156
3616	156
3616	156
3616	156
3616	156
3620	156
3620	156
3620	156
3620	156
3620	156
3624	156
3624	156
3624	156
3624	156
3624	156
3628	156
3628	156
3628	156
3628	156
3628	156
3632	156
3632	156
3632	156
3632	156
3632	156
3636	156
3636	156
3636	156
3636	156
3636	156
3640	156
3640	156
3640	156
3640	156
3640	156
3644	156
3644	156
3644	156
3644	156
3644	156
3648	156
3648	156
3648	156
3648	156
3648	156
3652	156
3652	156
3652	156
3652	156
3652	156
3656	156
3656	156
3656	156
3656	156
3656	156
3660	156
3660	156
3660	156
3660	156
3660	156
3664	156
3664	156
3664	156
3664	156
3664	156
3668	156
3668	156
3668	156
3668	156
3668	156
3672	156
3672	156
3672	156
3672	156
3672	156
3676	156
3676	156
3676	156
3676	156
3676	156
3680	156
3680	156
3680	156
3680	156
3680	156
3684	156
3684	156
3684	156
3684	156
3684	156
3688	156
3688	156
3688	156
3688	156
3688	156
3692	156
3692	156
3692	156
3692	156
3692	156
3696	156
3696	156
3696	156
3696	156
3696	156
3700	156
3700	156
3700	156
3700	156
3700	156
3704	156
3704	156
3704	156
3704	156
3704	156
3708	156
3708	156
3708	156
3708	156
3708	156
3712	156
3712	156
3712	156
3712	156
3712	156
3716	156
3716	156
3716	156
3716	156
3716	156
3720	156
3720	156
3720	156
3720	156
3720	156
3724	156
3724	156
3724	156
3724	156
3724	156
3728	156
3728	156
3728	156
3728	156
3728	156
3732	156
3732	156
3732	156
3732	156
3732	156
3736	156
3736	156
3736	156
3736	156
3736	156
3740	156
3740	156
3740	156
3740	156
3740	156
3744	156
3744	156
3744	156
3744	156
3744	156
3748	156
3748	156
3748	156
3748	156
3748	156
3752	156
3752	156
3752	156
3752	156
3752	156
3756	156
3756	156
3756	156
3756	156
3756	156
3760	156
3760	156
3760	156
3760	156
3760	156
3764	156
3764	156
3764	156
3764	156
3764	156
3768	156
3768	156
3768	156
3768	156
3768	156
3772	156
3772	156
3772	156
3772	156
3772	156
3776	156
3776	156
3776	156
3776	156
3776	156
3780	156
3780	156
3780	156
3780	156
3780	156
3784	156
3784	156
3784	156
3784	156
3784	156
3788	156
3788	156
3788	156
3788	156
3788	156
3792	156
3792	156
3792	156
3792	156
3792	156
3796	156
3796	156
3796	156
3796	156
3796	156
3800	156
3800	156
3800	156
3800	156
3800	156
3804	156
3804	156
3804	156
3804	156
3804	156
3808	156
3808	156
3808	156
3808	156
3808	156
3812	156
3812	156
3812	156
3812	156
3812	156
3816	156
3816	156
3816	156
3816	156
3816	156
3820	156
3820	156
3820	156
3820	156
3820	156
3824	156
3824	156
3824	156
3824	156
3824	156
3828	156
3828	156
3828	156
3828	156
3828	156
3832	156
3832	156
3832	156
3832	156
3832	156
3836	156
3836	156
3836	156
3836	156
3836	156
3840	156
3840	156
3840	156
3840	156
3840	156
3844	156
3844	156
3844	156
3844	156
3844	156
3848	156
3848	156
3848	156
3848	156
3848	156
3852	156
3852	156
3852	156
3852	156
3852	156
3856	156
3856	156
3856	156
3856	156
3856	156
3860	156
3860	156
3860	156
3860	156
3860	156
3864	156
3864	156
3864	156
3864	156
3864	156
3868	156
3868	156
3868	156
3868	156
3868	156
3872	156
3872	156
3872	156
3872	156
3872	156
3876	156
3876	156
3876	156
3876	156
3876	156
3880	156
3880	156
3880	156
3880	156
3880	156
3884	156
3884	156
3884	156
3884	156
3884	156
3888	156
3888	156
3888	156
3888	156
3888	156
3892	156
3892	156
3892	156
3892	156
3892	156
3896	156
3896	156
3896	156
3896	156
3896	156
3900	156
3900	156
3900	156
3900	156
3900	156
3904	156
3904	156
3904	156
3904	156
3904	156
3908	156
3908	156
3908	156
3908	156
3908	156
3912	156
3912	156
3912	156
3912	156
3912	156
3916	156
3916	156
3916	156
3916	156
3916	156
3920	156
3920	156
3920	156
3920	156
3920	156
3924	156
3924	156
3924	156
3924	156
3924	156
3928	156
3928	156
3928	156
3928	156
3928	156
3932	156
3932	156
3932	156
3932	156
3932	156
3936	156
3936	156
3936	156
3936	156
3936	156
3940	156
3940	156
3940	156
3940	156
3940	156
3944	156
3944	156
3944	156
3944	156
3944	156
3948	156
3948	156
3948	156
3948	156
3948	156
3952	156
3952	156
3952	156
3952	156
3952	156
3956	156
3956	156
3956	156
3956	156
3956	156
3960	156
3960	156
3960	156
3960	156
3960	156
3964	156
3964	156
3964	156
3964	156
3964	156
3968	156
3968	156
3968	156
3968	156
3968	156
3972	156
3972	156
3972	156
3972	156
3972	156
3976	156
3976	156
3976	156
3976	156
3976	156
3980	156
3980	156
3980	156
3980	156
3980	156
3984	156
3984	156
3984	156
3984	156
3984	156
3988	156
3988	156
3988	156
3988	156
3988	156
3992	156
3992	156
3992	156
3992	156
3992	156
3996	156
3996	156
3996	156
3996	156
3996	156
4000	156
4000	156
4000	156
4000	156
4000	156
4004	156
4004	156
4004	156
4004	156
4004	156
4008	156
4008	156
4008	156
4008	156
4008	156
4012	156
4012	156
4012	156
4012	156
4012	156
4016	156
4016	156
4016	156
4016	156
4016	156
4020	156
4020	156
4020	156
4020	156
4020	156
4024	156
4024	156
4024	156
4024	156
4024	156
4028	156
4028	156
4028	156
4028	156
4028	156
4032	156
4032	156
4032	156
4032	156
4032	156
4036	156
4036	156
4036	156
4036	156
4036	156
4040	156
4040	156
4040	156
4040	156
4040	156
4044	156
4044	156
4044	156
4044	156
4044	156
4048	156
4048	156
4048	156
4048	156
4048	156
4052	156
4052	156
4052	156
4052	156
4052	156
4056	156
4056	156
4056	156
4056	156
4056	156
4060	156
4060	156
4060	156
4060	156
4060	156
4064	156
4064	156
4064	156
4064	156
4064	156
4068	156
4068	156
4068	156
4068	156
4068	156
4072	156
4072	156
4072	156
4072	156
4072	156
4076	156
4076	156
4076	156
4076	156
4076	156
4080	156
4080	156
4080	156
4080	156
4080	156
4084	156
4084	156
4084	156
4084	156
4084	156
4088	156
4088	156
4088	156
4088	156
4088	156
4092	156
4092	156
4092	156
4092	156
4092	156
4096	156
4096	156
4096	156
4096	156
4096	156
4100	156
4100	156
4100	156
4100	156
4100	156
4104	156
4104	156
4104	156
4104	156
4104	156
4108	156
4108	156
4108	156
4108	156
4108	156
4112	156
4112	156
4112	156
4112	156
4112	156
4116	156
4116	156
4116	156
4116	156
4116	156
4120	156
4120	156
4120	156
4120	156
4120	156
4124	156
4124	156
4124	156
4124	156
4124	156
4128	156
4128	156
4128	156
4128	156
4128	156
4132	156
4132	156
4132	156
4132	156
4132	156
4136	156
4136	156
4136	156
4136	156
4136	156
4140	156
4140	156
4140	156
4140	156
4140	156
4144	156
4144	156
4144	156
4144	156
4144	156
4148	156
4148	156
4148	156
4148	156
4148	156
4152	156
4152	156
4152	156
4152	156
4152	156
4156	156
4156	156
4156	156
4156	156
4156	156
4160	156
4160	156
4160	156
4160	156
4160	156
4164	156
4164	156
4164	156
4164	156
4164	156
4168	156
4168	156
4168	156
4168	156
4168	156
4172	156
4172	156
4172	156
4172	156
4172	156
4176	156
4176	156
4176	156
4176	156
4176	156
4180	156
4180	156
4180	156
4180	156
4180	156
4184	156
4184	156
4184	156
4184	156
4184	156
4188	156
4188	156
4188	156
4188	156
4188	156
4192	156
4192	156
4192	156
4192	156
4192	156
4196	156
4196	156
4196	156
4196	156
4196	156
4200	156
4200	156
4200	156
4200	156
4200	156
4204	156
4204	156
4204	156
4204	156
4204	156
4208	156
4208	156
4208	156
4208	156
4208	156
4212	156
4212	156
4212	156
4212	156
4212	156
4216	156
4216	156
4216	156
4216	156
4216	156
4220	156
4220	156
4220	156
4220	156
4220	156
4224	156
4224	156
4224	156
4224	156
4224	156
4228	156
4228	156
4228	156
4228	156
4228	156
4232	156
4232	156
4232	156
4232	156
4232	156
4236	156
4236	156
4236	156
4236	156
4236	156
4240	156
4240	156
4240	156
4240	156
4240	156
4244	156
4244	156
4244	156
4244	156
4244	156
4248	156
4248	156
4248	156
4248	156
4248	156
4252	156
4252	156
4252	156
4252	156
4252	156
4256	156
4256	156
4256	156
4256	156
4256	156
4260	156
4260	156
4260	156
4260	156
4260	156
4264	156
4264	156
4264	156
4264	156
4264	156
4268	156
4268	156
4268	156
4268	156
4268	156
4272	156
4272	156
4272	156
4272	156
4272	156
4276	156
4276	156
4276	156
4276	156
4276	156
4280	156
4280	156
4280	156
4280	156
4280	156
4284	156
4284	156
4284	156
4284	156
4284	156
4288	156
4288	156
4288	156
4288	156
4288	156
4292	156
4292	156
4292	156
4292	156
4292	156
4296	156
4296	156
4296	156
4296	156
4296	156
4300	156
4300	156
4300	156
4300	156
4300	156
4304	156
4304	156
4304	156
4304	156
4304	156
4308	156
4308	156
4308	156
4308	156
4308	156
4312	156
4312	156
4312	156
4312	156
4312	156
4316	156
4316	156
4316	156
4316	156
4316	156
4320	156
4320	156
4320	156
4320	156
4320	156
4324	156
4324	156
4324	156
4324	156
4324	156
4328	156
4328	156
4328	156
4328	156
4328	156
4332	156
4332	156
4332	156
4332	156
4332	156
4336	156
4336	156
4336	156
4336	156
4336	156
4340	156
4340	156
4340	156
4340	156
4340	156
4344	156
4344	156
4344	156
4344	156
4344	156
4348	156
4348	156
4348	156
4348	156
4348	156
4352	156
4352	156
4352	156
4352	156
4352	156
4356	156
4356	156
4356	156
4356	156
4356	156
4360	156
4360	156
4360	156
4360	156
4360	156
4364	156
4364	156
4364	156
4364	156
4364	156
4368	156
4368	156
4368	156
4368	156
4368	156
4372	156
4372	156
4372	156
4372	156
4372	156
4376	156
4376	156
4376	156
4376	156
4376	156
4380	156
4380	156
4380	156
4380	156
4380	156
4384	156
4384	156
4384	156
4384	156
4384	156
4388	156
4388	156
4388	156
4388	156
4388	156
4392	156
4392	156
4392	156
4392	156
4392	156
4396	156
4396	156
4396	156
4396	156
4396	156
4400	156
4400	156
4400	156
4400	156
4400	156
4404	156
4404	156
4404	156
4404	156
4404	156
4408	156
4408	156
4408	156
4408	156
4408	156
4412	156
4412	156
4412	156
4412	156
4412	156
4416	156
4416	156
4416	156
4416	156
4416	156
4420	156
4420	156
4420	156
4420	156
4420	156
4424	156
4424	156
4424	156
4424	156
4424	156
4428	156
4428	156
4428	156
4428	156
4428	156
4432	156
4432	156
4432	156
4432	156
4432	156
4436	156
4436	156
4436	156
4436	156
4436	156
4440	156
4440	156
4440	156
4440	156
4440	156
4444	156
4444	156
4444	156
4444	156
4444	156
4448	156
4448	156
4448	156
4448	156
4448	156
4452	156
4452	156
4452	156
4452	156
4452	156
4456	156
4456	156
4456	156
4456	156
4456	156
4460	156
4460	156
4460	156
4460	156
4460	156
4464	156
4464	156
4464	156
4464	156
4464	156
4468	156
4468	156
4468	156
4468	156
4468	156
4472	156
4472	156
4472	156
4472	156
4472	156
4476	156
4476	156
4476	156
4476	156
4476	156
4480	156
4480	156
4480	156
4480	156
4480	156
4484	156
4484	156
4484	156
4484	156
4484	156
4488	156
4488	156
4488	156
4488	156
4488	156
4492	156
4492	156
4492	156
4492	156
4492	156
4496	156
4496	156
4496	156
4496	156
4496	156
4500	156
4500	156
4500	156
4500	156
4500	156
4504	156
4504	156
4504	156
4504	156
4504	156
4508	156
4508	156
4508	156
4508	156
4508	156
4512	156
4512	156
4512	156
4512	156
4512	156
4516	156
4516	156
4516	156
4516	156
4516	156
4520	156
4520	156
4520	156
4520	156
4520	156
4524	156
4524	156
4524	156
4524	156
4524	156
4528	156
4528	156
4528	156
4528	156
4528	156
4532	156
4532	156
4532	156
4532	156
4532	156
4536	156
4536	156
4536	156
4536	156
4536	156
4540	156
4540	156
4540	156
4540	156
4540	156
4544	156
4544	156
4544	156
4544	156
4544	156
4548	156
4548	156
4548	156
4548	156
4548	156
4552	156
4552	156
4552	156
4552	156
4552	156
4556	156
4556	156
4556	156
4556	156
4556	156
4560	156
4560	156
4560	156
4560	156
4560	156
4564	156
4564	156
4564	156
4564	156
4564	156
4568	156
4568	156
4568	156
4568	156
4568	156
4572	156
4572	156
4572	156
4572	156
4572	156
4576	156
4576	156
4576	156
4576	156
4576	156
4580	156
4580	156
4580	156
4580	156
4580	156
4584	156
4584	156
4584	156
4584	156
4584	156
4588	156
4588	156
4588	156
4588	156
4588	156
4592	156
4592	156
4592	156
4592	156
4592	156
4596	156
4596	156
4596	156
4596	156
4596	156
4600	156
4600	156
4600	156
4600	156
4600	156
4604	156
4604	156
4604	156
4604	156
4604	156
4608	156
4608	156
4608	156
4608	156
4608	156
4612	156
4612	156
4612	156
4612	156
4612	156
4616	156
4616	156
4616	156
4616	156
4616	156
4620	156
4620	156
4620	156
4620	156
4620	156
4624	156
4624	156
4624	156
4624	156
4624	156
4628	156
4628	156
4628	156
4628	156
4628	156
4632	156
4632	156
4632	156
4632	156
4632	156
4636	156
4636	156
4636	156
4636	156
4636	156
4640	156
4640	156
4640	156
4640	156
4640	156
4644	156
4644	156
4644	156
4644	156
4644	156
4648	156
4648	156
4648	156
4648	156
4648	156
4652	156
4652	156
4652	156
4652	156
4652	156
4656	156
4656	156
4656	156
4656	156
4656	156
4660	156
4660	156
4660	156
4660	156
4660	156
4664	156
4664	156
4664	156
4664	156
4664	156
4668	156
4668	156
4668	156
4668	156
4668	156
4672	156
4672	156
4672	156
4672	156
4672	156
4676	156
4676	156
4676	156
4676	156
4676	156
4680	156
4680	156
4680	156
4680	156
4680	156
4684	156
4684	156
4684	156
4684	156
4684	156
4688	156
4688	156
4688	156
4688	156
4688	156
4692	156
4692	156
4692	156
4692	156
4692	156
4696	156
4696	156
4696	156
4696	156
4696	156
4700	156
4700	156
4700	156
4700	156
4700	156
4704	156
4704	156
4704	156
4704	156
4704	156
4708	156
4708	156
4708	156
4708	156
4708	156
4712	156
4712	156
4712	156
4712	156
4712	156
4716	156
4716	156
4716	156
4716	156
4716	156
4720	156
4720	156
4720	156
4720	156
4720	156
4724	156
4724	156
4724	156
4724	156
4724	156
4728	156
4728	156
4728	156
4728	156
4728	156
4732	156
4732	156
4732	156
4732	156
4732	156
4736	156
4736	156
4736	156
4736	156
4736	156
4740	156
4740	156
4740	156
4740	156
4740	156
4744	156
4744	156
4744	156
4744	156
4744	156
4748	156
4748	156
4748	156
4748	156
4748	156
4752	156
4752	156
4752	156
4752	156
4752	156
4756	156
4756	156
4756	156
4756	156
4756	156
4760	156
4760	156
4760	156
4760	156
4760	156
4764	156
4764	156
4764	156
4764	156
4764	156
4768	156
4768	156
4768	156
4768	156
4768	156
4772	156
4772	156
4772	156
4772	156
4772	156
4776	156
4776	156
4776	156
4776	156
4776	156
4780	156
4780	156
4780	156
4780	156
4780	156
4784	156
4784	156
4784	156
4784	156
4784	156
4788	156
4788	156
4788	156
4788	156
4788	156
4792	156
4792	156
4792	156
4792	156
4792	156
4796	156
4796	156
4796	156
4796	156
4796	156
4800	156
4800	156
4800	156
4800	156
4800	156
4804	156
4804	156
4804	156
4804	156
4804	156
4808	156
4808	156
4808	156
4808	156
4808	156
4812	156
4812	156
4812	156
4812	156
4812	156
4816	156
4816	156
4816	156
4816	156
4816	156
4820	156
4820	156
4820	156
4820	156
4820	156
4824	156
4824	156
4824	156
4824	156
4824	156
4828	156
4828	156
4828	156
4828	156
4828	156
4832	156
4832	156
4832	156
4832	156
4832	156
4836	156
4836	156
4836	156
4836	156
4836	156
4840	156
4840	156
4840	156
4840	156
4840	156
4844	156
4844	156
4844	156
4844	156
4844	156
4848	156
4848	156
4848	156
4848	156
4848	156
4852	156
4852	156
4852	156
4852	156
4852	156
4856	156
4856	156
4856	156
4856	156
4856	156
4860	156
4860	156
4860	156
4860	156
4860	156
4864	156
4864	156
4864	156
4864	156
4864	156
4868	156
4868	156
4868	156
4868	156
4868	156
4872	156
4872	156
4872	156
4872	156
4872	156
4876	156
4876	156
4876	156
4876	156
4876	156
4880	156
4880	156
4880	156
4880	156
4880	156
4884	156
4884	156
4884	156
4884	156
4884	156
4888	156
4888	156
4888	156
4888	156
4888	156
4892	156
4892	156
4892	156
4892	156
4892	156
4896	156
4896	156
4896	156
4896	156
4896	156
4900	156
4900	156
4900	156
4900	156
4900	156
4904	156
4904	156
4904	156
4904	156
4904	156
4908	156
4908	156
4908	156
4908	156
4908	156
4912	156
4912	156
4912	156
4912	156
4912	156
4916	156
4916	156
4916	156
4916	156
4916	156
4920	156
4920	156
4920	156
4920	156
4920	156
4924	156
4924	156
4924	156
4924	156
4924	156
4928	156
4928	156
4928	156
4928	156
4928	156
4932	156
4932	156
4932	156
4932	156
4932	156
4936	156
4936	156
4936	156
4936	156
4936	156
4940	156
4940	156
4940	156
4940	156
4940	156
4944	156
4944	156
4944	156
4944	156
4944	156
4948	156
4948	156
4948	156
4948	156
4948	156
4952	156
4952	156
4952	156
4952	156
4952	156
4956	156
4956	156
4956	156
4956	156
4956	156
4960	156
4960	156
4960	156
4960	156
4960	156
4964	156
4964	156
4964	156
4964	156
4964	156
4968	156
4968	156
4968	156
4968	156
4968	156
4972	156
4972	156
4972	156
4972	156
4972	156
4976	156
4976	156
4976	156
4976	156
4976	156
4980	156
4980	156
4980	156
4980	156
4980	156
4984	156
4984	156
4984	156
4984	156
4984	156
4988	156
4988	156
4988	156
4988	156
4988	156
4992	156
4992	156
4992	156
4992	156
4992	156
4996	156
4996	156
4996	156
4996	156
4996	156
5000	156
5000	156
5000	156
5000	156
5000	156
5004	156
5004	156
5004	156
5004	156
5004	156
5008	156
5008	156
5008	156
5008	156
5008	156
5012	156
5012	156
5012	156
5012	156
5012	156
5016	156
5016	156
5016	156
5016	156
5016	156
5020	156
5020	156
5020	156
5020	156
5020	156
5024	156
5024	156
5024	156
5024	156
5024	156
5028	156
5028	156
5028	156
5028	156
5028	156
5032	156
5032	156
5032	156
5032	156
5032	156
5036	156
5036	156
5036	156
5036	156
5036	156
5040	156
5040	156
5040	156
5040	156
5040	156
5044	156
5044	156
5044	156
5044	156
5044	156
5048	156
5048	156
5048	156
5048	156
5048	156
5052	156
5052	156
5052	156
5052	156
5052	156
5056	156
5056	156
5056	156
5056	156
5056	156
5060	156
5060	156
5060	156
5060	156
5060	156
5064	156
5064	156
5064	156
5064	156
5064	156
5068	156
5068	156
5068	156
5068	156
5068	156
5072	156
5072	156
5072	156
5072	156
5072	156
5076	156
5076	156
5076	156
5076	156
5076	156
5080	156
5080	156
5080	156
5080	156
5080	156
5084	156
5084	156
5084	156
5084	156
5084	156
5088	156
5088	156
5088	156
5088	156
5088	156
5092	156
5092	156
5092	156
5092	156
5092	156
5096	156
5096	156
5096	156
5096	156
5096	156
5100	156
5100	156
5100	156
5100	156
5100	156
5104	156
5104	156
5104	156
5104	156
5104	156
5108	156
5108	156
5108	156
5108	156
5108	156
5112	156
5112	156
5112	156
5112	156
5112	156
5116	156
5116	156
5116	156
5116	156
5116	156
5120	156
5120	156
5120	156
5120	156
5120	156
5124	156
5124	156
5124	156
5124	156
5124	156
5128	156
5128	156
5128	156
5128	156
5128	156
5132	156
5132	156
5132	156
5132	156
5132	156
5136	156
5136	156
5136	156
5136	156
5136	156
5140	156
5140	156
5140	156
5140	156
5140	156
5144	156
5144	156
5144	156
5144	156
5144	156
5148	156
5148	156
5148	156
5148	156
5148	156
5152	156
5152	156
5152	156
5152	156
5152	156
5156	156
5156	156
5156	156
5156	156
5156	156
5160	156
5160	156
5160	156
5160	156
5160	156
5164	156
5164	156
5164	156
5164	156
5164	156
5168	156
5168	156
5168	156
5168	156
5168	156
5172	156
5172	156
5172	156
5172	156
5172	156
5176	156
5176	156
5176	156
5176	156
5176	156
5180	156
5180	156
5180	156
5180	156
5180	156
5184	156
5184	156
5184	156
5184	156
5184	156
5188	156
5188	156
5188	156
5188	156
5188	156
5192	156
5192	156
5192	156
5192	156
5192	156
5196	156
5196	156
5196	156
5196	156
5196	156
5200	156
5200	156
5200	156
5200	156
5200	156
5204	156
5204	156
5204	156
5204	156
5204	156
5208	156
5208	156
5208	156
5208	156
5208	156
5212	156
5212	156
5212	156
5212	156
5212	156
5216	156
5216	156
5216	156
5216	156
5216	156
5220	156
5220	156
5220	156
5220	156
5220	156
5224	156
5224	156
5224	156
5224	156
5224	156
5228	156
5228	156
5228	156
5228	156
5228	156
5232	156
5232	156
5232	156
5232	156
5232	156
5236	156
5236	156
5236	156
5236	156
5236	156
5240	156
5240	156
5240	156
5240	156
5240	156
5244	156
5244	156
5244	156
5244	156
5244	156
5248	156
5248	156
5248	156
5248	156
5248	156
5252	156
5252	156
5252	156
5252	156
5252	156
5256	156
5256	156
5256	156
5256	156
5256	156
5260	156
5260	156
5260	156
5260	156
5260	156
5264	156
5264	156
5264	156
5264	156
5264	156
5268	156
5268	156
5268	156
5268	156
5268	156
5272	156
5272	156
5272	156
5272	156
5272	156
5276	156
5276	156
5276	156
5276	156
5276	156
5280	156
5280	156
5280	156
5280	156
5280	156
5284	156
5284	156
5284	156
5284	156
5284	156
5288	156
5288	156
5288	156
5288	156
5288	156
5292	156
5292	156
5292	156
5292	156
5292	156
5296	156
5296	156
5296	156
5296	156
5296	156
5300	156
5300	156
5300	156
5300	156
5300	156
5304	156
5304	156
5304	156
5304	156
5304	156
5308	156
5308	156
5308	156
5308	156
5308	156
5312	156
5312	156
5312	156
5312	156
5312	156
5316	156
5316	156
5316	156
5316	156
5316	156
5320	156
5320	156
5320	156
5320	156
5320	156
5324	156
5324	156
5324	156
5324	156
5324	156
5328	156
5328	156
5328	156
5328	156
5328	156
5332	156
5332	156
5332	156
5332	156
5332	156
5336	156
5336	156
5336	156
5336	156
5336	156
5340	156
5340	156
5340	156
5340	156
5340	156
5344	156
5344	156
5344	156
5344	156
5344	156
5348	156
5348	156
5348	156
5348	156
5348	156
5352	156
5352	156
5352	156
5352	156
5352	156
5356	156
5356	156
5356	156
5356	156
5356	156
5360	156
5360	156
5360	156
5360	156
5360	156
5364	156
5364	156
5364	156
5364	156
5364	156
5368	156
5368	156
5368	156
5368	156
5368	156
5372	156
5372	156
5372	156
5372	156
5372	156
5376	156
5376	156
5376	156
5376	156
5376	156
5380	156
5380	156
5380	156
5380	156
5380	156
5384	156
5384	156
5384	156
5384	156
5384	156
5388	156
5388	156
5388	156
5388	156
5388	156
5392	156
5392	156
5392	156
5392	156
5392	156
5396	156
5396	156
5396	156
5396	156
5396	156
5400	156
5400	156
5400	156
5400	156
5400	156
5404	156
5404	156
5404	156
5404	156
5404	156
5408	156
5408	156
5408	156
5408	156
5408	156
5412	156
5412	156
5412	156
5412	156
5412	156
5416	156
5416	156
5416	156
5416	156
5416	156
5420	156
5420	156
5420	156
5420	156
5420	156
5424	156
5424	156
5424	156
5424	156
5424	156
5428	156
5428	156
5428	156
5428	156
5428	156
5432	156
5432	156
5432	156
5432	156
5432	156
5436	156
5436	156
5436	156
5436	156
5436	156
5440	156
5440	156
5440	156
5440	156
5440	156
5444	156
5444	156
5444	156
5444	156
5444	156
5448	156
5448	156
5448	156
5448	156
5448	156
5452	156
5452	156
5452	156
5452	156
5452	156
5456	156
5456	156
5456	156
5456	156
5456	156
5460	156
5460	156
5460	156
5460	156
5460	156
5464	156
5464	156
5464	156
5464	156
5464	156
5468	156
5468	156
5468	156
5468	156
5468	156
5472	156
5472	156
5472	156
5472	156
5472	156
5476	156
5476	156
5476	156
5476	156
5476	156
5480	156
5480	156
5480	156
5480	156
5480	156
5484	156
5484	156
5484	156
5484	156
5484	156
5488	156
5488	156
5488	156
5488	156
5488	156
5492	156
5492	156
5492	156
5492	156
5492	156
5496	156
5496	156
5496	156
5496	156
5496	156
5500	156
5500	156
5500	156
5500	156
5500	156
5504	156
5504	156
5504	156
5504	156
5504	156
5508	156
5508	156
5508	156
5508	156
5508	156
5512	156
5512	156
5512	156
5512	156
5512	156
5516	156
5516	156
5516	156
5516	156
5516	156
5520	156
5520	156
5520	156
5520	156
5520	156
5524	156
5524	156
5524	156
5524	156
5524	156
5528	156
5528	156
5528	156
5528	156
5528	156
5532	156
5532	156
5532	156
5532	156
5532	156
5536	156
5536	156
5536	156
5536	156
5536	156
5540	156
5540	156
5540	156
5540	156
5540	156
5544	156
5544	156
5544	156
5544	156
5544	156
5548	156
5548	156
5548	156
5548	156
5548	156
5552	156
5552	156
5552	156
5552	156
5552	156
5556	156
5556	156
5556	156
5556	156
5556	156
5560	156
5560	156
5560	156
5560	156
5560	156
5564	156
5564	156
5564	156
5564	156
5564	156
5568	156
5568	156
5568	156
5568	156
5568	156
5572	156
5572	156
5572	156
5572	156
5572	156
5576	156
5576	156
5576	156
5576	156
5576	156
5580	156
5580	156
5580	156
5580	156
5580	156
5584	156
5584	156
5584	156
5584	156
5584	156
5588	156
5588	156
5588	156
5588	156
5588	156
5592	156
5592	156
5592	156
5592	156
5592	156
5596	156
5596	156
5596	156
5596	156
5596	156
5600	156
5600	156
5600	156
5600	156
5600	156
5604	156
5604	156
5604	156
5604	156
5604	156
5608	156
5608	156
5608	156
5608	156
5608	156
5612	156
5612	156
5612	156
5612	156
5612	156
5616	156
5616	156
5616	156
5616	156
5616	156
5620	156
5620	156
5620	156
5620	156
5620	156
5624	156
5624	156
5624	156
5624	156
5624	156
5628	156
5628	156
5628	156
5628	156
5628	156
5632	156
5632	156
5632	156
5632	156
5632	156
5636	156
5636	156
5636	156
5636	156
5636	156
5640	156
5640	156
5640	156
5640	156
5640	156
5644	156
5644	156
5644	156
5644	156
5644	156
5648	156
5648	156
5648	156
5648	156
5648	156
5652	156
5652	156
5652	156
5652	156
5652	156
5656	156
5656	156
5656	156
5656	156
5656	156
5660	156
5660	156
5660	156
5660	156
5660	156
5664	156
5664	156
5664	156
5664	156
5664	156
5668	156
5668	156
5668	156
5668	156
5668	156
5672	156
5672	156
5672	156
5672	156
5672	156
5676	156
5676	156
5676	156
5676	156
5676	156
5680	156
5680	156
5680	156
5680	156
5680	156
5684	156
5684	156
5684	156
5684	156
5684	156
5688	156
5688	156
5688	156
5688	156
5688	156
5692	156
5692	156
5692	156
5692	156
5692	156
5696	156
5696	156
5696	156
5696	156
5696	156
5700	156
5700	156
5700	156
5700	156
5700	156
5704	156
5704	156
5704	156
5704	156
5704	156
5708	156
5708	156
5708	156
5708	156
5708	156
5712	156
5712	156
5712	156
5712	156
5712	156
5716	156
5716	156
5716	156
5716	156
5716	156
5720	156
5720	156
5720	156
5720	156
5720	156
5724	156
5724	156
5724	156
5724	156
5724	156
5728	156
5728	156
5728	156
5728	156
5728	156
5732	156
5732	156
5732	156
5732	156
5732	156
5736	156
5736	156
5736	156
5736	156
5736	156
5740	156
5740	156
5740	156
5740	156
5740	156
5744	156
5744	156
5744	156
5744	156
5744	156
5748	156
5748	156
5748	156
5748	156
5748	156
5752	156
5752	156
5752	156
5752	156
5752	156
5756	156
5756	156
5756	156
5756	156
5756	156
5760	156
5760	156
5760	156
5760	156
5760	156
5764	156
5764	156
5764	156
5764	156
5764	156
5768	156
5768	156
5768	156
5768	156
5768	156
5772	156
5772	156
5772	156
5772	156
5772	156
5776	156
5776	156
5776	156
5776	156
5776	156
5780	156
5780	156
5780	156
5780	156
5780	156
5784	156
5784	156
5784	156
5784	156
5784	156
5788	156
5788	156
5788	156
5788	156
5788	156
5792	156
5792	156
5792	156
5792	156
5792	156
5796	156
5796	156
5796	156
5796	156
5796	156
5800	156
5800	156
5800	156
5800	156
5800	156
5804	156
5804	156
5804	156
5804	156
5804	156
5808	156
5808	156
5808	156
5808	156
5808	156
5812	156
5812	156
5812	156
5812	156
5812	156
5816	156
5816	156
5816	156
5816	156
5816	156
5820	156
5820	156
5820	156
5820	156
5820	156
5824	156
5824	156
5824	156
5824	156
5824	156
5828	156
5828	156
5828	156
5828	156
5828	156
5832	156
5832	156
5832	156
5832	156
5832	156
5836	156
5836	156
5836	156
5836	156
5836	156
5840	156
5840	156
5840	156
5840	156
5840	156
5844	156
5844	156
5844	156
5844	156
5844	156
5848	156
5848	156
5848	156
5848	156
5848	156
5852	156
5852	156
5852	156
5852	156
5852	156
5856	156
5856	156
5856	156
5856	156
5856	156
5860	156
5860	156
5860	156
5860	156
5860	156
5864	156
5864	156
5864	156
5864	156
5864	156
5868	156
5868	156
5868	156
5868	156
5868	156
5872	156
5872	156
5872	156
5872	156
5872	156
5876	156
5876	156
5876	156
5876	156
5876	156
5880	156
5880	156
5880	156
5880	156
5880	156
5884	156
5884	156
5884	156
5884	156
5884	156
5888	156
5888	156
5888	156
5888	156
5888	156
5892	156
5892	156
5892	156
5892	156
5892	156
5896	156
5896	156
5896	156
5896	156
5896	156
5900	156
5900	156
5900	156
5900	156
5900	156
5904	156
5904	156
5904	156
5904	156
5904	156
5908	156
5908	156
5908	156
5908	156
5908	156
5912	156
5912	156
5912	156
5912	156
5912	156
5916	156
5916	156
5916	156
5916	156
5916	156
5920	156
5920	156
5920	156
5920	156
5920	156
5924	156
5924	156
5924	156
5924	156
5924	156
5928	156
5928	156
5928	156
5928	156
5928	156
5932	156
5932	156
5932	156
5932	156
5932	156
5936	156
5936	156
5936	156
5936	156
5936	156
5940	156
5940	156
5940	156
5940	156
5940	156
5944	156
5944	156
5944	156
5944	156
5944	156
5948	156
5948	156
5948	156
5948	156
5948	156
5952	156
5952	156
5952	156
5952	156
5952	156
5956	156
5956	156
5956	156
5956	156
5956	156
5960	156
5960	156
5960	156
5960	156
5960	156
5964	156
5964	156
5964	156
5964	156
5964	156
5968	156
5968	156
5968	156
5968	156
5968	156
5972	156
5972	156
5972	156
5972	156
5972	156
5976	156
5976	156
5976	156
5976	156
5976	156
5980	156
5980	156
5980	156
5980	156
5980	156
5984	156
5984	156
5984	156
5984	156
5984	156
5988	156
5988	156
5988	156
5988	156
5988	156
5992	156
5992	156
5992	156
5992	156
5992	156
5996	156
5996	156
5996	156
5996	156
5996	156
6000	156
6000	156
6000	156
6000	156
6000	156
6004	156
6004	156
6004	156
6004	156
6004	156
6008	156
6008	156
6008	156
6008	156
6008	156
6012	156
6012	156
6012	156
6012	156
6012	156
6016	156
6016	156
6016	156
6016	156
6016	156
6020	156
6020	156
6020	156
6020	156
6020	156
6024	156
6024	156
6024	156
6024	156
6024	156
6028	156
6028	156
6028	156
6028	156
6028	156
6032	156
6032	156
6032	156
6032	156
6032	156
6036	156
6036	156
6036	156
6036	156
6036	156
6040	156
6040	156
6040	156
6040	156
6040	156
6044	156
6044	156
6044	156
6044	156
6044	156
6048	156
6048	156
6048	156
6048	156
6048	156
6052	156
6052	156
6052	156
6052	156
6052	156
6056	156
6056	156
6056	156
6056	156
6056	156
6060	156
6060	156
6060	156
6060	156
6060	156
6064	156
6064	156
6064	156
6064	156
6064	156
6068	156
6068	156
6068	156
6068	156
6068	156
6072	156
6072	156
6072	156
6072	156
6072	156
6076	156
6076	156
6076	156
6076	156
6076	156
6080	156
6080	156
6080	156
6080	156
6080	156
6084	156
6084	156
6084	156
6084	156
6084	156
6088	156
6088	156
6088	156
6088	156
6088	156
6092	156
6092	156
6092	156
6092	156
6092	156
6096	156
6096	156
6096	156
6096	156
6096	156
6100	156
6100	156
6100	156
6100	156
6100	156
6104	156
6104	156
6104	156
6104	156
6104	156
6108	156
6108	156
6108	156
6108	156
6108	156
6112	156
6112	156
6112	156
6112	156
6112	156
6116	156
6116	156
6116	156
6116	156
6116	156
6120	156
6120	156
6120	156
6120	156
6120	156
6124	156
6124	156
6124	156
6124	156
6124	156
6128	156
6128	156
6128	156
6128	156
6128	156
6132	156
6132	156
6132	156
6132	156
6132	156
6136	156
6136	156
6136	156
6136	156
6136	156
6140	156
6140	156
6140	156
6140	156
6140	156
6144	156
6144	156
6144	156
6144	156
6144	156
6148	156
6148	156
6148	156
6148	156
6148	156
6152	156
6152	156
6152	156
6152	156
6152	156
6156	156
6156	156
6156	156
6156	156
6156	156
6160	156
6160	156
6160	156
6160	156
6160	156
6164	156
6164	156
6164	156
6164	156
6164	156
6168	156
6168	156
6168	156
6168	156
6168	156
6172	156
6172	156
6172	156
6172	156
6172	156
6176	156
6176	156
6176	156
6176	156
6176	156
6180	156
6180	156
6180	156
6180	156
6180	156
6184	156
6184	156
6184	156
6184	156
6184	156
6188	156
6188	156
6188	156
6188	156
6188	156
6192	156
6192	156
6192	156
6192	156
6192	156
6196	156
6196	156
6196	156
6196	156
6196	156
6200	156
6200	156
6200	156
6200	156
6200	156
6204	156
6204	156
6204	156
6204	156
6204	156
6208	156
6208	156
6208	156
6208	156
6208	156
6212	156
6212	156
6212	156
6212	156
6212	156
6216	156
6216	156
6216	156
6216	156
6216	156
6220	156
6220	156
6220	156
6220	156
6220	156
6224	156
6224	156
6224	156
6224	156
6224	156
6228	156
6228	156
6228	156
6228	156
6228	156
6232	156
6232	156
6232	156
6232	156
6232	156
6236	156
6236	156
6236	156
6236	156
6236	156
6240	156
6240	156
6240	156
6240	156
6240	156
6244	156
6244	156
6244	156
6244	156
6244	156
6248	156
6248	156
6248	156
6248	156
6248	156
6252	156
6252	156
6252	156
6252	156
6252	156
6256	156
6256	156
6256	156
6256	156
6256	156
6260	156
6260	156
6260	156
6260	156
6260	156
6264	156
6264	156
6264	156
6264	156
6264	156
6268	156
6268	156
6268	156
6268	156
6268	156
6272	156
6272	156
6272	156
6272	156
6272	156
6276	156
6276	156
6276	156
6276	156
6276	156
6280	156
6280	156
6280	156
6280	156
6280	156
6284	156
6284	156
6284	156
6284	156
6284	156
6288	156
6288	156
6288	156
6288	156
6288	156
6292	156
6292	156
6292	156
6292	156
6292	156
6296	156
6296	156
6296	156
6296	156
6296	156
6300	156
6300	156
6300	156
6300	156
6300	156
6304	156
6304	156
6304	156
6304	156
6304	156
6308	156
6308	156
6308	156
6308	156
6308	156
6312	156
6312	156
6312	156
6312	156
6312	156
6316	156
6316	156
6316	156
6316	156
6316	156
6320	156
6320	156
6320	156
6320	156
6320	156
6324	156
6324	156
6324	156
6324	156
6324	156
6328	156
6328	156
6328	156
6328	156
6328	156
6332	156
6332	156
6332	156
6332	156
6332	156
6336	156
6336	156
6336	156
6336	156
6336	156
6340	156
6340	156
6340	156
6340	156
6340	156
6344	156
6344	156
6344	156
6344	156
6344	156
6348	156
6348	156
6348	156
6348	156
6348	156
6352	156
6352	156
6352	156
6352	156
6352	156
6356	156
6356	156
6356	156
6356	156
6356	156
6360	156
6360	156
6360	156
6360	156
6360	156
6364	156
6364	156
6364	156
6364	156
6364	156
6368	156
6368	156
6368	156
6368	156
6368	156
6372	156
6372	156
6372	156
6372	156
6372	156
6376	156
6376	156
6376	156
6376	156
6376	156
6380	156
6380	156
6380	156
6380	156
6380	156
6384	156
6384	156
6384	156
6384	156
6384	156
6388	156
6388	156
6388	156
6388	156
6388	156
6392	156
6392	156
6392	156
6392	156
6392	156
6396	156
6396	156
6396	156
6396	156
6396	156
6400	156
6400	156
6400	156
6400	156
6400	156
6404	156
6404	156
6404	156
6404	156
6404	156
6408	156
6408	156
6408	156
6408	156
6408	156
6412	156
6412	156
6412	156
6412	156
6412	156
6416	156
6416	156
6416	156
6416	156
6416	156
6420	156
6420	156
6420	156
6420	156
6420	156
6424	156
6424	156
6424	156
6424	156
6424	156
6428	156
6428	156
6428	156
6428	156
6428	156
6432	156
6432	156
6432	156
6432	156
6432	156
6436	156
6436	156
6436	156
6436	156
6436	156
6440	156
6440	156
6440	156
6440	156
6440	156
6444	156
6444	156
6444	156
6444	156
6444	156
6448	156
6448	156
6448	156
6448	156
6448	156
6452	156
6452	156
6452	156
6452	156
6452	156
6456	156
6456	156
6456	156
6456	156
6456	156
6460	156
6460	156
6460	156
6460	156
6460	156
6464	156
6464	156
6464	156
6464	156
6464	156
6468	156
6468	156
6468	156
6468	156
6468	156
6472	156
6472	156
6472	156
6472	156
6472	156
6476	156
6476	156
6476	156
6476	156
6476	156
6480	156
6480	156
6480	156
6480	156
6480	156
6484	156
6484	156
6484	156
6484	156
6484	156
6488	156
6488	156
6488	156
6488	156
6488	156
6492	156
6492	156
6492	156
6492	156
6492	156
6496	156
6496	156
6496	156
6496	156
6496	156
6500	156
6500	156
6500	156
6500	156
6500	156
6504	156
6504	156
6504	156
6504	156
6504	156
6508	156
6508	156
6508	156
6508	156
6508	156
6512	156
6512	156
6512	156
6512	156
6512	156
6516	156
6516	156
6516	156
6516	156
6516	156
6520	156
6520	156
6520	156
6520	156
6520	156
6524	156
6524	156
6524	156
6524	156
6524	156
6528	156
6528	156
6528	156
6528	156
6528	156
6532	156
6532	156
6532	156
6532	156
6532	156
6536	156
6536	156
6536	156
6536	156
6536	156
6540	156
6540	156
6540	156
6540	156
6540	156
6544	156
6544	156
6544	156
6544	156
6544	156
6548	156
6548	156
6548	156
6548	156
6548	156
6552	156
6552	156
6552	156
6552	156
6552	156
6556	156
6556	156
6556	156
6556	156
6556	156
6560	156
6560	156
6560	156
6560	156
6560	156
6564	156
6564	156
6564	156
6564	156
6564	156
6568	156
6568	156
6568	156
6568	156
6568	156
6572	156
6572	156
6572	156
6572	156
6572	156
6576	156
6576	156
6576	156
6576	156
6576	156
6580	156
6580	156
6580	156
6580	156
6580	156
6584	156
6584	156
6584	156
6584	156
6584	156
6588	156
6588	156
6588	156
6588	156
6588	156
6592	156
6592	156
6592	156
6592	156
6592	156
6596	156
6596	156
6596	156
6596	156
6596	156
6600	156
6600	156
6600	156
6600	156
6600	156
6604	156
6604	156
6604	156
6604	156
6604	156
6608	156
6608	156
6608	156
6608	156
6608	156
6612	156
6612	156
6612	156
6612	156
6612	156
6616	156
6616	156
6616	156
6616	156
6616	156
6620	156
6620	156
6620	156
6620	156
6620	156
6624	156
6624	156
6624	156
6624	156
6624	156
6628	156
6628	156
6628	156
6628	156
6628	156
6632	156
6632	156
6632	156
6632	156
6632	156
6636	156
6636	156
6636	156
6636	156
6636	156
6640	156
6640	156
6640	156
6640	156
6640	156
6644	156
6644	156
6644	156
6644	156
6644	156
6648	156
6648	156
6648	156
6648	156
6648	156
6652	156
6652	156
6652	156
6652	156
6652	156
6656	156
6656	156
6656	156
6656	156
6656	156
6660	156
6660	156
6660	156
6660	156
6660	156
6664	156
6664	156
6664	156
6664	156
6664	156
6668	156
6668	156
6668	156
6668	156
6668	156
6672	156
6672	156
6672	156
6672	156
6672	156
6676	156
6676	156
6676	156
6676	156
6676	156
6680	156
6680	156
6680	156
6680	156
6680	156
6684	156
6684	156
6684	156
6684	156
6684	156
6688	156
6688	156
6688	156
6688	156
6688	156
6692	156
6692	156
6692	156
6692	156
6692	156
6696	156
6696	156
6696	156
6696	156
6696	156
6700	156
6700	156
6700	156
6700	156
6700	156
6704	156
6704	156
6704	156
6704	156
6704	156
6708	156
6708	156
6708	156
6708	156
6708	156
6712	156
6712	156
6712	156
6712	156
6712	156
6716	156
6716	156
6716	156
6716	156
6716	156
6720	156
6720	156
6720	156
6720	156
6720	156
6724	156
6724	156
6724	156
6724	156
6724	156
6728	156
6728	156
6728	156
6728	156
6728	156
6732	156
6732	156
6732	156
6732	156
6732	156
6736	156
6736	156
6736	156
6736	156
6736	156
6740	156
6740	156
6740	156
6740	156
6740	156
6744	156
6744	156
6744	156
6744	156
6744	156
6748	156
6748	156
6748	156
6748	156
6748	156
6752	156
6752	156
6752	156
6752	156
6752	156
6756	156
6756	156
6756	156
6756	156
6756	156
6760	156
6760	156
6760	156
6760	156
6760	156
6764	156
6764	156
6764	156
6764	156
6764	156
6768	156
6768	156
6768	156
6768	156
6768	156
6772	156
6772	156
6772	156
6772	156
6772	156
6776	156
6776	156
6776	156
6776	156
6776	156
6780	156
6780	156
6780	156
6780	156
6780	156
6784	156
6784	156
6784	156
6784	156
6784	156
6788	156
6788	156
6788	156
6788	156
6788	156
6792	156
6792	156
6792	156
6792	156
6792	156
6796	156
6796	156
6796	156
6796	156
6796	156
6800	156
6800	156
6800	156
6800	156
6800	156
6804	156
6804	156
6804	156
6804	156
6804	156
6808	156
6808	156
6808	156
6808	156
6808	156
6812	156
6812	156
6812	156
6812	156
6812	156
6816	156
6816	156
6816	156
6816	156
6816	156
6820	156
6820	156
6820	156
6820	156
6820	156
6824	156
6824	156
6824	156
6824	156
6824	156
6828	156
6828	156
6828	156
6828	156
6828	156
6832	156
6832	156
6832	156
6832	156
6832	156
6836	156
6836	156
6836	156
6836	156
6836	156
6840	156
6840	156
6840	156
6840	156
6840	156
6844	156
6844	156
6844	156
6844	156
6844	156
6848	156
6848	156
6848	156
6848	156
6848	156
6852	156
6852	156
6852	156
6852	156
6852	156
6856	156
6856	156
6856	156
6856	156
6856	156
6860	156
6860	156
6860	156
6860	156
6860	156
6864	156
6864	156
6864	156
6864	156
6864	156
6868	156
6868	156
6868	156
6868	156
6868	156
6872	156
6872	156
6872	156
6872	156
6872	156
6876	156
6876	156
6876	156
6876	156
6876	156
6880	156
6880	156
6880	156
6880	156
6880	156
6884	156
6884	156
6884	156
6884	156
6884	156
6888	156
6888	156
6888	156
6888	156
6888	156
6892	156
6892	156
6892	156
6892	156
6892	156
6896	156
6896	156
6896	156
6896	156
6896	156
6900	156
6900	156
6900	156
6900	156
6900	156
6904	156
6904	156
6904	156
6904	156
6904	156
6908	156
6908	156
6908	156
6908	156
6908	156
6912	156
6912	156
6912	156
6912	156
6912	156
6916	156
6916	156
6916	156
6916	156
6916	156
6920	156
6920	156
6920	156
6920	156
6920	156
6924	156
6924	156
6924	156
6924	156
6924	156
6928	156
6928	156
6928	156
6928	156
6928	156
6932	156
6932	156
6932	156
6932	156
6932	156
6936	156
6936	156
6936	156
6936	156
6936	156
6940	156
6940	156
6940	156
6940	156
6940	156
6944	156
6944	156
6944	156
6944	156
6944	156
6948	156
6948	156
6948	156
6948	156
6948	156
6952	156
6952	156
6952	156
6952	156
6952	156
6956	156
6956	156
6956	156
6956	156
6956	156
6960	156
6960	156
6960	156
6960	156
6960	156
6964	156
6964	156
6964	156
6964	156
6964	156
6968	156
6968	156
6968	156
6968	156
6968	156
6972	156
6972	156
6972	156
6972	156
6972	156
6976	156
6976	156
6976	156
6976	156
6976	156
6980	156
6980	156
6980	156
6980	156
6980	156
6984	156
6984	156
6984	156
6984	156
6984	156
6988	156
6988	156
6988	156
6988	156
6988	156
6992	156
6992	156
6992	156
6992	156
6992	156
6996	156
6996	156
6996	156
6996	156
6996	156
7000	156
7000	156
7000	156
7000	156
7000	156
7004	156
7004	156
7004	156
7004	156
7004	156
7008	156
7008	156
7008	156
7008	156
7008	156
7012	156
7012	156
7012	156
7012	156
7012	156
7016	156
7016	156
7016	156
7016	156
7016	156
7020	156
7020	156
7020	156
7020	156
7020	156
7024	156
7024	156
7024	156
7024	156
7024	156
7028	156
7028	156
7028	156
7028	156
7028	156
7032	156
7032	156
7032	156
7032	156
7032	156
7036	156
7036	156
7036	156
7036	156
7036	156
7040	156
7040	156
7040	156
7040	156
7040	156
7044	156
7044	156
7044	156
7044	156
7044	156
7048	156
7048	156
7048	156
7048	156
7048	156
7052	156
7052	156
7052	156
7052	156
7052	156
7056	156
7056	156
7056	156
7056	156
7056	156
7060	156
7060	156
7060	156
7060	156
7060	156
7064	156
7064	156
7064	156
7064	156
7064	156
7068	156
7068	156
7068	156
7068	156
7068	156
7072	156
7072	156
7072	156
7072	156
7072	156
7076	156
7076	156
7076	156
7076	156
7076	156
7080	156
7080	156
7080	156
7080	156
7080	156
7084	156
7084	156
7084	156
7084	156
7084	156
7088	156
7088	156
7088	156
7088	156
7088	156
7092	156
7092	156
7092	156
7092	156
7092	156
7096	156
7096	156
7096	156
7096	156
7096	156
7100	156
7100	156
7100	156
7100	156
7100	156
7104	156
7104	156
7104	156
7104	156
7104	156
7108	156
7108	156
7108	156
7108	156
7108	156
7112	156
7112	156
7112	156
7112	156
7112	156
7116	156
7116	156
7116	156
7116	156
7116	156
7120	156
7120	156
7120	156
7120	156
7120	156
7124	156
7124	156
7124	156
7124	156
7124	156
7128	156
7128	156
7128	156
7128	156
7128	156
7132	156
7132	156
7132	156
7132	156
7132	156
7136	156
7136	156
7136	156
7136	156
7136	156
7140	156
7140	156
7140	156
7140	156
7140	156
7144	156
7144	156
7144	156
7144	156
7144	156
7148	156
7148	156
7148	156
7148	156
7148	156
7152	156
7152	156
7152	156
7152	156
7152	156
7156	156
7156	156
7156	156
7156	156
7156	156
7160	156
7160	156
7160	156
7160	156
7160	156
7164	156
7164	156
7164	156
7164	156
7164	156
7168	156
7168	156
7168	156
7168	156
7168	156
7172	156
7172	156
7172	156
7172	156
7172	156
7176	156
7176	156
7176	156
7176	156
7176	156
7180	156
7180	156
7180	156
7180	156
7180	156
7184	156
7184	156
7184	156
7184	156
7184	156
7188	156
7188	156
7188	156
7188	156
7188	156
7192	156
7192	156
7192	156
7192	156
7192	156
7196	156
7196	156
7196	156
7196	156
7196	156
7200	156
7200	156
7200	156
7200	156
7200	156
7204	156
7204	156
7204	156
7204	156
7204	156
7208	156
7208	156
7208	156
7208	156
7208	156
7212	156
7212	156
7212	156
7212	156
7212	156
7216	156
7216	156
7216	156
7216	156
7216	156
7220	156
7220	156
7220	156
7220	156
7220	156
7224	156
7224	156
7224	156
7224	156
7224	156
7228	156
7228	156
7228	156
7228	156
7228	156
7232	156
7232	156
7232	156
7232	156
7232	156
7236	156
7236	156
7236	156
7236	156
7236	156
7240	156
7240	156
7240	156
7240	156
7240	156
7244	156
7244	156
7244	156
7244	156
7244	156
7248	156
7248	156
7248	156
7248	156
7248	156
7252	156
7252	156
7252	156
7252	156
7252	156
7256	156
7256	156
7256	156
7256	156
7256	156
7260	156
7260	156
7260	156
7260	156
7260	156
7264	156
7264	156
7264	156
7264	156
7264	156
7268	156
7268	156
7268	156
7268	156
7268	156
7272	156
7272	156
7272	156
7272	156
7272	156
7276	156
7276	156
7276	156
7276	156
7276	156
7280	156
7280	156
7280	156
7280	156
7280	156
7284	156
7284	156
7284	156
7284	156
7284	156
7288	156
7288	156
7288	156
7288	156
7288	156
7292	156
7292	156
7292	156
7292	156
7292	156
7296	156
7296	156
7296	156
7296	156
7296	156
7300	156
7300	156
7300	156
7300	156
7300	156
7304	156
7304	156
7304	156
7304	156
7304	156
7308	156
7308	156
7308	156
7308	156
7308	156
7312	156
7312	156
7312	156
7312	156
7312	156
7316	156
7316	156
7316	156
7316	156
7316	156
7320	156
7320	156
7320	156
7320	156
7320	156
7324	156
7324	156
7324	156
7324	156
7324	156
7328	156
7328	156
7328	156
7328	156
7328	156
7332	156
7332	156
7332	156
7332	156
7332	156
7336	156
7336	156
7336	156
7336	156
7336	156
7340	156
7340	156
7340	156
7340	156
7340	156
7344	156
7344	156
7344	156
7344	156
7344	156
7348	156
7348	156
7348	156
7348	156
7348	156
7352	156
7352	156
7352	156
7352	156
7352	156
7356	156
7356	156
7356	156
7356	156
7356	156
7360	156
7360	156
7360	156
7360	156
7360	156
7364	156
7364	156
7364	156
7364	156
7364	156
7368	156
7368	156
7368	156
7368	156
7368	156
7372	156
7372	156
7372	156
7372	156
7372	156
7376	156
7376	156
7376	156
7376	156
7376	156
7380	156
7380	156
7380	156
7380	156
7380	156
7384	156
7384	156
7384	156
7384	156
7384	156
7388	156
7388	156
7388	156
7388	156
7388	156
7392	156
7392	156
7392	156
7392	156
7392	156
7396	156
7396	156
7396	156
7396	156
7396	156
7400	156
7400	156
7400	156
7400	156
7400	156
7404	156
7404	156
7404	156
7404	156
7404	156
7408	156
7408	156
7408	156
7408	156
7408	156
7412	156
7412	156
7412	156
7412	156
7412	156
7416	156
7416	156
7416	156
7416	156
7416	156
7420	156
7420	156
7420	156
7420	156
7420	156
7424	156
7424	156
7424	156
7424	156
7424	156
7428	156
7428	156
7428	156
7428	156
7428	156
7432	156
7432	156
7432	156
7432	156
7432	156
7436	156
7436	156
7436	156
7436	156
7436	156
7440	156
7440	156
7440	156
7440	156
7440	156
7444	156
7444	156
7444	156
7444	156
7444	156
7448	156
7448	156
7448	156
7448	156
7448	156
7452	156
7452	156
7452	156
7452	156
7452	156
7456	156
7456	156
7456	156
7456	156
7456	156
7460	156
7460	156
7460	156
7460	156
7460	156
7464	156
7464	156
7464	156
7464	156
7464	156
7468	156
7468	156
7468	156
7468	156
7468	156
7472	156
7472	156
7472	156
7472	156
7472	156
7476	156
7476	156
7476	156
7476	156
7476	156
7480	156
7480	156
7480	156
7480	156
7480	156
7484	156
7484	156
7484	156
7484	156
7484	156
7488	156
7488	156
7488	156
7488	156
7488	156
7492	156
7492	156
7492	156
7492	156
7492	156
7496	156
7496	156
7496	156
7496	156
7496	156
7500	156
7500	156
7500	156
7500	156
7500	156
7504	156
7504	156
7504	156
7504	156
7504	156
7508	156
7508	156
7508	156
7508	156
7508	156
7512	156
7512	156
7512	156
7512	156
7512	156
7516	156
7516	156
7516	156
7516	156
7516	156
7520	156
7520	156
7520	156
7520	156
7520	156
7524	156
7524	156
7524	156
7524	156
7524	156
7528	156
7528	156
7528	156
7528	156
7528	156
7532	156
7532	156
7532	156
7532	156
7532	156
7536	156
7536	156
7536	156
7536	156
7536	156
7540	156
7540	156
7540	156
7540	156
7540	156
7544	156
7544	156
7544	156
7544	156
7544	156
7548	156
7548	156
7548	156
7548	156
7548	156
7552	156
7552	156
7552	156
7552	156
7552	156
7556	156
7556	156
7556	156
7556	156
7556	156
7560	156
7560	156
7560	156
7560	156
7560	156
7564	156
7564	156
7564	156
7564	156
7564	156
7568	156
7568	156
7568	156
7568	156
7568	156
7572	156
7572	156
7572	156
7572	156
7572	156
7576	156
7576	156
7576	156
7576	156
7576	156
7580	156
7580	156
7580	156
7580	156
7580	156
7584	156
7584	156
7584	156
7584	156
7584	156
7588	156
7588	156
7588	156
7588	156
7588	156
7592	156
7592	156
7592	156
7592	156
7592	156
7596	156
7596	156
7596	156
7596	156
7596	156
7600	156
7600	156
7600	156
7600	156
7600	156
7604	156
7604	156
7604	156
7604	156
7604	156
7608	156
7608	156
7608	156
7608	156
7608	156
7612	156
7612	156
7612	156
7612	156
7612	156
7616	156
7616	156
7616	156
7616	156
7616	156
7620	156
7620	156
7620	156
7620	156
7620	156
7624	156
7624	156
7624	156
7624	156
7624	156
7628	156
7628	156
7628	156
7628	156
7628	156
7632	156
7632	156
7632	156
7632	156
7632	156
7636	156
7636	156
7636	156
7636	156
7636	156
7640	156
7640	156
7640	156
7640	156
7640	156
7644	156
7644	156
7644	156
7644	156
7644	156
7648	156
7648	156
7648	156
7648	156
7648	156
7652	156
7652	156
7652	156
7652	156
7652	156
7656	156
7656	156
7656	156
7656	156
7656	156
7660	156
7660	156
7660	156
7660	156
7660	156
7664	156
7664	156
7664	156
7664	156
7664	156
7668	156
7668	156
7668	156
7668	156
7668	156
7672	156
7672	156
7672	156
7672	156
7672	156
7676	156
7676	156
7676	156
7676	156
7676	156
7680	156
7680	156
7680	156
7680	156
7680	156
7684	156
7684	156
7684	156
7684	156
7684	156
7688	156
7688	156
7688	156
7688	156
7688	156
7692	156
7692	156
7692	156
7692	156
7692	156
7696	156
7696	156
7696	156
7696	156
7696	156
7700	156
7700	156
7700	156
7700	156
7700	156
7704	156
7704	156
7704	156
7704	156
7704	156
7708	156
7708	156
7708	156
7708	156
7708	156
7712	156
7712	156
7712	156
7712	156
7712	156
7716	156
7716	156
7716	156
7716	156
7716	156
7720	156
7720	156
7720	156
7720	156
7720	156
7724	156
7724	156
7724	156
7724	156
7724	156
7728	156
7728	156
7728	156
7728	156
7728	156
7732	156
7732	156
7732	156
7732	156
7732	156
7736	156
7736	156
7736	156
7736	156
7736	156
7740	156
7740	156
7740	156
7740	156
7740	156
7744	156
7744	156
7744	156
7744	156
7744	156
7748	156
7748	156
7748	156
7748	156
7748	156
7752	156
7752	156
7752	156
7752	156
7752	156
7756	156
7756	156
7756	156
7756	156
7756	156
7760	156
7760	156
7760	156
7760	156
7760	156
7764	156
7764	156
7764	156
7764	156
7764	156
7768	156
7768	156
7768	156
7768	156
7768	156
7772	156
7772	156
7772	156
7772	156
7772	156
7776	156
7776	156
7776	156
7776	156
7776	156
7780	156
7780	156
7780	156
7780	156
7780	156
7784	156
7784	156
7784	156
7784	156
7784	156
7788	156
7788	156
7788	156
7788	156
7788	156
7792	156
7792	156
7792	156
7792	156
7792	156
7796	156
7796	156
7796	156
7796	156
7796	156
7800	156
7800	156
7800	156
7800	156
7800	156
7804	156
7804	156
7804	156
7804	156
7804	156
7808	156
7808	156
7808	156
7808	156
7808	156
7812	156
7812	156
7812	156
7812	156
7812	156
7816	156
7816	156
7816	156
7816	156
7816	156
7820	156
7820	156
7820	156
7820	156
7820	156
7824	156
7824	156
7824	156
7824	156
7824	156
7828	156
7828	156
7828	156
7828	156
7828	156
7832	156
7832	156
7832	156
7832	156
7832	156
7836	156
7836	156
7836	156
7836	156
7836	156
7840	156
7840	156
7840	156
7840	156
7840	156
7844	156
7844	156
7844	156
7844	156
7844	156
7848	156
7848	156
7848	156
7848	156
7848	156
7852	156
7852	156
7852	156
7852	156
7852	156
7856	156
7856	156
7856	156
7856	156
7856	156
7860	156
7860	156
7860	156
7860	156
7860	156
7864	156
7864	156
7864	156
7864	156
7864	156
7868	156
7868	156
7868	156
7868	156
7868	156
7872	156
7872	156
7872	156
7872	156
7872	156
7876	156
7876	156
7876	156
7876	156
7876	156
7880	156
7880	156
7880	156
7880	156
7880	156
7884	156
7884	156
7884	156
7884	156
7884	156
7888	156
7888	156
7888	156
7888	156
7888	156
7892	156
7892	156
7892	156
7892	156
7892	156
7896	156
7896	156
7896	156
7896	156
7896	156
7900	156
7900	156
7900	156
7900	156
7900	156
7904	156
7904	156
7904	156
7904	156
7904	156
7908	156
7908	156
7908	156
7908	156
7908	156
7912	156
7912	156
7912	156
7912	156
7912	156
7916	156
7916	156
7916	156
7916	156
7916	156
7920	156
7920	156
7920	156
7920	156
7920	156
7924	156
7924	156
7924	156
7924	156
7924	156
7928	156
7928	156
7928	156
7928	156
7928	156
7932	156
7932	156
7932	156
7932	156
7932	156
7936	156
7936	156
7936	156
7936	156
7936	156
7940	156
7940	156
7940	156
7940	156
7940	156
7944	156
7944	156
7944	156
7944	156
7944	156
7948	156
7948	156
7948	156
7948	156
7948	156
7952	156
7952	156
7952	156
7952	156
7952	156
7956	156
7956	156
7956	156
7956	156
7956	156
7960	156
7960	156
7960	156
7960	156
7960	156
7964	156
7964	156
7964	156
7964	156
7964	156
7968	156
7968	156
7968	156
7968	156
7968	156
7972	156
7972	156
7972	156
7972	156
7972	156
7976	156
7976	156
7976	156
7976	156
7976	156
7980	156
7980	156
7980	156
7980	156
7980	156
7984	156
7984	156
7984	156
7984	156
7984	156
7988	156
7988	156
7988	156
7988	156
7988	156
7992	156
7992	156
7992	156
7992	156
7992	156
7996	156
7996	156
7996	156
7996	156
7996	156
8000	156
8000	156
8000	156
8000	156
8000	156
