0	300
0	300
0	300
0	300
0	300
0	300
0	300
0	300
0	300
0	300
5	300
5	300
5	300
5	300
5	300
5	300
5	300
5	300
5	300
5	300
10	300
10	300
10	300
10	300
10	300
10	300
10	300
10	300
10	300
10	300
15	300
15	300
15	300
15	300
15	300
15	300
15	300
15	300
15	300
15	300
20	300
20	300
20	300
20	300
20	300
20	300
20	300
20	300
20	300
20	300
25	300
25	300
25	300
25	300
25	300
25	300
25	300
25	300
25	300
25	300
30	300
30	300
30	300
30	300
30	300
30	300
30	300
30	300
30	300
30	300
35	300
35	300
35	300
35	300
35	300
35	300
35	300
35	300
35	300
35	300
40	300
40	300
40	300
40	300
40	300
40	300
40	300
40	300
40	300
40	300
45	300
45	300
45	300
45	300
45	300
45	300
45	300
45	300
45	300
45	300
50	300
50	300
50	300
50	300
50	300
50	300
50	300
50	300
50	300
50	300
55	300
55	300
55	300
55	300
55	300
55	300
55	300
55	300
55	300
55	300
60	300
60	300
60	300
60	300
60	300
60	300
60	300
60	300
60	300
60	300
65	300
65	300
65	300
65	300
65	300
65	300
65	300
65	300
65	300
65	300
70	300
70	300
70	300
70	300
70	300
70	300
70	300
70	300
70	300
70	300
75	300
75	300
75	300
75	300
75	300
75	300
75	300
75	300
75	300
75	300
80	300
80	300
80	300
80	300
80	300
80	300
80	300
80	300
80	300
80	300
85	300
85	300
85	300
85	300
85	300
85	300
85	300
85	300
85	300
85	300
90	300
90	300
90	300
90	300
90	300
90	300
90	300
90	300
90	300
90	300
95	300
95	300
95	300
95	300
95	300
95	300
95	300
95	300
95	300
95	300
100	300
100	300
100	300
100	300
100	300
100	300
100	300
100	300
100	300
100	300
105	300
105	300
105	300
105	300
105	300
105	300
105	300
105	300
105	300
105	300
110	300
110	300
110	300
110	300
110	300
110	300
110	300
110	300
110	300
110	300
115	300
115	300
115	300
115	300
115	300
115	300
115	300
115	300
115	300
115	300
120	300
120	300
120	300
120	300
120	300
120	300
120	300
120	300
120	300
120	300
125	300
125	300
125	300
125	300
125	300
125	300
125	300
125	300
125	300
125	300
130	300
130	300
130	300
130	300
130	300
130	300
130	300
130	300
130	300
130	300
135	300
135	300
135	300
135	300
135	300
135	300
135	300
135	300
135	300
135	300
140	300
140	300
140	300
140	300
140	300
140	300
140	300
140	300
140	300
140	300
145	300
145	300
145	300
145	300
145	300
145	300
145	300
145	300
145	300
145	300
150	300
150	300
150	300
150	300
150	300
150	300
150	300
150	300
150	300
150	300
155	300
155	300
155	300
155	300
155	300
155	300
155	300
155	300
155	300
155	300
160	300
160	300
160	300
160	300
160	300
160	300
160	300
160	300
160	300
160	300
165	300
165	300
165	300
165	300
165	300
165	300
165	300
165	300
165	300
165	300
170	300
170	300
170	300
170	300
170	300
170	300
170	300
170	300
170	300
170	300
175	300
175	300
175	300
175	300
175	300
175	300
175	300
175	300
175	300
175	300
180	300
180	300
180	300
180	300
180	300
180	300
180	300
180	300
180	300
180	300
185	300
185	300
185	300
185	300
185	300
185	300
185	300
185	300
185	300
185	300
190	300
190	300
190	300
190	300
190	300
190	300
190	300
190	300
190	300
190	300
195	300
195	300
195	300
195	300
195	300
195	300
195	300
195	300
195	300
195	300
200	300
200	300
200	300
200	300
200	300
200	300
200	300
200	300
200	300
200	300
205	300
205	300
205	300
205	300
205	300
205	300
205	300
205	300
205	300
205	300
210	300
210	300
210	300
210	300
210	300
210	300
210	300
210	300
210	300
210	300
215	300
215	300
215	300
215	300
215	300
215	300
215	300
215	300
215	300
215	300
220	300
220	300
220	300
220	300
220	300
220	300
220	300
220	300
220	300
220	300
225	300
225	300
225	300
225	300
225	300
225	300
225	300
225	300
225	300
225	300
230	300
230	300
230	300
230	300
230	300
230	300
230	300
230	300
230	300
230	300
235	300
235	300
235	300
235	300
235	300
235	300
235	300
235	300
235	300
235	300
240	300
240	300
240	300
240	300
240	300
240	300
240	300
240	300
240	300
240	300
245	300
245	300
245	300
245	300
245	300
245	300
245	300
245	300
245	300
245	300
250	300
250	300
250	300
250	300
250	300
250	300
250	300
250	300
250	300
250	300
255	300
255	300
255	300
255	300
255	300
255	300
255	300
255	300
255	300
255	300
260	300
260	300
260	300
260	300
260	300
260	300
260	300
260	300
260	300
260	300
265	300
265	300
265	300
265	300
265	300
265	300
265	300
265	300
265	300
265	300
270	300
270	300
270	300
270	300
270	300
270	300
270	300
270	300
270	300
270	300
275	300
275	300
275	300
275	300
275	300
275	300
275	300
275	300
275	300
275	300
280	300
280	300
280	300
280	300
280	300
280	300
280	300
280	300
280	300
280	300
285	300
285	300
285	300
285	300
285	300
285	300
285	300
285	300
285	300
285	300
290	300
290	300
290	300
290	300
290	300
290	300
290	300
290	300
290	300
290	300
295	300
295	300
295	300
295	300
295	300
295	300
295	300
295	300
295	300
295	300
300	300
300	300
300	300
300	300
300	300
300	300
300	300
300	300
300	300
300	300
305	300
305	300
305	300
305	300
305	300
305	300
305	300
305	300
305	300
305	300
310	300
310	300
310	300
310	300
310	300
310	300
310	300
310	300
310	300
310	300
315	300
315	300
315	300
315	300
315	300
315	300
315	300
315	300
315	300
315	300
320	300
320	300
320	300
320	300
320	300
320	300
320	300
320	300
320	300
320	300
325	300
325	300
325	300
325	300
325	300
325	300
325	300
325	300
325	300
325	300
330	300
330	300
330	300
330	300
330	300
330	300
330	300
330	300
330	300
330	300
335	300
335	300
335	300
335	300
335	300
335	300
335	300
335	300
335	300
335	300
340	300
340	300
340	300
340	300
340	300
340	300
340	300
340	300
340	300
340	300
345	300
345	300
345	300
345	300
345	300
345	300
345	300
345	300
345	300
345	300
350	300
350	300
350	300
350	300
350	300
350	300
350	300
350	300
350	300
350	300
355	300
355	300
355	300
355	300
355	300
355	300
355	300
355	300
355	300
355	300
360	300
360	300
360	300
360	300
360	300
360	300
360	300
360	300
360	300
360	300
365	300
365	300
365	300
365	300
365	300
365	300
365	300
365	300
365	300
365	300
370	300
370	300
370	300
370	300
370	300
370	300
370	300
370	300
370	300
370	300
375	300
375	300
375	300
375	300
375	300
375	300
375	300
375	300
375	300
375	300
380	300
380	300
380	300
380	300
380	300
380	300
380	300
380	300
380	300
380	300
385	300
385	300
385	300
385	300
385	300
385	300
385	300
385	300
385	300
385	300
390	300
390	300
390	300
390	300
390	300
390	300
390	300
390	300
390	300
390	300
395	300
395	300
395	300
395	300
395	300
395	300
395	300
395	300
395	300
395	300
400	300
400	300
400	300
400	300
400	300
400	300
400	300
400	300
400	300
400	300
405	300
405	300
405	300
405	300
405	300
405	300
405	300
405	300
405	300
405	300
410	300
410	300
410	300
410	300
410	300
410	300
410	300
410	300
410	300
410	300
415	300
415	300
415	300
415	300
415	300
415	300
415	300
415	300
415	300
415	300
420	300
420	300
420	300
420	300
420	300
420	300
420	300
420	300
420	300
420	300
425	300
425	300
425	300
425	300
425	300
425	300
425	300
425	300
425	300
425	300
430	300
430	300
430	300
430	300
430	300
430	300
430	300
430	300
430	300
430	300
435	300
435	300
435	300
435	300
435	300
435	300
435	300
435	300
435	300
435	300
440	300
440	300
440	300
440	300
440	300
440	300
440	300
440	300
440	300
440	300
445	300
445	300
445	300
445	300
445	300
445	300
445	300
445	300
445	300
445	300
450	300
450	300
450	300
450	300
450	300
450	300
450	300
450	300
450	300
450	300
455	300
455	300
455	300
455	300
455	300
455	300
455	300
455	300
455	300
455	300
460	300
460	300
460	300
460	300
460	300
460	300
460	300
460	300
460	300
460	300
465	300
465	300
465	300
465	300
465	300
465	300
465	300
465	300
465	300
465	300
470	300
470	300
470	300
470	300
470	300
470	300
470	300
470	300
470	300
470	300
475	300
475	300
475	300
475	300
475	300
475	300
475	300
475	300
475	300
475	300
480	300
480	300
480	300
480	300
480	300
480	300
480	300
480	300
480	300
480	300
485	300
485	300
485	300
485	300
485	300
485	300
485	300
485	300
485	300
485	300
490	300
490	300
490	300
490	300
490	300
490	300
490	300
490	300
490	300
490	300
495	300
495	300
495	300
495	300
495	300
495	300
495	300
495	300
495	300
495	300
500	300
500	300
500	300
500	300
500	300
500	300
500	300
500	300
500	300
500	300
505	300
505	300
505	300
505	300
505	300
505	300
505	300
505	300
505	300
505	300
510	300
510	300
510	300
510	300
510	300
510	300
510	300
510	300
510	300
510	300
515	300
515	300
515	300
515	300
515	300
515	300
515	300
515	300
515	300
515	300
520	300
520	300
520	300
520	300
520	300
520	300
520	300
520	300
520	300
520	300
525	300
525	300
525	300
525	300
525	300
525	300
525	300
525	300
525	300
525	300
530	300
530	300
530	300
530	300
530	300
530	300
530	300
530	300
530	300
530	300
535	300
535	300
535	300
535	300
535	300
535	300
535	300
535	300
535	300
535	300
540	300
540	300
540	300
540	300
540	300
540	300
540	300
540	300
540	300
540	300
545	300
545	300
545	300
545	300
545	300
545	300
545	300
545	300
545	300
545	300
550	300
550	300
550	300
550	300
550	300
550	300
550	300
550	300
550	300
550	300
555	300
555	300
555	300
555	300
555	300
555	300
555	300
555	300
555	300
555	300
560	300
560	300
560	300
560	300
560	300
560	300
560	300
560	300
560	300
560	300
565	300
565	300
565	300
565	300
565	300
565	300
565	300
565	300
565	300
565	300
570	300
570	300
570	300
570	300
570	300
570	300
570	300
570	300
570	300
570	300
575	300
575	300
575	300
575	300
575	300
575	300
575	300
575	300
575	300
575	300
580	300
580	300
580	300
580	300
580	300
580	300
580	300
580	300
580	300
580	300
585	300
585	300
585	300
585	300
585	300
585	300
585	300
585	300
585	300
585	300
590	300
590	300
590	300
590	300
590	300
590	300
590	300
590	300
590	300
590	300
595	300
595	300
595	300
595	300
595	300
595	300
595	300
595	300
595	300
595	300
600	300
600	300
600	300
600	300
600	300
600	300
600	300
600	300
600	300
600	300
605	300
605	300
605	300
605	300
605	300
605	300
605	300
605	300
605	300
605	300
610	300
610	300
610	300
610	300
610	300
610	300
610	300
610	300
610	300
610	300
615	300
615	300
615	300
615	300
615	300
615	300
615	300
615	300
615	300
615	300
620	300
620	300
620	300
620	300
620	300
620	300
620	300
620	300
620	300
620	300
625	300
625	300
625	300
625	300
625	300
625	300
625	300
625	300
625	300
625	300
630	300
630	300
630	300
630	300
630	300
630	300
630	300
630	300
630	300
630	300
635	300
635	300
635	300
635	300
635	300
635	300
635	300
635	300
635	300
635	300
640	300
640	300
640	300
640	300
640	300
640	300
640	300
640	300
640	300
640	300
645	300
645	300
645	300
645	300
645	300
645	300
645	300
645	300
645	300
645	300
650	300
650	300
650	300
650	300
650	300
650	300
650	300
650	300
650	300
650	300
655	300
655	300
655	300
655	300
655	300
655	300
655	300
655	300
655	300
655	300
660	300
660	300
660	300
660	300
660	300
660	300
660	300
660	300
660	300
660	300
665	300
665	300
665	300
665	300
665	300
665	300
665	300
665	300
665	300
665	300
670	300
670	300
670	300
670	300
670	300
670	300
670	300
670	300
670	300
670	300
675	300
675	300
675	300
675	300
675	300
675	300
675	300
675	300
675	300
675	300
680	300
680	300
680	300
680	300
680	300
680	300
680	300
680	300
680	300
680	300
685	300
685	300
685	300
685	300
685	300
685	300
685	300
685	300
685	300
685	300
690	300
690	300
690	300
690	300
690	300
690	300
690	300
690	300
690	300
690	300
695	300
695	300
695	300
695	300
695	300
695	300
695	300
695	300
695	300
695	300
700	300
700	300
700	300
700	300
700	300
700	300
700	300
700	300
700	300
700	300
705	300
705	300
705	300
705	300
705	300
705	300
705	300
705	300
705	300
705	300
710	300
710	300
710	300
710	300
710	300
710	300
710	300
710	300
710	300
710	300
715	300
715	300
715	300
715	300
715	300
715	300
715	300
715	300
715	300
715	300
720	300
720	300
720	300
720	300
720	300
720	300
720	300
720	300
720	300
720	300
725	300
725	300
725	300
725	300
725	300
725	300
725	300
725	300
725	300
725	300
730	300
730	300
730	300
730	300
730	300
730	300
730	300
730	300
730	300
730	300
735	300
735	300
735	300
735	300
735	300
735	300
735	300
735	300
735	300
735	300
740	300
740	300
740	300
740	300
740	300
740	300
740	300
740	300
740	300
740	300
745	300
745	300
745	300
745	300
745	300
745	300
745	300
745	300
745	300
745	300
750	300
750	300
750	300
750	300
750	300
750	300
750	300
750	300
750	300
750	300
755	300
755	300
755	300
755	300
755	300
755	300
755	300
755	300
755	300
755	300
760	300
760	300
760	300
760	300
760	300
760	300
760	300
760	300
760	300
760	300
765	300
765	300
765	300
765	300
765	300
765	300
765	300
765	300
765	300
765	300
770	300
770	300
770	300
770	300
770	300
770	300
770	300
770	300
770	300
770	300
775	300
775	300
775	300
775	300
775	300
775	300
775	300
775	300
775	300
775	300
780	300
780	300
780	300
780	300
780	300
780	300
780	300
780	300
780	300
780	300
785	300
785	300
785	300
785	300
785	300
785	300
785	300
785	300
785	300
785	300
790	300
790	300
790	300
790	300
790	300
790	300
790	300
790	300
790	300
790	300
795	300
795	300
795	300
795	300
795	300
795	300
795	300
795	300
795	300
795	300
800	300
800	300
800	300
800	300
800	300
800	300
800	300
800	300
800	300
800	300
805	300
805	300
805	300
805	300
805	300
805	300
805	300
805	300
805	300
805	300
810	300
810	300
810	300
810	300
810	300
810	300
810	300
810	300
810	300
810	300
815	300
815	300
815	300
815	300
815	300
815	300
815	300
815	300
815	300
815	300
820	300
820	300
820	300
820	300
820	300
820	300
820	300
820	300
820	300
820	300
825	300
825	300
825	300
825	300
825	300
825	300
825	300
825	300
825	300
825	300
830	300
830	300
830	300
830	300
830	300
830	300
830	300
830	300
830	300
830	300
835	300
835	300
835	300
835	300
835	300
835	300
835	300
835	300
835	300
835	300
840	300
840	300
840	300
840	300
840	300
840	300
840	300
840	300
840	300
840	300
845	300
845	300
845	300
845	300
845	300
845	300
845	300
845	300
845	300
845	300
850	300
850	300
850	300
850	300
850	300
850	300
850	300
850	300
850	300
850	300
855	300
855	300
855	300
855	300
855	300
855	300
855	300
855	300
855	300
855	300
860	300
860	300
860	300
860	300
860	300
860	300
860	300
860	300
860	300
860	300
865	300
865	300
865	300
865	300
865	300
865	300
865	300
865	300
865	300
865	300
870	300
870	300
870	300
870	300
870	300
870	300
870	300
870	300
870	300
870	300
875	300
875	300
875	300
875	300
875	300
875	300
875	300
875	300
875	300
875	300
880	300
880	300
880	300
880	300
880	300
880	300
880	300
880	300
880	300
880	300
885	300
885	300
885	300
885	300
885	300
885	300
885	300
885	300
885	300
885	300
890	300
890	300
890	300
890	300
890	300
890	300
890	300
890	300
890	300
890	300
895	300
895	300
895	300
895	300
895	300
895	300
895	300
895	300
895	300
895	300
900	300
900	300
900	300
900	300
900	300
900	300
900	300
900	300
900	300
900	300
905	300
905	300
905	300
905	300
905	300
905	300
905	300
905	300
905	300
905	300
910	300
910	300
910	300
910	300
910	300
910	300
910	300
910	300
910	300
910	300
915	300
915	300
915	300
915	300
915	300
915	300
915	300
915	300
915	300
915	300
920	300
920	300
920	300
920	300
920	300
920	300
920	300
920	300
920	300
920	300
925	300
925	300
925	300
925	300
925	300
925	300
925	300
925	300
925	300
925	300
930	300
930	300
930	300
930	300
930	300
930	300
930	300
930	300
930	300
930	300
935	300
935	300
935	300
935	300
935	300
935	300
935	300
935	300
935	300
935	300
940	300
940	300
940	300
940	300
940	300
940	300
940	300
940	300
940	300
940	300
945	300
945	300
945	300
945	300
945	300
945	300
945	300
945	300
945	300
945	300
950	300
950	300
950	300
950	300
950	300
950	300
950	300
950	300
950	300
950	300
955	300
955	300
955	300
955	300
955	300
955	300
955	300
955	300
955	300
955	300
960	300
960	300
960	300
960	300
960	300
960	300
960	300
960	300
960	300
960	300
965	300
965	300
965	300
965	300
965	300
965	300
965	300
965	300
965	300
965	300
970	300
970	300
970	300
970	300
970	300
970	300
970	300
970	300
970	300
970	300
975	300
975	300
975	300
975	300
975	300
975	300
975	300
975	300
975	300
975	300
980	300
980	300
980	300
980	300
980	300
980	300
980	300
980	300
980	300
980	300
985	300
985	300
985	300
985	300
985	300
985	300
985	300
985	300
985	300
985	300
990	300
990	300
990	300
990	300
990	300
990	300
990	300
990	300
990	300
990	300
995	300
995	300
995	300
995	300
995	300
995	300
995	300
995	300
995	300
995	300
1000	300
1000	300
1000	300
1000	300
1000	300
1000	300
1000	300
1000	300
1000	300
1000	300
1005	300
1005	300
1005	300
1005	300
1005	300
1005	300
1005	300
1005	300
1005	300
1005	300
1010	300
1010	300
1010	300
1010	300
1010	300
1010	300
1010	300
1010	300
1010	300
1010	300
1015	300
1015	300
1015	300
1015	300
1015	300
1015	300
1015	300
1015	300
1015	300
1015	300
1020	300
1020	300
1020	300
1020	300
1020	300
1020	300
1020	300
1020	300
1020	300
1020	300
1025	300
1025	300
1025	300
1025	300
1025	300
1025	300
1025	300
1025	300
1025	300
1025	300
1030	300
1030	300
1030	300
1030	300
1030	300
1030	300
1030	300
1030	300
1030	300
1030	300
1035	300
1035	300
1035	300
1035	300
1035	300
1035	300
1035	300
1035	300
1035	300
1035	300
1040	300
1040	300
1040	300
1040	300
1040	300
1040	300
1040	300
1040	300
1040	300
1040	300
1045	300
1045	300
1045	300
1045	300
1045	300
1045	300
1045	300
1045	300
1045	300
1045	300
1050	300
1050	300
1050	300
1050	300
1050	300
1050	300
1050	300
1050	300
1050	300
1050	300
1055	300
1055	300
1055	300
1055	300
1055	300
1055	300
1055	300
1055	300
1055	300
1055	300
1060	300
1060	300
1060	300
1060	300
1060	300
1060	300
1060	300
1060	300
1060	300
1060	300
1065	300
1065	300
1065	300
1065	300
1065	300
1065	300
1065	300
1065	300
1065	300
1065	300
1070	300
1070	300
1070	300
1070	300
1070	300
1070	300
1070	300
1070	300
1070	300
1070	300
1075	300
1075	300
1075	300
1075	300
1075	300
1075	300
1075	300
1075	300
1075	300
1075	300
1080	300
1080	300
1080	300
1080	300
1080	300
1080	300
1080	300
1080	300
1080	300
1080	300
1085	300
1085	300
1085	300
1085	300
1085	300
1085	300
1085	300
1085	300
1085	300
1085	300
1090	300
1090	300
1090	300
1090	300
1090	300
1090	300
1090	300
1090	300
1090	300
1090	300
1095	300
1095	300
1095	300
1095	300
1095	300
1095	300
1095	300
1095	300
1095	300
1095	300
1100	300
1100	300
1100	300
1100	300
1100	300
1100	300
1100	300
1100	300
1100	300
1100	300
1105	300
1105	300
1105	300
1105	300
1105	300
1105	300
1105	300
1105	300
1105	300
1105	300
1110	300
1110	300
1110	300
1110	300
1110	300
1110	300
1110	300
1110	300
1110	300
1110	300
1115	300
1115	300
1115	300
1115	300
1115	300
1115	300
1115	300
1115	300
1115	300
1115	300
1120	300
1120	300
1120	300
1120	300
1120	300
1120	300
1120	300
1120	300
1120	300
1120	300
1125	300
1125	300
1125	300
1125	300
1125	300
1125	300
1125	300
1125	300
1125	300
1125	300
1130	300
1130	300
1130	300
1130	300
1130	300
1130	300
1130	300
1130	300
1130	300
1130	300
1135	300
1135	300
1135	300
1135	300
1135	300
1135	300
1135	300
1135	300
1135	300
1135	300
1140	300
1140	300
1140	300
1140	300
1140	300
1140	300
1140	300
1140	300
1140	300
1140	300
1145	300
1145	300
1145	300
1145	300
1145	300
1145	300
1145	300
1145	300
1145	300
1145	300
1150	300
1150	300
1150	300
1150	300
1150	300
1150	300
1150	300
1150	300
1150	300
1150	300
1155	300
1155	300
1155	300
1155	300
1155	300
1155	300
1155	300
1155	300
1155	300
1155	300
1160	300
1160	300
1160	300
1160	300
1160	300
1160	300
1160	300
1160	300
1160	300
1160	300
1165	300
1165	300
1165	300
1165	300
1165	300
1165	300
1165	300
1165	300
1165	300
1165	300
1170	300
1170	300
1170	300
1170	300
1170	300
1170	300
1170	300
1170	300
1170	300
1170	300
1175	300
1175	300
1175	300
1175	300
1175	300
1175	300
1175	300
1175	300
1175	300
1175	300
1180	300
1180	300
1180	300
1180	300
1180	300
1180	300
1180	300
1180	300
1180	300
1180	300
1185	300
1185	300
1185	300
1185	300
1185	300
1185	300
1185	300
1185	300
1185	300
1185	300
1190	300
1190	300
1190	300
1190	300
1190	300
1190	300
1190	300
1190	300
1190	300
1190	300
1195	300
1195	300
1195	300
1195	300
1195	300
1195	300
1195	300
1195	300
1195	300
1195	300
1200	300
1200	300
1200	300
1200	300
1200	300
1200	300
1200	300
1200	300
1200	300
1200	300
1205	300
1205	300
1205	300
1205	300
1205	300
1205	300
1205	300
1205	300
1205	300
1205	300
1210	300
1210	300
1210	300
1210	300
1210	300
1210	300
1210	300
1210	300
1210	300
1210	300
1215	300
1215	300
1215	300
1215	300
1215	300
1215	300
1215	300
1215	300
1215	300
1215	300
1220	300
1220	300
1220	300
1220	300
1220	300
1220	300
1220	300
1220	300
1220	300
1220	300
1225	300
1225	300
1225	300
1225	300
1225	300
1225	300
1225	300
1225	300
1225	300
1225	300
1230	300
1230	300
1230	300
1230	300
1230	300
1230	300
1230	300
1230	300
1230	300
1230	300
1235	300
1235	300
1235	300
1235	300
1235	300
1235	300
1235	300
1235	300
1235	300
1235	300
1240	300
1240	300
1240	300
1240	300
1240	300
1240	300
1240	300
1240	300
1240	300
1240	300
1245	300
1245	300
1245	300
1245	300
1245	300
1245	300
1245	300
1245	300
1245	300
1245	300
1250	300
1250	300
1250	300
1250	300
1250	300
1250	300
1250	300
1250	300
1250	300
1250	300
1255	300
1255	300
1255	300
1255	300
1255	300
1255	300
1255	300
1255	300
1255	300
1255	300
1260	300
1260	300
1260	300
1260	300
1260	300
1260	300
1260	300
1260	300
1260	300
1260	300
1265	300
1265	300
1265	300
1265	300
1265	300
1265	300
1265	300
1265	300
1265	300
1265	300
1270	300
1270	300
1270	300
1270	300
1270	300
1270	300
1270	300
1270	300
1270	300
1270	300
1275	300
1275	300
1275	300
1275	300
1275	300
1275	300
1275	300
1275	300
1275	300
1275	300
1280	300
1280	300
1280	300
1280	300
1280	300
1280	300
1280	300
1280	300
1280	300
1280	300
1285	300
1285	300
1285	300
1285	300
1285	300
1285	300
1285	300
1285	300
1285	300
1285	300
1290	300
1290	300
1290	300
1290	300
1290	300
1290	300
1290	300
1290	300
1290	300
1290	300
1295	300
1295	300
1295	300
1295	300
1295	300
1295	300
1295	300
1295	300
1295	300
1295	300
1300	300
1300	300
1300	300
1300	300
1300	300
1300	300
1300	300
1300	300
1300	300
1300	300
1305	300
1305	300
1305	300
1305	300
1305	300
1305	300
1305	300
1305	300
1305	300
1305	300
1310	300
1310	300
1310	300
1310	300
1310	300
1310	300
1310	300
1310	300
1310	300
1310	300
1315	300
1315	300
1315	300
1315	300
1315	300
1315	300
1315	300
1315	300
1315	300
1315	300
1320	300
1320	300
1320	300
1320	300
1320	300
1320	300
1320	300
1320	300
1320	300
1320	300
1325	300
1325	300
1325	300
1325	300
1325	300
1325	300
1325	300
1325	300
1325	300
1325	300
1330	300
1330	300
1330	300
1330	300
1330	300
1330	300
1330	300
1330	300
1330	300
1330	300
1335	300
1335	300
1335	300
1335	300
1335	300
1335	300
1335	300
1335	300
1335	300
1335	300
1340	300
1340	300
1340	300
1340	300
1340	300
1340	300
1340	300
1340	300
1340	300
1340	300
1345	300
1345	300
1345	300
1345	300
1345	300
1345	300
1345	300
1345	300
1345	300
1345	300
1350	300
1350	300
1350	300
1350	300
1350	300
1350	300
1350	300
1350	300
1350	300
1350	300
1355	300
1355	300
1355	300
1355	300
1355	300
1355	300
1355	300
1355	300
1355	300
1355	300
1360	300
1360	300
1360	300
1360	300
1360	300
1360	300
1360	300
1360	300
1360	300
1360	300
1365	300
1365	300
1365	300
1365	300
1365	300
1365	300
1365	300
1365	300
1365	300
1365	300
1370	300
1370	300
1370	300
1370	300
1370	300
1370	300
1370	300
1370	300
1370	300
1370	300
1375	300
1375	300
1375	300
1375	300
1375	300
1375	300
1375	300
1375	300
1375	300
1375	300
1380	300
1380	300
1380	300
1380	300
1380	300
1380	300
1380	300
1380	300
1380	300
1380	300
1385	300
1385	300
1385	300
1385	300
1385	300
1385	300
1385	300
1385	300
1385	300
1385	300
1390	300
1390	300
1390	300
1390	300
1390	300
1390	300
1390	300
1390	300
1390	300
1390	300
1395	300
1395	300
1395	300
1395	300
1395	300
1395	300
1395	300
1395	300
1395	300
1395	300
1400	300
1400	300
1400	300
1400	300
1400	300
1400	300
1400	300
1400	300
1400	300
1400	300
1405	300
1405	300
1405	300
1405	300
1405	300
1405	300
1405	300
1405	300
1405	300
1405	300
1410	300
1410	300
1410	300
1410	300
1410	300
1410	300
1410	300
1410	300
1410	300
1410	300
1415	300
1415	300
1415	300
1415	300
1415	300
1415	300
1415	300
1415	300
1415	300
1415	300
1420	300
1420	300
1420	300
1420	300
1420	300
1420	300
1420	300
1420	300
1420	300
1420	300
1425	300
1425	300
1425	300
1425	300
1425	300
1425	300
1425	300
1425	300
1425	300
1425	300
1430	300
1430	300
1430	300
1430	300
1430	300
1430	300
1430	300
1430	300
1430	300
1430	300
1435	300
1435	300
1435	300
1435	300
1435	300
1435	300
1435	300
1435	300
1435	300
1435	300
1440	300
1440	300
1440	300
1440	300
1440	300
1440	300
1440	300
1440	300
1440	300
1440	300
1445	300
1445	300
1445	300
1445	300
1445	300
1445	300
1445	300
1445	300
1445	300
1445	300
1450	300
1450	300
1450	300
1450	300
1450	300
1450	300
1450	300
1450	300
1450	300
1450	300
1455	300
1455	300
1455	300
1455	300
1455	300
1455	300
1455	300
1455	300
1455	300
1455	300
1460	300
1460	300
1460	300
1460	300
1460	300
1460	300
1460	300
1460	300
1460	300
1460	300
1465	300
1465	300
1465	300
1465	300
1465	300
1465	300
1465	300
1465	300
1465	300
1465	300
1470	300
1470	300
1470	300
1470	300
1470	300
1470	300
1470	300
1470	300
1470	300
1470	300
1475	300
1475	300
1475	300
1475	300
1475	300
1475	300
1475	300
1475	300
1475	300
1475	300
1480	300
1480	300
1480	300
1480	300
1480	300
1480	300
1480	300
1480	300
1480	300
1480	300
1485	300
1485	300
1485	300
1485	300
1485	300
1485	300
1485	300
1485	300
1485	300
1485	300
1490	300
1490	300
1490	300
1490	300
1490	300
1490	300
1490	300
1490	300
1490	300
1490	300
1495	300
1495	300
1495	300
1495	300
1495	300
1495	300
1495	300
1495	300
1495	300
1495	300
1500	300
1500	300
1500	300
1500	300
1500	300
1500	300
1500	300
1500	300
1500	300
1500	300
1505	300
1505	300
1505	300
1505	300
1505	300
1505	300
1505	300
1505	300
1505	300
1505	300
1510	300
1510	300
1510	300
1510	300
1510	300
1510	300
1510	300
1510	300
1510	300
1510	300
1515	300
1515	300
1515	300
1515	300
1515	300
1515	300
1515	300
1515	300
1515	300
1515	300
1520	300
1520	300
1520	300
1520	300
1520	300
1520	300
1520	300
1520	300
1520	300
1520	300
1525	300
1525	300
1525	300
1525	300
1525	300
1525	300
1525	300
1525	300
1525	300
1525	300
1530	300
1530	300
1530	300
1530	300
1530	300
1530	300
1530	300
1530	300
1530	300
1530	300
1535	300
1535	300
1535	300
1535	300
1535	300
1535	300
1535	300
1535	300
1535	300
1535	300
1540	300
1540	300
1540	300
1540	300
1540	300
1540	300
1540	300
1540	300
1540	300
1540	300
1545	300
1545	300
1545	300
1545	300
1545	300
1545	300
1545	300
1545	300
1545	300
1545	300
1550	300
1550	300
1550	300
1550	300
1550	300
1550	300
1550	300
1550	300
1550	300
1550	300
1555	300
1555	300
1555	300
1555	300
1555	300
1555	300
1555	300
1555	300
1555	300
1555	300
1560	300
1560	300
1560	300
1560	300
1560	300
1560	300
1560	300
1560	300
1560	300
1560	300
1565	300
1565	300
1565	300
1565	300
1565	300
1565	300
1565	300
1565	300
1565	300
1565	300
1570	300
1570	300
1570	300
1570	300
1570	300
1570	300
1570	300
1570	300
1570	300
1570	300
1575	300
1575	300
1575	300
1575	300
1575	300
1575	300
1575	300
1575	300
1575	300
1575	300
1580	300
1580	300
1580	300
1580	300
1580	300
1580	300
1580	300
1580	300
1580	300
1580	300
1585	300
1585	300
1585	300
1585	300
1585	300
1585	300
1585	300
1585	300
1585	300
1585	300
1590	300
1590	300
1590	300
1590	300
1590	300
1590	300
1590	300
1590	300
1590	300
1590	300
1595	300
1595	300
1595	300
1595	300
1595	300
1595	300
1595	300
1595	300
1595	300
1595	300
1600	300
1600	300
1600	300
1600	300
1600	300
1600	300
1600	300
1600	300
1600	300
1600	300
1605	300
1605	300
1605	300
1605	300
1605	300
1605	300
1605	300
1605	300
1605	300
1605	300
1610	300
1610	300
1610	300
1610	300
1610	300
1610	300
1610	300
1610	300
1610	300
1610	300
1615	300
1615	300
1615	300
1615	300
1615	300
1615	300
1615	300
1615	300
1615	300
1615	300
1620	300
1620	300
1620	300
1620	300
1620	300
1620	300
1620	300
1620	300
1620	300
1620	300
1625	300
1625	300
1625	300
1625	300
1625	300
1625	300
1625	300
1625	300
1625	300
1625	300
1630	300
1630	300
1630	300
1630	300
1630	300
1630	300
1630	300
1630	300
1630	300
1630	300
1635	300
1635	300
1635	300
1635	300
1635	300
1635	300
1635	300
1635	300
1635	300
1635	300
1640	300
1640	300
1640	300
1640	300
1640	300
1640	300
1640	300
1640	300
1640	300
1640	300
1645	300
1645	300
1645	300
1645	300
1645	300
1645	300
1645	300
1645	300
1645	300
1645	300
1650	300
1650	300
1650	300
1650	300
1650	300
1650	300
1650	300
1650	300
1650	300
1650	300
1655	300
1655	300
1655	300
1655	300
1655	300
1655	300
1655	300
1655	300
1655	300
1655	300
1660	300
1660	300
1660	300
1660	300
1660	300
1660	300
1660	300
1660	300
1660	300
1660	300
1665	300
1665	300
1665	300
1665	300
1665	300
1665	300
1665	300
1665	300
1665	300
1665	300
1670	300
1670	300
1670	300
1670	300
1670	300
1670	300
1670	300
1670	300
1670	300
1670	300
1675	300
1675	300
1675	300
1675	300
1675	300
1675	300
1675	300
1675	300
1675	300
1675	300
1680	300
1680	300
1680	300
1680	300
1680	300
1680	300
1680	300
1680	300
1680	300
1680	300
1685	300
1685	300
1685	300
1685	300
1685	300
1685	300
1685	300
1685	300
1685	300
1685	300
1690	300
1690	300
1690	300
1690	300
1690	300
1690	300
1690	300
1690	300
1690	300
1690	300
1695	300
1695	300
1695	300
1695	300
1695	300
1695	300
1695	300
1695	300
1695	300
1695	300
1700	300
1700	300
1700	300
1700	300
1700	300
1700	300
1700	300
1700	300
1700	300
1700	300
1705	300
1705	300
1705	300
1705	300
1705	300
1705	300
1705	300
1705	300
1705	300
1705	300
1710	300
1710	300
1710	300
1710	300
1710	300
1710	300
1710	300
1710	300
1710	300
1710	300
1715	300
1715	300
1715	300
1715	300
1715	300
1715	300
1715	300
1715	300
1715	300
1715	300
1720	300
1720	300
1720	300
1720	300
1720	300
1720	300
1720	300
1720	300
1720	300
1720	300
1725	300
1725	300
1725	300
1725	300
1725	300
1725	300
1725	300
1725	300
1725	300
1725	300
1730	300
1730	300
1730	300
1730	300
1730	300
1730	300
1730	300
1730	300
1730	300
1730	300
1735	300
1735	300
1735	300
1735	300
1735	300
1735	300
1735	300
1735	300
1735	300
1735	300
1740	300
1740	300
1740	300
1740	300
1740	300
1740	300
1740	300
1740	300
1740	300
1740	300
1745	300
1745	300
1745	300
1745	300
1745	300
1745	300
1745	300
1745	300
1745	300
1745	300
1750	300
1750	300
1750	300
1750	300
1750	300
1750	300
1750	300
1750	300
1750	300
1750	300
1755	300
1755	300
1755	300
1755	300
1755	300
1755	300
1755	300
1755	300
1755	300
1755	300
1760	300
1760	300
1760	300
1760	300
1760	300
1760	300
1760	300
1760	300
1760	300
1760	300
1765	300
1765	300
1765	300
1765	300
1765	300
1765	300
1765	300
1765	300
1765	300
1765	300
1770	300
1770	300
1770	300
1770	300
1770	300
1770	300
1770	300
1770	300
1770	300
1770	300
1775	300
1775	300
1775	300
1775	300
1775	300
1775	300
1775	300
1775	300
1775	300
1775	300
1780	300
1780	300
1780	300
1780	300
1780	300
1780	300
1780	300
1780	300
1780	300
1780	300
1785	300
1785	300
1785	300
1785	300
1785	300
1785	300
1785	300
1785	300
1785	300
1785	300
1790	300
1790	300
1790	300
1790	300
1790	300
1790	300
1790	300
1790	300
1790	300
1790	300
1795	300
1795	300
1795	300
1795	300
1795	300
1795	300
1795	300
1795	300
1795	300
1795	300
1800	300
1800	300
1800	300
1800	300
1800	300
1800	300
1800	300
1800	300
1800	300
1800	300
1805	300
1805	300
1805	300
1805	300
1805	300
1805	300
1805	300
1805	300
1805	300
1805	300
1810	300
1810	300
1810	300
1810	300
1810	300
1810	300
1810	300
1810	300
1810	300
1810	300
1815	300
1815	300
1815	300
1815	300
1815	300
1815	300
1815	300
1815	300
1815	300
1815	300
1820	300
1820	300
1820	300
1820	300
1820	300
1820	300
1820	300
1820	300
1820	300
1820	300
1825	300
1825	300
1825	300
1825	300
1825	300
1825	300
1825	300
1825	300
1825	300
1825	300
1830	300
1830	300
1830	300
1830	300
1830	300
1830	300
1830	300
1830	300
1830	300
1830	300
1835	300
1835	300
1835	300
1835	300
1835	300
1835	300
1835	300
1835	300
1835	300
1835	300
1840	300
1840	300
1840	300
1840	300
1840	300
1840	300
1840	300
1840	300
1840	300
1840	300
1845	300
1845	300
1845	300
1845	300
1845	300
1845	300
1845	300
1845	300
1845	300
1845	300
1850	300
1850	300
1850	300
1850	300
1850	300
1850	300
1850	300
1850	300
1850	300
1850	300
1855	300
1855	300
1855	300
1855	300
1855	300
1855	300
1855	300
1855	300
1855	300
1855	300
1860	300
1860	300
1860	300
1860	300
1860	300
1860	300
1860	300
1860	300
1860	300
1860	300
1865	300
1865	300
1865	300
1865	300
1865	300
1865	300
1865	300
1865	300
1865	300
1865	300
1870	300
1870	300
1870	300
1870	300
1870	300
1870	300
1870	300
1870	300
1870	300
1870	300
1875	300
1875	300
1875	300
1875	300
1875	300
1875	300
1875	300
1875	300
1875	300
1875	300
1880	300
1880	300
1880	300
1880	300
1880	300
1880	300
1880	300
1880	300
1880	300
1880	300
1885	300
1885	300
1885	300
1885	300
1885	300
1885	300
1885	300
1885	300
1885	300
1885	300
1890	300
1890	300
1890	300
1890	300
1890	300
1890	300
1890	300
1890	300
1890	300
1890	300
1895	300
1895	300
1895	300
1895	300
1895	300
1895	300
1895	300
1895	300
1895	300
1895	300
1900	300
1900	300
1900	300
1900	300
1900	300
1900	300
1900	300
1900	300
1900	300
1900	300
1905	300
1905	300
1905	300
1905	300
1905	300
1905	300
1905	300
1905	300
1905	300
1905	300
1910	300
1910	300
1910	300
1910	300
1910	300
1910	300
1910	300
1910	300
1910	300
1910	300
1915	300
1915	300
1915	300
1915	300
1915	300
1915	300
1915	300
1915	300
1915	300
1915	300
1920	300
1920	300
1920	300
1920	300
1920	300
1920	300
1920	300
1920	300
1920	300
1920	300
1925	300
1925	300
1925	300
1925	300
1925	300
1925	300
1925	300
1925	300
1925	300
1925	300
1930	300
1930	300
1930	300
1930	300
1930	300
1930	300
1930	300
1930	300
1930	300
1930	300
1935	300
1935	300
1935	300
1935	300
1935	300
1935	300
1935	300
1935	300
1935	300
1935	300
1940	300
1940	300
1940	300
1940	300
1940	300
1940	300
1940	300
1940	300
1940	300
1940	300
1945	300
1945	300
1945	300
1945	300
1945	300
1945	300
1945	300
1945	300
1945	300
1945	300
1950	300
1950	300
1950	300
1950	300
1950	300
1950	300
1950	300
1950	300
1950	300
1950	300
1955	300
1955	300
1955	300
1955	300
1955	300
1955	300
1955	300
1955	300
1955	300
1955	300
1960	300
1960	300
1960	300
1960	300
1960	300
1960	300
1960	300
1960	300
1960	300
1960	300
1965	300
1965	300
1965	300
1965	300
1965	300
1965	300
1965	300
1965	300
1965	300
1965	300
1970	300
1970	300
1970	300
1970	300
1970	300
1970	300
1970	300
1970	300
1970	300
1970	300
1975	300
1975	300
1975	300
1975	300
1975	300
1975	300
1975	300
1975	300
1975	300
1975	300
1980	300
1980	300
1980	300
1980	300
1980	300
1980	300
1980	300
1980	300
1980	300
1980	300
1985	300
1985	300
1985	300
1985	300
1985	300
1985	300
1985	300
1985	300
1985	300
1985	300
1990	300
1990	300
1990	300
1990	300
1990	300
1990	300
1990	300
1990	300
1990	300
1990	300
1995	300
1995	300
1995	300
1995	300
1995	300
1995	300
1995	300
1995	300
1995	300
1995	300
2000	300
2000	300
2000	300
2000	300
2000	300
2000	300
2000	300
2000	300
2000	300
2000	300
2005	300
2005	300
2005	300
2005	300
2005	300
2005	300
2005	300
2005	300
2005	300
2005	300
2010	300
2010	300
2010	300
2010	300
2010	300
2010	300
2010	300
2010	300
2010	300
2010	300
2015	300
2015	300
2015	300
2015	300
2015	300
2015	300
2015	300
2015	300
2015	300
2015	300
2020	300
2020	300
2020	300
2020	300
2020	300
2020	300
2020	300
2020	300
2020	300
2020	300
2025	300
2025	300
2025	300
2025	300
2025	300
2025	300
2025	300
2025	300
2025	300
2025	300
2030	300
2030	300
2030	300
2030	300
2030	300
2030	300
2030	300
2030	300
2030	300
2030	300
2035	300
2035	300
2035	300
2035	300
2035	300
2035	300
2035	300
2035	300
2035	300
2035	300
2040	300
2040	300
2040	300
2040	300
2040	300
2040	300
2040	300
2040	300
2040	300
2040	300
2045	300
2045	300
2045	300
2045	300
2045	300
2045	300
2045	300
2045	300
2045	300
2045	300
2050	300
2050	300
2050	300
2050	300
2050	300
2050	300
2050	300
2050	300
2050	300
2050	300
2055	300
2055	300
2055	300
2055	300
2055	300
2055	300
2055	300
2055	300
2055	300
2055	300
2060	300
2060	300
2060	300
2060	300
2060	300
2060	300
2060	300
2060	300
2060	300
2060	300
2065	300
2065	300
2065	300
2065	300
2065	300
2065	300
2065	300
2065	300
2065	300
2065	300
2070	300
2070	300
2070	300
2070	300
2070	300
2070	300
2070	300
2070	300
2070	300
2070	300
2075	300
2075	300
2075	300
2075	300
2075	300
2075	300
2075	300
2075	300
2075	300
2075	300
2080	300
2080	300
2080	300
2080	300
2080	300
2080	300
2080	300
2080	300
2080	300
2080	300
2085	300
2085	300
2085	300
2085	300
2085	300
2085	300
2085	300
2085	300
2085	300
2085	300
2090	300
2090	300
2090	300
2090	300
2090	300
2090	300
2090	300
2090	300
2090	300
2090	300
2095	300
2095	300
2095	300
2095	300
2095	300
2095	300
2095	300
2095	300
2095	300
2095	300
2100	300
2100	300
2100	300
2100	300
2100	300
2100	300
2100	300
2100	300
2100	300
2100	300
2105	300
2105	300
2105	300
2105	300
2105	300
2105	300
2105	300
2105	300
2105	300
2105	300
2110	300
2110	300
2110	300
2110	300
2110	300
2110	300
2110	300
2110	300
2110	300
2110	300
2115	300
2115	300
2115	300
2115	300
2115	300
2115	300
2115	300
2115	300
2115	300
2115	300
2120	300
2120	300
2120	300
2120	300
2120	300
2120	300
2120	300
2120	300
2120	300
2120	300
2125	300
2125	300
2125	300
2125	300
2125	300
2125	300
2125	300
2125	300
2125	300
2125	300
2130	300
2130	300
2130	300
2130	300
2130	300
2130	300
2130	300
2130	300
2130	300
2130	300
2135	300
2135	300
2135	300
2135	300
2135	300
2135	300
2135	300
2135	300
2135	300
2135	300
2140	300
2140	300
2140	300
2140	300
2140	300
2140	300
2140	300
2140	300
2140	300
2140	300
2145	300
2145	300
2145	300
2145	300
2145	300
2145	300
2145	300
2145	300
2145	300
2145	300
2150	300
2150	300
2150	300
2150	300
2150	300
2150	300
2150	300
2150	300
2150	300
2150	300
2155	300
2155	300
2155	300
2155	300
2155	300
2155	300
2155	300
2155	300
2155	300
2155	300
2160	300
2160	300
2160	300
2160	300
2160	300
2160	300
2160	300
2160	300
2160	300
2160	300
2165	300
2165	300
2165	300
2165	300
2165	300
2165	300
2165	300
2165	300
2165	300
2165	300
2170	300
2170	300
2170	300
2170	300
2170	300
2170	300
2170	300
2170	300
2170	300
2170	300
2175	300
2175	300
2175	300
2175	300
2175	300
2175	300
2175	300
2175	300
2175	300
2175	300
2180	300
2180	300
2180	300
2180	300
2180	300
2180	300
2180	300
2180	300
2180	300
2180	300
2185	300
2185	300
2185	300
2185	300
2185	300
2185	300
2185	300
2185	300
2185	300
2185	300
2190	300
2190	300
2190	300
2190	300
2190	300
2190	300
2190	300
2190	300
2190	300
2190	300
2195	300
2195	300
2195	300
2195	300
2195	300
2195	300
2195	300
2195	300
2195	300
2195	300
2200	300
2200	300
2200	300
2200	300
2200	300
2200	300
2200	300
2200	300
2200	300
2200	300
2205	300
2205	300
2205	300
2205	300
2205	300
2205	300
2205	300
2205	300
2205	300
2205	300
2210	300
2210	300
2210	300
2210	300
2210	300
2210	300
2210	300
2210	300
2210	300
2210	300
2215	300
2215	300
2215	300
2215	300
2215	300
2215	300
2215	300
2215	300
2215	300
2215	300
2220	300
2220	300
2220	300
2220	300
2220	300
2220	300
2220	300
2220	300
2220	300
2220	300
2225	300
2225	300
2225	300
2225	300
2225	300
2225	300
2225	300
2225	300
2225	300
2225	300
2230	300
2230	300
2230	300
2230	300
2230	300
2230	300
2230	300
2230	300
2230	300
2230	300
2235	300
2235	300
2235	300
2235	300
2235	300
2235	300
2235	300
2235	300
2235	300
2235	300
2240	300
2240	300
2240	300
2240	300
2240	300
2240	300
2240	300
2240	300
2240	300
2240	300
2245	300
2245	300
2245	300
2245	300
2245	300
2245	300
2245	300
2245	300
2245	300
2245	300
2250	300
2250	300
2250	300
2250	300
2250	300
2250	300
2250	300
2250	300
2250	300
2250	300
2255	300
2255	300
2255	300
2255	300
2255	300
2255	300
2255	300
2255	300
2255	300
2255	300
2260	300
2260	300
2260	300
2260	300
2260	300
2260	300
2260	300
2260	300
2260	300
2260	300
2265	300
2265	300
2265	300
2265	300
2265	300
2265	300
2265	300
2265	300
2265	300
2265	300
2270	300
2270	300
2270	300
2270	300
2270	300
2270	300
2270	300
2270	300
2270	300
2270	300
2275	300
2275	300
2275	300
2275	300
2275	300
2275	300
2275	300
2275	300
2275	300
2275	300
2280	300
2280	300
2280	300
2280	300
2280	300
2280	300
2280	300
2280	300
2280	300
2280	300
2285	300
2285	300
2285	300
2285	300
2285	300
2285	300
2285	300
2285	300
2285	300
2285	300
2290	300
2290	300
2290	300
2290	300
2290	300
2290	300
2290	300
2290	300
2290	300
2290	300
2295	300
2295	300
2295	300
2295	300
2295	300
2295	300
2295	300
2295	300
2295	300
2295	300
2300	300
2300	300
2300	300
2300	300
2300	300
2300	300
2300	300
2300	300
2300	300
2300	300
2305	300
2305	300
2305	300
2305	300
2305	300
2305	300
2305	300
2305	300
2305	300
2305	300
2310	300
2310	300
2310	300
2310	300
2310	300
2310	300
2310	300
2310	300
2310	300
2310	300
2315	300
2315	300
2315	300
2315	300
2315	300
2315	300
2315	300
2315	300
2315	300
2315	300
2320	300
2320	300
2320	300
2320	300
2320	300
2320	300
2320	300
2320	300
2320	300
2320	300
2325	300
2325	300
2325	300
2325	300
2325	300
2325	300
2325	300
2325	300
2325	300
2325	300
2330	300
2330	300
2330	300
2330	300
2330	300
2330	300
2330	300
2330	300
2330	300
2330	300
2335	300
2335	300
2335	300
2335	300
2335	300
2335	300
2335	300
2335	300
2335	300
2335	300
2340	300
2340	300
2340	300
2340	300
2340	300
2340	300
2340	300
2340	300
2340	300
2340	300
2345	300
2345	300
2345	300
2345	300
2345	300
2345	300
2345	300
2345	300
2345	300
2345	300
2350	300
2350	300
2350	300
2350	300
2350	300
2350	300
2350	300
2350	300
2350	300
2350	300
2355	300
2355	300
2355	300
2355	300
2355	300
2355	300
2355	300
2355	300
2355	300
2355	300
2360	300
2360	300
2360	300
2360	300
2360	300
2360	300
2360	300
2360	300
2360	300
2360	300
2365	300
2365	300
2365	300
2365	300
2365	300
2365	300
2365	300
2365	300
2365	300
2365	300
2370	300
2370	300
2370	300
2370	300
2370	300
2370	300
2370	300
2370	300
2370	300
2370	300
2375	300
2375	300
2375	300
2375	300
2375	300
2375	300
2375	300
2375	300
2375	300
2375	300
2380	300
2380	300
2380	300
2380	300
2380	300
2380	300
2380	300
2380	300
2380	300
2380	300
2385	300
2385	300
2385	300
2385	300
2385	300
2385	300
2385	300
2385	300
2385	300
2385	300
2390	300
2390	300
2390	300
2390	300
2390	300
2390	300
2390	300
2390	300
2390	300
2390	300
2395	300
2395	300
2395	300
2395	300
2395	300
2395	300
2395	300
2395	300
2395	300
2395	300
2400	300
2400	300
2400	300
2400	300
2400	300
2400	300
2400	300
2400	300
2400	300
2400	300
2405	300
2405	300
2405	300
2405	300
2405	300
2405	300
2405	300
2405	300
2405	300
2405	300
2410	300
2410	300
2410	300
2410	300
2410	300
2410	300
2410	300
2410	300
2410	300
2410	300
2415	300
2415	300
2415	300
2415	300
2415	300
2415	300
2415	300
2415	300
2415	300
2415	300
2420	300
2420	300
2420	300
2420	300
2420	300
2420	300
2420	300
2420	300
2420	300
2420	300
2425	300
2425	300
2425	300
2425	300
2425	300
2425	300
2425	300
2425	300
2425	300
2425	300
2430	300
2430	300
2430	300
2430	300
2430	300
2430	300
2430	300
2430	300
2430	300
2430	300
2435	300
2435	300
2435	300
2435	300
2435	300
2435	300
2435	300
2435	300
2435	300
2435	300
2440	300
2440	300
2440	300
2440	300
2440	300
2440	300
2440	300
2440	300
2440	300
2440	300
2445	300
2445	300
2445	300
2445	300
2445	300
2445	300
2445	300
2445	300
2445	300
2445	300
2450	300
2450	300
2450	300
2450	300
2450	300
2450	300
2450	300
2450	300
2450	300
2450	300
2455	300
2455	300
2455	300
2455	300
2455	300
2455	300
2455	300
2455	300
2455	300
2455	300
2460	300
2460	300
2460	300
2460	300
2460	300
2460	300
2460	300
2460	300
2460	300
2460	300
2465	300
2465	300
2465	300
2465	300
2465	300
2465	300
2465	300
2465	300
2465	300
2465	300
2470	300
2470	300
2470	300
2470	300
2470	300
2470	300
2470	300
2470	300
2470	300
2470	300
2475	300
2475	300
2475	300
2475	300
2475	300
2475	300
2475	300
2475	300
2475	300
2475	300
2480	300
2480	300
2480	300
2480	300
2480	300
2480	300
2480	300
2480	300
2480	300
2480	300
2485	300
2485	300
2485	300
2485	300
2485	300
2485	300
2485	300
2485	300
2485	300
2485	300
2490	300
2490	300
2490	300
2490	300
2490	300
2490	300
2490	300
2490	300
2490	300
2490	300
2495	300
2495	300
2495	300
2495	300
2495	300
2495	300
2495	300
2495	300
2495	300
2495	300
2500	300
2500	300
2500	300
2500	300
2500	300
2500	300
2500	300
2500	300
2500	300
2500	300
2505	300
2505	300
2505	300
2505	300
2505	300
2505	300
2505	300
2505	300
2505	300
2505	300
2510	300
2510	300
2510	300
2510	300
2510	300
2510	300
2510	300
2510	300
2510	300
2510	300
2515	300
2515	300
2515	300
2515	300
2515	300
2515	300
2515	300
2515	300
2515	300
2515	300
2520	300
2520	300
2520	300
2520	300
2520	300
2520	300
2520	300
2520	300
2520	300
2520	300
2525	300
2525	300
2525	300
2525	300
2525	300
2525	300
2525	300
2525	300
2525	300
2525	300
2530	300
2530	300
2530	300
2530	300
2530	300
2530	300
2530	300
2530	300
2530	300
2530	300
2535	300
2535	300
2535	300
2535	300
2535	300
2535	300
2535	300
2535	300
2535	300
2535	300
2540	300
2540	300
2540	300
2540	300
2540	300
2540	300
2540	300
2540	300
2540	300
2540	300
2545	300
2545	300
2545	300
2545	300
2545	300
2545	300
2545	300
2545	300
2545	300
2545	300
2550	300
2550	300
2550	300
2550	300
2550	300
2550	300
2550	300
2550	300
2550	300
2550	300
2555	300
2555	300
2555	300
2555	300
2555	300
2555	300
2555	300
2555	300
2555	300
2555	300
2560	300
2560	300
2560	300
2560	300
2560	300
2560	300
2560	300
2560	300
2560	300
2560	300
2565	300
2565	300
2565	300
2565	300
2565	300
2565	300
2565	300
2565	300
2565	300
2565	300
2570	300
2570	300
2570	300
2570	300
2570	300
2570	300
2570	300
2570	300
2570	300
2570	300
2575	300
2575	300
2575	300
2575	300
2575	300
2575	300
2575	300
2575	300
2575	300
2575	300
2580	300
2580	300
2580	300
2580	300
2580	300
2580	300
2580	300
2580	300
2580	300
2580	300
2585	300
2585	300
2585	300
2585	300
2585	300
2585	300
2585	300
2585	300
2585	300
2585	300
2590	300
2590	300
2590	300
2590	300
2590	300
2590	300
2590	300
2590	300
2590	300
2590	300
2595	300
2595	300
2595	300
2595	300
2595	300
2595	300
2595	300
2595	300
2595	300
2595	300
2600	300
2600	300
2600	300
2600	300
2600	300
2600	300
2600	300
2600	300
2600	300
2600	300
2605	300
2605	300
2605	300
2605	300
2605	300
2605	300
2605	300
2605	300
2605	300
2605	300
2610	300
2610	300
2610	300
2610	300
2610	300
2610	300
2610	300
2610	300
2610	300
2610	300
2615	300
2615	300
2615	300
2615	300
2615	300
2615	300
2615	300
2615	300
2615	300
2615	300
2620	300
2620	300
2620	300
2620	300
2620	300
2620	300
2620	300
2620	300
2620	300
2620	300
2625	300
2625	300
2625	300
2625	300
2625	300
2625	300
2625	300
2625	300
2625	300
2625	300
2630	300
2630	300
2630	300
2630	300
2630	300
2630	300
2630	300
2630	300
2630	300
2630	300
2635	300
2635	300
2635	300
2635	300
2635	300
2635	300
2635	300
2635	300
2635	300
2635	300
2640	300
2640	300
2640	300
2640	300
2640	300
2640	300
2640	300
2640	300
2640	300
2640	300
2645	300
2645	300
2645	300
2645	300
2645	300
2645	300
2645	300
2645	300
2645	300
2645	300
2650	300
2650	300
2650	300
2650	300
2650	300
2650	300
2650	300
2650	300
2650	300
2650	300
2655	300
2655	300
2655	300
2655	300
2655	300
2655	300
2655	300
2655	300
2655	300
2655	300
2660	300
2660	300
2660	300
2660	300
2660	300
2660	300
2660	300
2660	300
2660	300
2660	300
2665	300
2665	300
2665	300
2665	300
2665	300
2665	300
2665	300
2665	300
2665	300
2665	300
2670	300
2670	300
2670	300
2670	300
2670	300
2670	300
2670	300
2670	300
2670	300
2670	300
2675	300
2675	300
2675	300
2675	300
2675	300
2675	300
2675	300
2675	300
2675	300
2675	300
2680	300
2680	300
2680	300
2680	300
2680	300
2680	300
2680	300
2680	300
2680	300
2680	300
2685	300
2685	300
2685	300
2685	300
2685	300
2685	300
2685	300
2685	300
2685	300
2685	300
2690	300
2690	300
2690	300
2690	300
2690	300
2690	300
2690	300
2690	300
2690	300
2690	300
2695	300
2695	300
2695	300
2695	300
2695	300
2695	300
2695	300
2695	300
2695	300
2695	300
2700	300
2700	300
2700	300
2700	300
2700	300
2700	300
2700	300
2700	300
2700	300
2700	300
2705	300
2705	300
2705	300
2705	300
2705	300
2705	300
2705	300
2705	300
2705	300
2705	300
2710	300
2710	300
2710	300
2710	300
2710	300
2710	300
2710	300
2710	300
2710	300
2710	300
2715	300
2715	300
2715	300
2715	300
2715	300
2715	300
2715	300
2715	300
2715	300
2715	300
2720	300
2720	300
2720	300
2720	300
2720	300
2720	300
2720	300
2720	300
2720	300
2720	300
2725	300
2725	300
2725	300
2725	300
2725	300
2725	300
2725	300
2725	300
2725	300
2725	300
2730	300
2730	300
2730	300
2730	300
2730	300
2730	300
2730	300
2730	300
2730	300
2730	300
2735	300
2735	300
2735	300
2735	300
2735	300
2735	300
2735	300
2735	300
2735	300
2735	300
2740	300
2740	300
2740	300
2740	300
2740	300
2740	300
2740	300
2740	300
2740	300
2740	300
2745	300
2745	300
2745	300
2745	300
2745	300
2745	300
2745	300
2745	300
2745	300
2745	300
2750	300
2750	300
2750	300
2750	300
2750	300
2750	300
2750	300
2750	300
2750	300
2750	300
2755	300
2755	300
2755	300
2755	300
2755	300
2755	300
2755	300
2755	300
2755	300
2755	300
2760	300
2760	300
2760	300
2760	300
2760	300
2760	300
2760	300
2760	300
2760	300
2760	300
2765	300
2765	300
2765	300
2765	300
2765	300
2765	300
2765	300
2765	300
2765	300
2765	300
2770	300
2770	300
2770	300
2770	300
2770	300
2770	300
2770	300
2770	300
2770	300
2770	300
2775	300
2775	300
2775	300
2775	300
2775	300
2775	300
2775	300
2775	300
2775	300
2775	300
2780	300
2780	300
2780	300
2780	300
2780	300
2780	300
2780	300
2780	300
2780	300
2780	300
2785	300
2785	300
2785	300
2785	300
2785	300
2785	300
2785	300
2785	300
2785	300
2785	300
2790	300
2790	300
2790	300
2790	300
2790	300
2790	300
2790	300
2790	300
2790	300
2790	300
2795	300
2795	300
2795	300
2795	300
2795	300
2795	300
2795	300
2795	300
2795	300
2795	300
2800	300
2800	300
2800	300
2800	300
2800	300
2800	300
2800	300
2800	300
2800	300
2800	300
2805	300
2805	300
2805	300
2805	300
2805	300
2805	300
2805	300
2805	300
2805	300
2805	300
2810	300
2810	300
2810	300
2810	300
2810	300
2810	300
2810	300
2810	300
2810	300
2810	300
2815	300
2815	300
2815	300
2815	300
2815	300
2815	300
2815	300
2815	300
2815	300
2815	300
2820	300
2820	300
2820	300
2820	300
2820	300
2820	300
2820	300
2820	300
2820	300
2820	300
2825	300
2825	300
2825	300
2825	300
2825	300
2825	300
2825	300
2825	300
2825	300
2825	300
2830	300
2830	300
2830	300
2830	300
2830	300
2830	300
2830	300
2830	300
2830	300
2830	300
2835	300
2835	300
2835	300
2835	300
2835	300
2835	300
2835	300
2835	300
2835	300
2835	300
2840	300
2840	300
2840	300
2840	300
2840	300
2840	300
2840	300
2840	300
2840	300
2840	300
2845	300
2845	300
2845	300
2845	300
2845	300
2845	300
2845	300
2845	300
2845	300
2845	300
2850	300
2850	300
2850	300
2850	300
2850	300
2850	300
2850	300
2850	300
2850	300
2850	300
2855	300
2855	300
2855	300
2855	300
2855	300
2855	300
2855	300
2855	300
2855	300
2855	300
2860	300
2860	300
2860	300
2860	300
2860	300
2860	300
2860	300
2860	300
2860	300
2860	300
2865	300
2865	300
2865	300
2865	300
2865	300
2865	300
2865	300
2865	300
2865	300
2865	300
2870	300
2870	300
2870	300
2870	300
2870	300
2870	300
2870	300
2870	300
2870	300
2870	300
2875	300
2875	300
2875	300
2875	300
2875	300
2875	300
2875	300
2875	300
2875	300
2875	300
2880	300
2880	300
2880	300
2880	300
2880	300
2880	300
2880	300
2880	300
2880	300
2880	300
2885	300
2885	300
2885	300
2885	300
2885	300
2885	300
2885	300
2885	300
2885	300
2885	300
2890	300
2890	300
2890	300
2890	300
2890	300
2890	300
2890	300
2890	300
2890	300
2890	300
2895	300
2895	300
2895	300
2895	300
2895	300
2895	300
2895	300
2895	300
2895	300
2895	300
2900	300
2900	300
2900	300
2900	300
2900	300
2900	300
2900	300
2900	300
2900	300
2900	300
2905	300
2905	300
2905	300
2905	300
2905	300
2905	300
2905	300
2905	300
2905	300
2905	300
2910	300
2910	300
2910	300
2910	300
2910	300
2910	300
2910	300
2910	300
2910	300
2910	300
2915	300
2915	300
2915	300
2915	300
2915	300
2915	300
2915	300
2915	300
2915	300
2915	300
2920	300
2920	300
2920	300
2920	300
2920	300
2920	300
2920	300
2920	300
2920	300
2920	300
2925	300
2925	300
2925	300
2925	300
2925	300
2925	300
2925	300
2925	300
2925	300
2925	300
2930	300
2930	300
2930	300
2930	300
2930	300
2930	300
2930	300
2930	300
2930	300
2930	300
2935	300
2935	300
2935	300
2935	300
2935	300
2935	300
2935	300
2935	300
2935	300
2935	300
2940	300
2940	300
2940	300
2940	300
2940	300
2940	300
2940	300
2940	300
2940	300
2940	300
2945	300
2945	300
2945	300
2945	300
2945	300
2945	300
2945	300
2945	300
2945	300
2945	300
2950	300
2950	300
2950	300
2950	300
2950	300
2950	300
2950	300
2950	300
2950	300
2950	300
2955	300
2955	300
2955	300
2955	300
2955	300
2955	300
2955	300
2955	300
2955	300
2955	300
2960	300
2960	300
2960	300
2960	300
2960	300
2960	300
2960	300
2960	300
2960	300
2960	300
2965	300
2965	300
2965	300
2965	300
2965	300
2965	300
2965	300
2965	300
2965	300
2965	300
2970	300
2970	300
2970	300
2970	300
2970	300
2970	300
2970	300
2970	300
2970	300
2970	300
2975	300
2975	300
2975	300
2975	300
2975	300
2975	300
2975	300
2975	300
2975	300
2975	300
2980	300
2980	300
2980	300
2980	300
2980	300
2980	300
2980	300
2980	300
2980	300
2980	300
2985	300
2985	300
2985	300
2985	300
2985	300
2985	300
2985	300
2985	300
2985	300
2985	300
2990	300
2990	300
2990	300
2990	300
2990	300
2990	300
2990	300
2990	300
2990	300
2990	300
2995	300
2995	300
2995	300
2995	300
2995	300
2995	300
2995	300
2995	300
2995	300
2995	300
3000	300
3000	300
3000	300
3000	300
3000	300
3000	300
3000	300
3000	300
3000	300
3000	300
3005	300
3005	300
3005	300
3005	300
3005	300
3005	300
3005	300
3005	300
3005	300
3005	300
3010	300
3010	300
3010	300
3010	300
3010	300
3010	300
3010	300
3010	300
3010	300
3010	300
3015	300
3015	300
3015	300
3015	300
3015	300
3015	300
3015	300
3015	300
3015	300
3015	300
3020	300
3020	300
3020	300
3020	300
3020	300
3020	300
3020	300
3020	300
3020	300
3020	300
3025	300
3025	300
3025	300
3025	300
3025	300
3025	300
3025	300
3025	300
3025	300
3025	300
3030	300
3030	300
3030	300
3030	300
3030	300
3030	300
3030	300
3030	300
3030	300
3030	300
3035	300
3035	300
3035	300
3035	300
3035	300
3035	300
3035	300
3035	300
3035	300
3035	300
3040	300
3040	300
3040	300
3040	300
3040	300
3040	300
3040	300
3040	300
3040	300
3040	300
3045	300
3045	300
3045	300
3045	300
3045	300
3045	300
3045	300
3045	300
3045	300
3045	300
3050	300
3050	300
3050	300
3050	300
3050	300
3050	300
3050	300
3050	300
3050	300
3050	300
3055	300
3055	300
3055	300
3055	300
3055	300
3055	300
3055	300
3055	300
3055	300
3055	300
3060	300
3060	300
3060	300
3060	300
3060	300
3060	300
3060	300
3060	300
3060	300
3060	300
3065	300
3065	300
3065	300
3065	300
3065	300
3065	300
3065	300
3065	300
3065	300
3065	300
3070	300
3070	300
3070	300
3070	300
3070	300
3070	300
3070	300
3070	300
3070	300
3070	300
3075	300
3075	300
3075	300
3075	300
3075	300
3075	300
3075	300
3075	300
3075	300
3075	300
3080	300
3080	300
3080	300
3080	300
3080	300
3080	300
3080	300
3080	300
3080	300
3080	300
3085	300
3085	300
3085	300
3085	300
3085	300
3085	300
3085	300
3085	300
3085	300
3085	300
3090	300
3090	300
3090	300
3090	300
3090	300
3090	300
3090	300
3090	300
3090	300
3090	300
3095	300
3095	300
3095	300
3095	300
3095	300
3095	300
3095	300
3095	300
3095	300
3095	300
3100	300
3100	300
3100	300
3100	300
3100	300
3100	300
3100	300
3100	300
3100	300
3100	300
3105	300
3105	300
3105	300
3105	300
3105	300
3105	300
3105	300
3105	300
3105	300
3105	300
3110	300
3110	300
3110	300
3110	300
3110	300
3110	300
3110	300
3110	300
3110	300
3110	300
3115	300
3115	300
3115	300
3115	300
3115	300
3115	300
3115	300
3115	300
3115	300
3115	300
3120	300
3120	300
3120	300
3120	300
3120	300
3120	300
3120	300
3120	300
3120	300
3120	300
3125	300
3125	300
3125	300
3125	300
3125	300
3125	300
3125	300
3125	300
3125	300
3125	300
3130	300
3130	300
3130	300
3130	300
3130	300
3130	300
3130	300
3130	300
3130	300
3130	300
3135	300
3135	300
3135	300
3135	300
3135	300
3135	300
3135	300
3135	300
3135	300
3135	300
3140	300
3140	300
3140	300
3140	300
3140	300
3140	300
3140	300
3140	300
3140	300
3140	300
3145	300
3145	300
3145	300
3145	300
3145	300
3145	300
3145	300
3145	300
3145	300
3145	300
3150	300
3150	300
3150	300
3150	300
3150	300
3150	300
3150	300
3150	300
3150	300
3150	300
3155	300
3155	300
3155	300
3155	300
3155	300
3155	300
3155	300
3155	300
3155	300
3155	300
3160	300
3160	300
3160	300
3160	300
3160	300
3160	300
3160	300
3160	300
3160	300
3160	300
3165	300
3165	300
3165	300
3165	300
3165	300
3165	300
3165	300
3165	300
3165	300
3165	300
3170	300
3170	300
3170	300
3170	300
3170	300
3170	300
3170	300
3170	300
3170	300
3170	300
3175	300
3175	300
3175	300
3175	300
3175	300
3175	300
3175	300
3175	300
3175	300
3175	300
3180	300
3180	300
3180	300
3180	300
3180	300
3180	300
3180	300
3180	300
3180	300
3180	300
3185	300
3185	300
3185	300
3185	300
3185	300
3185	300
3185	300
3185	300
3185	300
3185	300
3190	300
3190	300
3190	300
3190	300
3190	300
3190	300
3190	300
3190	300
3190	300
3190	300
3195	300
3195	300
3195	300
3195	300
3195	300
3195	300
3195	300
3195	300
3195	300
3195	300
3200	300
3200	300
3200	300
3200	300
3200	300
3200	300
3200	300
3200	300
3200	300
3200	300
3205	300
3205	300
3205	300
3205	300
3205	300
3205	300
3205	300
3205	300
3205	300
3205	300
3210	300
3210	300
3210	300
3210	300
3210	300
3210	300
3210	300
3210	300
3210	300
3210	300
3215	300
3215	300
3215	300
3215	300
3215	300
3215	300
3215	300
3215	300
3215	300
3215	300
3220	300
3220	300
3220	300
3220	300
3220	300
3220	300
3220	300
3220	300
3220	300
3220	300
3225	300
3225	300
3225	300
3225	300
3225	300
3225	300
3225	300
3225	300
3225	300
3225	300
3230	300
3230	300
3230	300
3230	300
3230	300
3230	300
3230	300
3230	300
3230	300
3230	300
3235	300
3235	300
3235	300
3235	300
3235	300
3235	300
3235	300
3235	300
3235	300
3235	300
3240	300
3240	300
3240	300
3240	300
3240	300
3240	300
3240	300
3240	300
3240	300
3240	300
3245	300
3245	300
3245	300
3245	300
3245	300
3245	300
3245	300
3245	300
3245	300
3245	300
3250	300
3250	300
3250	300
3250	300
3250	300
3250	300
3250	300
3250	300
3250	300
3250	300
3255	300
3255	300
3255	300
3255	300
3255	300
3255	300
3255	300
3255	300
3255	300
3255	300
3260	300
3260	300
3260	300
3260	300
3260	300
3260	300
3260	300
3260	300
3260	300
3260	300
3265	300
3265	300
3265	300
3265	300
3265	300
3265	300
3265	300
3265	300
3265	300
3265	300
3270	300
3270	300
3270	300
3270	300
3270	300
3270	300
3270	300
3270	300
3270	300
3270	300
3275	300
3275	300
3275	300
3275	300
3275	300
3275	300
3275	300
3275	300
3275	300
3275	300
3280	300
3280	300
3280	300
3280	300
3280	300
3280	300
3280	300
3280	300
3280	300
3280	300
3285	300
3285	300
3285	300
3285	300
3285	300
3285	300
3285	300
3285	300
3285	300
3285	300
3290	300
3290	300
3290	300
3290	300
3290	300
3290	300
3290	300
3290	300
3290	300
3290	300
3295	300
3295	300
3295	300
3295	300
3295	300
3295	300
3295	300
3295	300
3295	300
3295	300
3300	300
3300	300
3300	300
3300	300
3300	300
3300	300
3300	300
3300	300
3300	300
3300	300
3305	300
3305	300
3305	300
3305	300
3305	300
3305	300
3305	300
3305	300
3305	300
3305	300
3310	300
3310	300
3310	300
3310	300
3310	300
3310	300
3310	300
3310	300
3310	300
3310	300
3315	300
3315	300
3315	300
3315	300
3315	300
3315	300
3315	300
3315	300
3315	300
3315	300
3320	300
3320	300
3320	300
3320	300
3320	300
3320	300
3320	300
3320	300
3320	300
3320	300
3325	300
3325	300
3325	300
3325	300
3325	300
3325	300
3325	300
3325	300
3325	300
3325	300
3330	300
3330	300
3330	300
3330	300
3330	300
3330	300
3330	300
3330	300
3330	300
3330	300
3335	300
3335	300
3335	300
3335	300
3335	300
3335	300
3335	300
3335	300
3335	300
3335	300
3340	300
3340	300
3340	300
3340	300
3340	300
3340	300
3340	300
3340	300
3340	300
3340	300
3345	300
3345	300
3345	300
3345	300
3345	300
3345	300
3345	300
3345	300
3345	300
3345	300
3350	300
3350	300
3350	300
3350	300
3350	300
3350	300
3350	300
3350	300
3350	300
3350	300
3355	300
3355	300
3355	300
3355	300
3355	300
3355	300
3355	300
3355	300
3355	300
3355	300
3360	300
3360	300
3360	300
3360	300
3360	300
3360	300
3360	300
3360	300
3360	300
3360	300
3365	300
3365	300
3365	300
3365	300
3365	300
3365	300
3365	300
3365	300
3365	300
3365	300
3370	300
3370	300
3370	300
3370	300
3370	300
3370	300
3370	300
3370	300
3370	300
3370	300
3375	300
3375	300
3375	300
3375	300
3375	300
3375	300
3375	300
3375	300
3375	300
3375	300
3380	300
3380	300
3380	300
3380	300
3380	300
3380	300
3380	300
3380	300
3380	300
3380	300
3385	300
3385	300
3385	300
3385	300
3385	300
3385	300
3385	300
3385	300
3385	300
3385	300
3390	300
3390	300
3390	300
3390	300
3390	300
3390	300
3390	300
3390	300
3390	300
3390	300
3395	300
3395	300
3395	300
3395	300
3395	300
3395	300
3395	300
3395	300
3395	300
3395	300
3400	300
3400	300
3400	300
3400	300
3400	300
3400	300
3400	300
3400	300
3400	300
3400	300
3405	300
3405	300
3405	300
3405	300
3405	300
3405	300
3405	300
3405	300
3405	300
3405	300
3410	300
3410	300
3410	300
3410	300
3410	300
3410	300
3410	300
3410	300
3410	300
3410	300
3415	300
3415	300
3415	300
3415	300
3415	300
3415	300
3415	300
3415	300
3415	300
3415	300
3420	300
3420	300
3420	300
3420	300
3420	300
3420	300
3420	300
3420	300
3420	300
3420	300
3425	300
3425	300
3425	300
3425	300
3425	300
3425	300
3425	300
3425	300
3425	300
3425	300
3430	300
3430	300
3430	300
3430	300
3430	300
3430	300
3430	300
3430	300
3430	300
3430	300
3435	300
3435	300
3435	300
3435	300
3435	300
3435	300
3435	300
3435	300
3435	300
3435	300
3440	300
3440	300
3440	300
3440	300
3440	300
3440	300
3440	300
3440	300
3440	300
3440	300
3445	300
3445	300
3445	300
3445	300
3445	300
3445	300
3445	300
3445	300
3445	300
3445	300
3450	300
3450	300
3450	300
3450	300
3450	300
3450	300
3450	300
3450	300
3450	300
3450	300
3455	300
3455	300
3455	300
3455	300
3455	300
3455	300
3455	300
3455	300
3455	300
3455	300
3460	300
3460	300
3460	300
3460	300
3460	300
3460	300
3460	300
3460	300
3460	300
3460	300
3465	300
3465	300
3465	300
3465	300
3465	300
3465	300
3465	300
3465	300
3465	300
3465	300
3470	300
3470	300
3470	300
3470	300
3470	300
3470	300
3470	300
3470	300
3470	300
3470	300
3475	300
3475	300
3475	300
3475	300
3475	300
3475	300
3475	300
3475	300
3475	300
3475	300
3480	300
3480	300
3480	300
3480	300
3480	300
3480	300
3480	300
3480	300
3480	300
3480	300
3485	300
3485	300
3485	300
3485	300
3485	300
3485	300
3485	300
3485	300
3485	300
3485	300
3490	300
3490	300
3490	300
3490	300
3490	300
3490	300
3490	300
3490	300
3490	300
3490	300
3495	300
3495	300
3495	300
3495	300
3495	300
3495	300
3495	300
3495	300
3495	300
3495	300
3500	300
3500	300
3500	300
3500	300
3500	300
3500	300
3500	300
3500	300
3500	300
3500	300
3505	300
3505	300
3505	300
3505	300
3505	300
3505	300
3505	300
3505	300
3505	300
3505	300
3510	300
3510	300
3510	300
3510	300
3510	300
3510	300
3510	300
3510	300
3510	300
3510	300
3515	300
3515	300
3515	300
3515	300
3515	300
3515	300
3515	300
3515	300
3515	300
3515	300
3520	300
3520	300
3520	300
3520	300
3520	300
3520	300
3520	300
3520	300
3520	300
3520	300
3525	300
3525	300
3525	300
3525	300
3525	300
3525	300
3525	300
3525	300
3525	300
3525	300
3530	300
3530	300
3530	300
3530	300
3530	300
3530	300
3530	300
3530	300
3530	300
3530	300
3535	300
3535	300
3535	300
3535	300
3535	300
3535	300
3535	300
3535	300
3535	300
3535	300
3540	300
3540	300
3540	300
3540	300
3540	300
3540	300
3540	300
3540	300
3540	300
3540	300
3545	300
3545	300
3545	300
3545	300
3545	300
3545	300
3545	300
3545	300
3545	300
3545	300
3550	300
3550	300
3550	300
3550	300
3550	300
3550	300
3550	300
3550	300
3550	300
3550	300
3555	300
3555	300
3555	300
3555	300
3555	300
3555	300
3555	300
3555	300
3555	300
3555	300
3560	300
3560	300
3560	300
3560	300
3560	300
3560	300
3560	300
3560	300
3560	300
3560	300
3565	300
3565	300
3565	300
3565	300
3565	300
3565	300
3565	300
3565	300
3565	300
3565	300
3570	300
3570	300
3570	300
3570	300
3570	300
3570	300
3570	300
3570	300
3570	300
3570	300
3575	300
3575	300
3575	300
3575	300
3575	300
3575	300
3575	300
3575	300
3575	300
3575	300
3580	300
3580	300
3580	300
3580	300
3580	300
3580	300
3580	300
3580	300
3580	300
3580	300
3585	300
3585	300
3585	300
3585	300
3585	300
3585	300
3585	300
3585	300
3585	300
3585	300
3590	300
3590	300
3590	300
3590	300
3590	300
3590	300
3590	300
3590	300
3590	300
3590	300
3595	300
3595	300
3595	300
3595	300
3595	300
3595	300
3595	300
3595	300
3595	300
3595	300
3600	300
3600	300
3600	300
3600	300
3600	300
3600	300
3600	300
3600	300
3600	300
3600	300
3605	300
3605	300
3605	300
3605	300
3605	300
3605	300
3605	300
3605	300
3605	300
3605	300
3610	300
3610	300
3610	300
3610	300
3610	300
3610	300
3610	300
3610	300
3610	300
3610	300
3615	300
3615	300
3615	300
3615	300
3615	300
3615	300
3615	300
3615	300
3615	300
3615	300
3620	300
3620	300
3620	300
3620	300
3620	300
3620	300
3620	300
3620	300
3620	300
3620	300
3625	300
3625	300
3625	300
3625	300
3625	300
3625	300
3625	300
3625	300
3625	300
3625	300
3630	300
3630	300
3630	300
3630	300
3630	300
3630	300
3630	300
3630	300
3630	300
3630	300
3635	300
3635	300
3635	300
3635	300
3635	300
3635	300
3635	300
3635	300
3635	300
3635	300
3640	300
3640	300
3640	300
3640	300
3640	300
3640	300
3640	300
3640	300
3640	300
3640	300
3645	300
3645	300
3645	300
3645	300
3645	300
3645	300
3645	300
3645	300
3645	300
3645	300
3650	300
3650	300
3650	300
3650	300
3650	300
3650	300
3650	300
3650	300
3650	300
3650	300
3655	300
3655	300
3655	300
3655	300
3655	300
3655	300
3655	300
3655	300
3655	300
3655	300
3660	300
3660	300
3660	300
3660	300
3660	300
3660	300
3660	300
3660	300
3660	300
3660	300
3665	300
3665	300
3665	300
3665	300
3665	300
3665	300
3665	300
3665	300
3665	300
3665	300
3670	300
3670	300
3670	300
3670	300
3670	300
3670	300
3670	300
3670	300
3670	300
3670	300
3675	300
3675	300
3675	300
3675	300
3675	300
3675	300
3675	300
3675	300
3675	300
3675	300
3680	300
3680	300
3680	300
3680	300
3680	300
3680	300
3680	300
3680	300
3680	300
3680	300
3685	300
3685	300
3685	300
3685	300
3685	300
3685	300
3685	300
3685	300
3685	300
3685	300
3690	300
3690	300
3690	300
3690	300
3690	300
3690	300
3690	300
3690	300
3690	300
3690	300
3695	300
3695	300
3695	300
3695	300
3695	300
3695	300
3695	300
3695	300
3695	300
3695	300
3700	300
3700	300
3700	300
3700	300
3700	300
3700	300
3700	300
3700	300
3700	300
3700	300
3705	300
3705	300
3705	300
3705	300
3705	300
3705	300
3705	300
3705	300
3705	300
3705	300
3710	300
3710	300
3710	300
3710	300
3710	300
3710	300
3710	300
3710	300
3710	300
3710	300
3715	300
3715	300
3715	300
3715	300
3715	300
3715	300
3715	300
3715	300
3715	300
3715	300
3720	300
3720	300
3720	300
3720	300
3720	300
3720	300
3720	300
3720	300
3720	300
3720	300
3725	300
3725	300
3725	300
3725	300
3725	300
3725	300
3725	300
3725	300
3725	300
3725	300
3730	300
3730	300
3730	300
3730	300
3730	300
3730	300
3730	300
3730	300
3730	300
3730	300
3735	300
3735	300
3735	300
3735	300
3735	300
3735	300
3735	300
3735	300
3735	300
3735	300
3740	300
3740	300
3740	300
3740	300
3740	300
3740	300
3740	300
3740	300
3740	300
3740	300
3745	300
3745	300
3745	300
3745	300
3745	300
3745	300
3745	300
3745	300
3745	300
3745	300
3750	300
3750	300
3750	300
3750	300
3750	300
3750	300
3750	300
3750	300
3750	300
3750	300
3755	300
3755	300
3755	300
3755	300
3755	300
3755	300
3755	300
3755	300
3755	300
3755	300
3760	300
3760	300
3760	300
3760	300
3760	300
3760	300
3760	300
3760	300
3760	300
3760	300
3765	300
3765	300
3765	300
3765	300
3765	300
3765	300
3765	300
3765	300
3765	300
3765	300
3770	300
3770	300
3770	300
3770	300
3770	300
3770	300
3770	300
3770	300
3770	300
3770	300
3775	300
3775	300
3775	300
3775	300
3775	300
3775	300
3775	300
3775	300
3775	300
3775	300
3780	300
3780	300
3780	300
3780	300
3780	300
3780	300
3780	300
3780	300
3780	300
3780	300
3785	300
3785	300
3785	300
3785	300
3785	300
3785	300
3785	300
3785	300
3785	300
3785	300
3790	300
3790	300
3790	300
3790	300
3790	300
3790	300
3790	300
3790	300
3790	300
3790	300
3795	300
3795	300
3795	300
3795	300
3795	300
3795	300
3795	300
3795	300
3795	300
3795	300
3800	300
3800	300
3800	300
3800	300
3800	300
3800	300
3800	300
3800	300
3800	300
3800	300
3805	300
3805	300
3805	300
3805	300
3805	300
3805	300
3805	300
3805	300
3805	300
3805	300
3810	300
3810	300
3810	300
3810	300
3810	300
3810	300
3810	300
3810	300
3810	300
3810	300
3815	300
3815	300
3815	300
3815	300
3815	300
3815	300
3815	300
3815	300
3815	300
3815	300
3820	300
3820	300
3820	300
3820	300
3820	300
3820	300
3820	300
3820	300
3820	300
3820	300
3825	300
3825	300
3825	300
3825	300
3825	300
3825	300
3825	300
3825	300
3825	300
3825	300
3830	300
3830	300
3830	300
3830	300
3830	300
3830	300
3830	300
3830	300
3830	300
3830	300
3835	300
3835	300
3835	300
3835	300
3835	300
3835	300
3835	300
3835	300
3835	300
3835	300
3840	300
3840	300
3840	300
3840	300
3840	300
3840	300
3840	300
3840	300
3840	300
3840	300
3845	300
3845	300
3845	300
3845	300
3845	300
3845	300
3845	300
3845	300
3845	300
3845	300
3850	300
3850	300
3850	300
3850	300
3850	300
3850	300
3850	300
3850	300
3850	300
3850	300
3855	300
3855	300
3855	300
3855	300
3855	300
3855	300
3855	300
3855	300
3855	300
3855	300
3860	300
3860	300
3860	300
3860	300
3860	300
3860	300
3860	300
3860	300
3860	300
3860	300
3865	300
3865	300
3865	300
3865	300
3865	300
3865	300
3865	300
3865	300
3865	300
3865	300
3870	300
3870	300
3870	300
3870	300
3870	300
3870	300
3870	300
3870	300
3870	300
3870	300
3875	300
3875	300
3875	300
3875	300
3875	300
3875	300
3875	300
3875	300
3875	300
3875	300
3880	300
3880	300
3880	300
3880	300
3880	300
3880	300
3880	300
3880	300
3880	300
3880	300
3885	300
3885	300
3885	300
3885	300
3885	300
3885	300
3885	300
3885	300
3885	300
3885	300
3890	300
3890	300
3890	300
3890	300
3890	300
3890	300
3890	300
3890	300
3890	300
3890	300
3895	300
3895	300
3895	300
3895	300
3895	300
3895	300
3895	300
3895	300
3895	300
3895	300
3900	300
3900	300
3900	300
3900	300
3900	300
3900	300
3900	300
3900	300
3900	300
3900	300
3905	300
3905	300
3905	300
3905	300
3905	300
3905	300
3905	300
3905	300
3905	300
3905	300
3910	300
3910	300
3910	300
3910	300
3910	300
3910	300
3910	300
3910	300
3910	300
3910	300
3915	300
3915	300
3915	300
3915	300
3915	300
3915	300
3915	300
3915	300
3915	300
3915	300
3920	300
3920	300
3920	300
3920	300
3920	300
3920	300
3920	300
3920	300
3920	300
3920	300
3925	300
3925	300
3925	300
3925	300
3925	300
3925	300
3925	300
3925	300
3925	300
3925	300
3930	300
3930	300
3930	300
3930	300
3930	300
3930	300
3930	300
3930	300
3930	300
3930	300
3935	300
3935	300
3935	300
3935	300
3935	300
3935	300
3935	300
3935	300
3935	300
3935	300
3940	300
3940	300
3940	300
3940	300
3940	300
3940	300
3940	300
3940	300
3940	300
3940	300
3945	300
3945	300
3945	300
3945	300
3945	300
3945	300
3945	300
3945	300
3945	300
3945	300
3950	300
3950	300
3950	300
3950	300
3950	300
3950	300
3950	300
3950	300
3950	300
3950	300
3955	300
3955	300
3955	300
3955	300
3955	300
3955	300
3955	300
3955	300
3955	300
3955	300
3960	300
3960	300
3960	300
3960	300
3960	300
3960	300
3960	300
3960	300
3960	300
3960	300
3965	300
3965	300
3965	300
3965	300
3965	300
3965	300
3965	300
3965	300
3965	300
3965	300
3970	300
3970	300
3970	300
3970	300
3970	300
3970	300
3970	300
3970	300
3970	300
3970	300
3975	300
3975	300
3975	300
3975	300
3975	300
3975	300
3975	300
3975	300
3975	300
3975	300
3980	300
3980	300
3980	300
3980	300
3980	300
3980	300
3980	300
3980	300
3980	300
3980	300
3985	300
3985	300
3985	300
3985	300
3985	300
3985	300
3985	300
3985	300
3985	300
3985	300
3990	300
3990	300
3990	300
3990	300
3990	300
3990	300
3990	300
3990	300
3990	300
3990	300
3995	300
3995	300
3995	300
3995	300
3995	300
3995	300
3995	300
3995	300
3995	300
3995	300
4000	300
4000	300
4000	300
4000	300
4000	300
4000	300
4000	300
4000	300
4000	300
4000	300
4005	300
4005	300
4005	300
4005	300
4005	300
4005	300
4005	300
4005	300
4005	300
4005	300
4010	300
4010	300
4010	300
4010	300
4010	300
4010	300
4010	300
4010	300
4010	300
4010	300
4015	300
4015	300
4015	300
4015	300
4015	300
4015	300
4015	300
4015	300
4015	300
4015	300
4020	300
4020	300
4020	300
4020	300
4020	300
4020	300
4020	300
4020	300
4020	300
4020	300
4025	300
4025	300
4025	300
4025	300
4025	300
4025	300
4025	300
4025	300
4025	300
4025	300
4030	300
4030	300
4030	300
4030	300
4030	300
4030	300
4030	300
4030	300
4030	300
4030	300
4035	300
4035	300
4035	300
4035	300
4035	300
4035	300
4035	300
4035	300
4035	300
4035	300
4040	300
4040	300
4040	300
4040	300
4040	300
4040	300
4040	300
4040	300
4040	300
4040	300
4045	300
4045	300
4045	300
4045	300
4045	300
4045	300
4045	300
4045	300
4045	300
4045	300
4050	300
4050	300
4050	300
4050	300
4050	300
4050	300
4050	300
4050	300
4050	300
4050	300
4055	300
4055	300
4055	300
4055	300
4055	300
4055	300
4055	300
4055	300
4055	300
4055	300
4060	300
4060	300
4060	300
4060	300
4060	300
4060	300
4060	300
4060	300
4060	300
4060	300
4065	300
4065	300
4065	300
4065	300
4065	300
4065	300
4065	300
4065	300
4065	300
4065	300
4070	300
4070	300
4070	300
4070	300
4070	300
4070	300
4070	300
4070	300
4070	300
4070	300
4075	300
4075	300
4075	300
4075	300
4075	300
4075	300
4075	300
4075	300
4075	300
4075	300
4080	300
4080	300
4080	300
4080	300
4080	300
4080	300
4080	300
4080	300
4080	300
4080	300
4085	300
4085	300
4085	300
4085	300
4085	300
4085	300
4085	300
4085	300
4085	300
4085	300
4090	300
4090	300
4090	300
4090	300
4090	300
4090	300
4090	300
4090	300
4090	300
4090	300
4095	300
4095	300
4095	300
4095	300
4095	300
4095	300
4095	300
4095	300
4095	300
4095	300
4100	300
4100	300
4100	300
4100	300
4100	300
4100	300
4100	300
4100	300
4100	300
4100	300
4105	300
4105	300
4105	300
4105	300
4105	300
4105	300
4105	300
4105	300
4105	300
4105	300
4110	300
4110	300
4110	300
4110	300
4110	300
4110	300
4110	300
4110	300
4110	300
4110	300
4115	300
4115	300
4115	300
4115	300
4115	300
4115	300
4115	300
4115	300
4115	300
4115	300
4120	300
4120	300
4120	300
4120	300
4120	300
4120	300
4120	300
4120	300
4120	300
4120	300
4125	300
4125	300
4125	300
4125	300
4125	300
4125	300
4125	300
4125	300
4125	300
4125	300
4130	300
4130	300
4130	300
4130	300
4130	300
4130	300
4130	300
4130	300
4130	300
4130	300
4135	300
4135	300
4135	300
4135	300
4135	300
4135	300
4135	300
4135	300
4135	300
4135	300
4140	300
4140	300
4140	300
4140	300
4140	300
4140	300
4140	300
4140	300
4140	300
4140	300
4145	300
4145	300
4145	300
4145	300
4145	300
4145	300
4145	300
4145	300
4145	300
4145	300
4150	300
4150	300
4150	300
4150	300
4150	300
4150	300
4150	300
4150	300
4150	300
4150	300
4155	300
4155	300
4155	300
4155	300
4155	300
4155	300
4155	300
4155	300
4155	300
4155	300
4160	300
4160	300
4160	300
4160	300
4160	300
4160	300
4160	300
4160	300
4160	300
4160	300
4165	300
4165	300
4165	300
4165	300
4165	300
4165	300
4165	300
4165	300
4165	300
4165	300
4170	300
4170	300
4170	300
4170	300
4170	300
4170	300
4170	300
4170	300
4170	300
4170	300
4175	300
4175	300
4175	300
4175	300
4175	300
4175	300
4175	300
4175	300
4175	300
4175	300
4180	300
4180	300
4180	300
4180	300
4180	300
4180	300
4180	300
4180	300
4180	300
4180	300
4185	300
4185	300
4185	300
4185	300
4185	300
4185	300
4185	300
4185	300
4185	300
4185	300
4190	300
4190	300
4190	300
4190	300
4190	300
4190	300
4190	300
4190	300
4190	300
4190	300
4195	300
4195	300
4195	300
4195	300
4195	300
4195	300
4195	300
4195	300
4195	300
4195	300
4200	300
4200	300
4200	300
4200	300
4200	300
4200	300
4200	300
4200	300
4200	300
4200	300
4205	300
4205	300
4205	300
4205	300
4205	300
4205	300
4205	300
4205	300
4205	300
4205	300
4210	300
4210	300
4210	300
4210	300
4210	300
4210	300
4210	300
4210	300
4210	300
4210	300
4215	300
4215	300
4215	300
4215	300
4215	300
4215	300
4215	300
4215	300
4215	300
4215	300
4220	300
4220	300
4220	300
4220	300
4220	300
4220	300
4220	300
4220	300
4220	300
4220	300
4225	300
4225	300
4225	300
4225	300
4225	300
4225	300
4225	300
4225	300
4225	300
4225	300
4230	300
4230	300
4230	300
4230	300
4230	300
4230	300
4230	300
4230	300
4230	300
4230	300
4235	300
4235	300
4235	300
4235	300
4235	300
4235	300
4235	300
4235	300
4235	300
4235	300
4240	300
4240	300
4240	300
4240	300
4240	300
4240	300
4240	300
4240	300
4240	300
4240	300
4245	300
4245	300
4245	300
4245	300
4245	300
4245	300
4245	300
4245	300
4245	300
4245	300
4250	300
4250	300
4250	300
4250	300
4250	300
4250	300
4250	300
4250	300
4250	300
4250	300
4255	300
4255	300
4255	300
4255	300
4255	300
4255	300
4255	300
4255	300
4255	300
4255	300
4260	300
4260	300
4260	300
4260	300
4260	300
4260	300
4260	300
4260	300
4260	300
4260	300
4265	300
4265	300
4265	300
4265	300
4265	300
4265	300
4265	300
4265	300
4265	300
4265	300
4270	300
4270	300
4270	300
4270	300
4270	300
4270	300
4270	300
4270	300
4270	300
4270	300
4275	300
4275	300
4275	300
4275	300
4275	300
4275	300
4275	300
4275	300
4275	300
4275	300
4280	300
4280	300
4280	300
4280	300
4280	300
4280	300
4280	300
4280	300
4280	300
4280	300
4285	300
4285	300
4285	300
4285	300
4285	300
4285	300
4285	300
4285	300
4285	300
4285	300
4290	300
4290	300
4290	300
4290	300
4290	300
4290	300
4290	300
4290	300
4290	300
4290	300
4295	300
4295	300
4295	300
4295	300
4295	300
4295	300
4295	300
4295	300
4295	300
4295	300
4300	300
4300	300
4300	300
4300	300
4300	300
4300	300
4300	300
4300	300
4300	300
4300	300
4305	300
4305	300
4305	300
4305	300
4305	300
4305	300
4305	300
4305	300
4305	300
4305	300
4310	300
4310	300
4310	300
4310	300
4310	300
4310	300
4310	300
4310	300
4310	300
4310	300
4315	300
4315	300
4315	300
4315	300
4315	300
4315	300
4315	300
4315	300
4315	300
4315	300
4320	300
4320	300
4320	300
4320	300
4320	300
4320	300
4320	300
4320	300
4320	300
4320	300
4325	300
4325	300
4325	300
4325	300
4325	300
4325	300
4325	300
4325	300
4325	300
4325	300
4330	300
4330	300
4330	300
4330	300
4330	300
4330	300
4330	300
4330	300
4330	300
4330	300
4335	300
4335	300
4335	300
4335	300
4335	300
4335	300
4335	300
4335	300
4335	300
4335	300
4340	300
4340	300
4340	300
4340	300
4340	300
4340	300
4340	300
4340	300
4340	300
4340	300
4345	300
4345	300
4345	300
4345	300
4345	300
4345	300
4345	300
4345	300
4345	300
4345	300
4350	300
4350	300
4350	300
4350	300
4350	300
4350	300
4350	300
4350	300
4350	300
4350	300
4355	300
4355	300
4355	300
4355	300
4355	300
4355	300
4355	300
4355	300
4355	300
4355	300
4360	300
4360	300
4360	300
4360	300
4360	300
4360	300
4360	300
4360	300
4360	300
4360	300
4365	300
4365	300
4365	300
4365	300
4365	300
4365	300
4365	300
4365	300
4365	300
4365	300
4370	300
4370	300
4370	300
4370	300
4370	300
4370	300
4370	300
4370	300
4370	300
4370	300
4375	300
4375	300
4375	300
4375	300
4375	300
4375	300
4375	300
4375	300
4375	300
4375	300
4380	300
4380	300
4380	300
4380	300
4380	300
4380	300
4380	300
4380	300
4380	300
4380	300
4385	300
4385	300
4385	300
4385	300
4385	300
4385	300
4385	300
4385	300
4385	300
4385	300
4390	300
4390	300
4390	300
4390	300
4390	300
4390	300
4390	300
4390	300
4390	300
4390	300
4395	300
4395	300
4395	300
4395	300
4395	300
4395	300
4395	300
4395	300
4395	300
4395	300
4400	300
4400	300
4400	300
4400	300
4400	300
4400	300
4400	300
4400	300
4400	300
4400	300
4405	300
4405	300
4405	300
4405	300
4405	300
4405	300
4405	300
4405	300
4405	300
4405	300
4410	300
4410	300
4410	300
4410	300
4410	300
4410	300
4410	300
4410	300
4410	300
4410	300
4415	300
4415	300
4415	300
4415	300
4415	300
4415	300
4415	300
4415	300
4415	300
4415	300
4420	300
4420	300
4420	300
4420	300
4420	300
4420	300
4420	300
4420	300
4420	300
4420	300
4425	300
4425	300
4425	300
4425	300
4425	300
4425	300
4425	300
4425	300
4425	300
4425	300
4430	300
4430	300
4430	300
4430	300
4430	300
4430	300
4430	300
4430	300
4430	300
4430	300
4435	300
4435	300
4435	300
4435	300
4435	300
4435	300
4435	300
4435	300
4435	300
4435	300
4440	300
4440	300
4440	300
4440	300
4440	300
4440	300
4440	300
4440	300
4440	300
4440	300
4445	300
4445	300
4445	300
4445	300
4445	300
4445	300
4445	300
4445	300
4445	300
4445	300
4450	300
4450	300
4450	300
4450	300
4450	300
4450	300
4450	300
4450	300
4450	300
4450	300
4455	300
4455	300
4455	300
4455	300
4455	300
4455	300
4455	300
4455	300
4455	300
4455	300
4460	300
4460	300
4460	300
4460	300
4460	300
4460	300
4460	300
4460	300
4460	300
4460	300
4465	300
4465	300
4465	300
4465	300
4465	300
4465	300
4465	300
4465	300
4465	300
4465	300
4470	300
4470	300
4470	300
4470	300
4470	300
4470	300
4470	300
4470	300
4470	300
4470	300
4475	300
4475	300
4475	300
4475	300
4475	300
4475	300
4475	300
4475	300
4475	300
4475	300
4480	300
4480	300
4480	300
4480	300
4480	300
4480	300
4480	300
4480	300
4480	300
4480	300
4485	300
4485	300
4485	300
4485	300
4485	300
4485	300
4485	300
4485	300
4485	300
4485	300
4490	300
4490	300
4490	300
4490	300
4490	300
4490	300
4490	300
4490	300
4490	300
4490	300
4495	300
4495	300
4495	300
4495	300
4495	300
4495	300
4495	300
4495	300
4495	300
4495	300
4500	300
4500	300
4500	300
4500	300
4500	300
4500	300
4500	300
4500	300
4500	300
4500	300
4505	300
4505	300
4505	300
4505	300
4505	300
4505	300
4505	300
4505	300
4505	300
4505	300
4510	300
4510	300
4510	300
4510	300
4510	300
4510	300
4510	300
4510	300
4510	300
4510	300
4515	300
4515	300
4515	300
4515	300
4515	300
4515	300
4515	300
4515	300
4515	300
4515	300
4520	300
4520	300
4520	300
4520	300
4520	300
4520	300
4520	300
4520	300
4520	300
4520	300
4525	300
4525	300
4525	300
4525	300
4525	300
4525	300
4525	300
4525	300
4525	300
4525	300
4530	300
4530	300
4530	300
4530	300
4530	300
4530	300
4530	300
4530	300
4530	300
4530	300
4535	300
4535	300
4535	300
4535	300
4535	300
4535	300
4535	300
4535	300
4535	300
4535	300
4540	300
4540	300
4540	300
4540	300
4540	300
4540	300
4540	300
4540	300
4540	300
4540	300
4545	300
4545	300
4545	300
4545	300
4545	300
4545	300
4545	300
4545	300
4545	300
4545	300
4550	300
4550	300
4550	300
4550	300
4550	300
4550	300
4550	300
4550	300
4550	300
4550	300
4555	300
4555	300
4555	300
4555	300
4555	300
4555	300
4555	300
4555	300
4555	300
4555	300
4560	300
4560	300
4560	300
4560	300
4560	300
4560	300
4560	300
4560	300
4560	300
4560	300
4565	300
4565	300
4565	300
4565	300
4565	300
4565	300
4565	300
4565	300
4565	300
4565	300
4570	300
4570	300
4570	300
4570	300
4570	300
4570	300
4570	300
4570	300
4570	300
4570	300
4575	300
4575	300
4575	300
4575	300
4575	300
4575	300
4575	300
4575	300
4575	300
4575	300
4580	300
4580	300
4580	300
4580	300
4580	300
4580	300
4580	300
4580	300
4580	300
4580	300
4585	300
4585	300
4585	300
4585	300
4585	300
4585	300
4585	300
4585	300
4585	300
4585	300
4590	300
4590	300
4590	300
4590	300
4590	300
4590	300
4590	300
4590	300
4590	300
4590	300
4595	300
4595	300
4595	300
4595	300
4595	300
4595	300
4595	300
4595	300
4595	300
4595	300
4600	300
4600	300
4600	300
4600	300
4600	300
4600	300
4600	300
4600	300
4600	300
4600	300
4605	300
4605	300
4605	300
4605	300
4605	300
4605	300
4605	300
4605	300
4605	300
4605	300
4610	300
4610	300
4610	300
4610	300
4610	300
4610	300
4610	300
4610	300
4610	300
4610	300
4615	300
4615	300
4615	300
4615	300
4615	300
4615	300
4615	300
4615	300
4615	300
4615	300
4620	300
4620	300
4620	300
4620	300
4620	300
4620	300
4620	300
4620	300
4620	300
4620	300
4625	300
4625	300
4625	300
4625	300
4625	300
4625	300
4625	300
4625	300
4625	300
4625	300
4630	300
4630	300
4630	300
4630	300
4630	300
4630	300
4630	300
4630	300
4630	300
4630	300
4635	300
4635	300
4635	300
4635	300
4635	300
4635	300
4635	300
4635	300
4635	300
4635	300
4640	300
4640	300
4640	300
4640	300
4640	300
4640	300
4640	300
4640	300
4640	300
4640	300
4645	300
4645	300
4645	300
4645	300
4645	300
4645	300
4645	300
4645	300
4645	300
4645	300
4650	300
4650	300
4650	300
4650	300
4650	300
4650	300
4650	300
4650	300
4650	300
4650	300
4655	300
4655	300
4655	300
4655	300
4655	300
4655	300
4655	300
4655	300
4655	300
4655	300
4660	300
4660	300
4660	300
4660	300
4660	300
4660	300
4660	300
4660	300
4660	300
4660	300
4665	300
4665	300
4665	300
4665	300
4665	300
4665	300
4665	300
4665	300
4665	300
4665	300
4670	300
4670	300
4670	300
4670	300
4670	300
4670	300
4670	300
4670	300
4670	300
4670	300
4675	300
4675	300
4675	300
4675	300
4675	300
4675	300
4675	300
4675	300
4675	300
4675	300
4680	300
4680	300
4680	300
4680	300
4680	300
4680	300
4680	300
4680	300
4680	300
4680	300
4685	300
4685	300
4685	300
4685	300
4685	300
4685	300
4685	300
4685	300
4685	300
4685	300
4690	300
4690	300
4690	300
4690	300
4690	300
4690	300
4690	300
4690	300
4690	300
4690	300
4695	300
4695	300
4695	300
4695	300
4695	300
4695	300
4695	300
4695	300
4695	300
4695	300
4700	300
4700	300
4700	300
4700	300
4700	300
4700	300
4700	300
4700	300
4700	300
4700	300
4705	300
4705	300
4705	300
4705	300
4705	300
4705	300
4705	300
4705	300
4705	300
4705	300
4710	300
4710	300
4710	300
4710	300
4710	300
4710	300
4710	300
4710	300
4710	300
4710	300
4715	300
4715	300
4715	300
4715	300
4715	300
4715	300
4715	300
4715	300
4715	300
4715	300
4720	300
4720	300
4720	300
4720	300
4720	300
4720	300
4720	300
4720	300
4720	300
4720	300
4725	300
4725	300
4725	300
4725	300
4725	300
4725	300
4725	300
4725	300
4725	300
4725	300
4730	300
4730	300
4730	300
4730	300
4730	300
4730	300
4730	300
4730	300
4730	300
4730	300
4735	300
4735	300
4735	300
4735	300
4735	300
4735	300
4735	300
4735	300
4735	300
4735	300
4740	300
4740	300
4740	300
4740	300
4740	300
4740	300
4740	300
4740	300
4740	300
4740	300
4745	300
4745	300
4745	300
4745	300
4745	300
4745	300
4745	300
4745	300
4745	300
4745	300
4750	300
4750	300
4750	300
4750	300
4750	300
4750	300
4750	300
4750	300
4750	300
4750	300
4755	300
4755	300
4755	300
4755	300
4755	300
4755	300
4755	300
4755	300
4755	300
4755	300
4760	300
4760	300
4760	300
4760	300
4760	300
4760	300
4760	300
4760	300
4760	300
4760	300
4765	300
4765	300
4765	300
4765	300
4765	300
4765	300
4765	300
4765	300
4765	300
4765	300
4770	300
4770	300
4770	300
4770	300
4770	300
4770	300
4770	300
4770	300
4770	300
4770	300
4775	300
4775	300
4775	300
4775	300
4775	300
4775	300
4775	300
4775	300
4775	300
4775	300
4780	300
4780	300
4780	300
4780	300
4780	300
4780	300
4780	300
4780	300
4780	300
4780	300
4785	300
4785	300
4785	300
4785	300
4785	300
4785	300
4785	300
4785	300
4785	300
4785	300
4790	300
4790	300
4790	300
4790	300
4790	300
4790	300
4790	300
4790	300
4790	300
4790	300
4795	300
4795	300
4795	300
4795	300
4795	300
4795	300
4795	300
4795	300
4795	300
4795	300
4800	300
4800	300
4800	300
4800	300
4800	300
4800	300
4800	300
4800	300
4800	300
4800	300
4805	300
4805	300
4805	300
4805	300
4805	300
4805	300
4805	300
4805	300
4805	300
4805	300
4810	300
4810	300
4810	300
4810	300
4810	300
4810	300
4810	300
4810	300
4810	300
4810	300
4815	300
4815	300
4815	300
4815	300
4815	300
4815	300
4815	300
4815	300
4815	300
4815	300
4820	300
4820	300
4820	300
4820	300
4820	300
4820	300
4820	300
4820	300
4820	300
4820	300
4825	300
4825	300
4825	300
4825	300
4825	300
4825	300
4825	300
4825	300
4825	300
4825	300
4830	300
4830	300
4830	300
4830	300
4830	300
4830	300
4830	300
4830	300
4830	300
4830	300
4835	300
4835	300
4835	300
4835	300
4835	300
4835	300
4835	300
4835	300
4835	300
4835	300
4840	300
4840	300
4840	300
4840	300
4840	300
4840	300
4840	300
4840	300
4840	300
4840	300
4845	300
4845	300
4845	300
4845	300
4845	300
4845	300
4845	300
4845	300
4845	300
4845	300
4850	300
4850	300
4850	300
4850	300
4850	300
4850	300
4850	300
4850	300
4850	300
4850	300
4855	300
4855	300
4855	300
4855	300
4855	300
4855	300
4855	300
4855	300
4855	300
4855	300
4860	300
4860	300
4860	300
4860	300
4860	300
4860	300
4860	300
4860	300
4860	300
4860	300
4865	300
4865	300
4865	300
4865	300
4865	300
4865	300
4865	300
4865	300
4865	300
4865	300
4870	300
4870	300
4870	300
4870	300
4870	300
4870	300
4870	300
4870	300
4870	300
4870	300
4875	300
4875	300
4875	300
4875	300
4875	300
4875	300
4875	300
4875	300
4875	300
4875	300
4880	300
4880	300
4880	300
4880	300
4880	300
4880	300
4880	300
4880	300
4880	300
4880	300
4885	300
4885	300
4885	300
4885	300
4885	300
4885	300
4885	300
4885	300
4885	300
4885	300
4890	300
4890	300
4890	300
4890	300
4890	300
4890	300
4890	300
4890	300
4890	300
4890	300
4895	300
4895	300
4895	300
4895	300
4895	300
4895	300
4895	300
4895	300
4895	300
4895	300
4900	300
4900	300
4900	300
4900	300
4900	300
4900	300
4900	300
4900	300
4900	300
4900	300
4905	300
4905	300
4905	300
4905	300
4905	300
4905	300
4905	300
4905	300
4905	300
4905	300
4910	300
4910	300
4910	300
4910	300
4910	300
4910	300
4910	300
4910	300
4910	300
4910	300
4915	300
4915	300
4915	300
4915	300
4915	300
4915	300
4915	300
4915	300
4915	300
4915	300
4920	300
4920	300
4920	300
4920	300
4920	300
4920	300
4920	300
4920	300
4920	300
4920	300
4925	300
4925	300
4925	300
4925	300
4925	300
4925	300
4925	300
4925	300
4925	300
4925	300
4930	300
4930	300
4930	300
4930	300
4930	300
4930	300
4930	300
4930	300
4930	300
4930	300
4935	300
4935	300
4935	300
4935	300
4935	300
4935	300
4935	300
4935	300
4935	300
4935	300
4940	300
4940	300
4940	300
4940	300
4940	300
4940	300
4940	300
4940	300
4940	300
4940	300
4945	300
4945	300
4945	300
4945	300
4945	300
4945	300
4945	300
4945	300
4945	300
4945	300
4950	300
4950	300
4950	300
4950	300
4950	300
4950	300
4950	300
4950	300
4950	300
4950	300
4955	300
4955	300
4955	300
4955	300
4955	300
4955	300
4955	300
4955	300
4955	300
4955	300
4960	300
4960	300
4960	300
4960	300
4960	300
4960	300
4960	300
4960	300
4960	300
4960	300
4965	300
4965	300
4965	300
4965	300
4965	300
4965	300
4965	300
4965	300
4965	300
4965	300
4970	300
4970	300
4970	300
4970	300
4970	300
4970	300
4970	300
4970	300
4970	300
4970	300
4975	300
4975	300
4975	300
4975	300
4975	300
4975	300
4975	300
4975	300
4975	300
4975	300
4980	300
4980	300
4980	300
4980	300
4980	300
4980	300
4980	300
4980	300
4980	300
4980	300
4985	300
4985	300
4985	300
4985	300
4985	300
4985	300
4985	300
4985	300
4985	300
4985	300
4990	300
4990	300
4990	300
4990	300
4990	300
4990	300
4990	300
4990	300
4990	300
4990	300
4995	300
4995	300
4995	300
4995	300
4995	300
4995	300
4995	300
4995	300
4995	300
4995	300
5000	300
5000	300
5000	300
5000	300
5000	300
5000	300
5000	300
5000	300
5000	300
5000	300
