0	10
5	10
10	10
15	10
20	10
25	10
30	10
35	10
40	10
45	10
50	10
55	10
60	10
65	10
70	10
75	10
80	10
85	10
90	10
95	10
100	10
105	10
110	10
115	10
120	10
125	10
130	10
135	10
140	10
145	10
150	10
155	10
160	10
165	10
170	10
175	10
180	10
185	10
190	10
195	10
200	10
205	10
210	10
215	10
220	10
225	10
230	10
235	10
240	10
245	10
250	10
255	10
260	10
265	10
270	10
275	10
280	10
285	10
290	10
295	10
300	10
305	10
310	10
315	10
320	10
325	10
330	10
335	10
340	10
345	10
350	10
355	10
360	10
365	10
370	10
375	10
380	10
385	10
390	10
395	10
400	10
405	10
410	10
415	10
420	10
425	10
430	10
435	10
440	10
445	10
450	10
455	10
460	10
465	10
470	10
475	10
480	10
485	10
490	10
495	10
500	10
505	10
510	10
515	10
520	10
525	10
530	10
535	10
540	10
545	10
550	10
555	10
560	10
565	10
570	10
575	10
580	10
585	10
590	10
595	10
600	10
605	10
610	10
615	10
620	10
625	10
630	10
635	10
640	10
645	10
650	10
655	10
660	10
665	10
670	10
675	10
680	10
685	10
690	10
695	10
700	10
705	10
710	10
715	10
720	10
725	10
730	10
735	10
740	10
745	10
750	10
755	10
760	10
765	10
770	10
775	10
780	10
785	10
790	10
795	10
800	10
805	10
810	10
815	10
820	10
825	10
830	10
835	10
840	10
845	10
850	10
855	10
860	10
865	10
870	10
875	10
880	10
885	10
890	10
895	10
900	10
905	10
910	10
915	10
920	10
925	10
930	10
935	10
940	10
945	10
950	10
955	10
960	10
965	10
970	10
975	10
980	10
985	10
990	10
995	10
1000	10
1005	10
1010	10
1015	10
1020	10
1025	10
1030	10
1035	10
1040	10
1045	10
1050	10
1055	10
1060	10
1065	10
1070	10
1075	10
1080	10
1085	10
1090	10
1095	10
1100	10
1105	10
1110	10
1115	10
1120	10
1125	10
1130	10
1135	10
1140	10
1145	10
1150	10
1155	10
1160	10
1165	10
1170	10
1175	10
1180	10
1185	10
1190	10
1195	10
1200	10
1205	10
1210	10
1215	10
1220	10
1225	10
1230	10
1235	10
1240	10
1245	10
1250	10
1255	10
1260	10
1265	10
1270	10
1275	10
1280	10
1285	10
1290	10
1295	10
1300	10
1305	10
1310	10
1315	10
1320	10
1325	10
1330	10
1335	10
1340	10
1345	10
1350	10
1355	10
1360	10
1365	10
1370	10
1375	10
1380	10
1385	10
1390	10
1395	10
1400	10
1405	10
1410	10
1415	10
1420	10
1425	10
1430	10
1435	10
1440	10
1445	10
1450	10
1455	10
1460	10
1465	10
1470	10
1475	10
1480	10
1485	10
1490	10
1495	10
1500	10
1505	10
1510	10
1515	10
1520	10
1525	10
1530	10
1535	10
1540	10
1545	10
1550	10
1555	10
1560	10
1565	10
1570	10
1575	10
1580	10
1585	10
1590	10
1595	10
1600	10
1605	10
1610	10
1615	10
1620	10
1625	10
1630	10
1635	10
1640	10
1645	10
1650	10
1655	10
1660	10
1665	10
1670	10
1675	10
1680	10
1685	10
1690	10
1695	10
1700	10
1705	10
1710	10
1715	10
1720	10
1725	10
1730	10
1735	10
1740	10
1745	10
1750	10
1755	10
1760	10
1765	10
1770	10
1775	10
1780	10
1785	10
1790	10
1795	10
1800	10
1805	10
1810	10
1815	10
1820	10
1825	10
1830	10
1835	10
1840	10
1845	10
1850	10
1855	10
1860	10
1865	10
1870	10
1875	10
1880	10
1885	10
1890	10
1895	10
1900	10
1905	10
1910	10
1915	10
1920	10
1925	10
1930	10
1935	10
1940	10
1945	10
1950	10
1955	10
1960	10
1965	10
1970	10
1975	10
1980	10
1985	10
1990	10
1995	10
2000	10
2005	10
2010	10
2015	10
2020	10
2025	10
2030	10
2035	10
2040	10
2045	10
2050	10
2055	10
2060	10
2065	10
2070	10
2075	10
2080	10
2085	10
2090	10
2095	10
2100	10
2105	10
2110	10
2115	10
2120	10
2125	10
2130	10
2135	10
2140	10
2145	10
2150	10
2155	10
2160	10
2165	10
2170	10
2175	10
2180	10
2185	10
2190	10
2195	10
2200	10
2205	10
2210	10
2215	10
2220	10
2225	10
2230	10
2235	10
2240	10
2245	10
2250	10
2255	10
2260	10
2265	10
2270	10
2275	10
2280	10
2285	10
2290	10
2295	10
2300	10
2305	10
2310	10
2315	10
2320	10
2325	10
2330	10
2335	10
2340	10
2345	10
2350	10
2355	10
2360	10
2365	10
2370	10
2375	10
2380	10
2385	10
2390	10
2395	10
2400	10
2405	10
2410	10
2415	10
2420	10
2425	10
2430	10
2435	10
2440	10
2445	10
2450	10
2455	10
2460	10
2465	10
2470	10
2475	10
2480	10
2485	10
2490	10
2495	10
2500	10
2505	10
2510	10
2515	10
2520	10
2525	10
2530	10
2535	10
2540	10
2545	10
2550	10
2555	10
2560	10
2565	10
2570	10
2575	10
2580	10
2585	10
2590	10
2595	10
2600	10
2605	10
2610	10
2615	10
2620	10
2625	10
2630	10
2635	10
2640	10
2645	10
2650	10
2655	10
2660	10
2665	10
2670	10
2675	10
2680	10
2685	10
2690	10
2695	10
2700	10
2705	10
2710	10
2715	10
2720	10
2725	10
2730	10
2735	10
2740	10
2745	10
2750	10
2755	10
2760	10
2765	10
2770	10
2775	10
2780	10
2785	10
2790	10
2795	10
2800	10
2805	10
2810	10
2815	10
2820	10
2825	10
2830	10
2835	10
2840	10
2845	10
2850	10
2855	10
2860	10
2865	10
2870	10
2875	10
2880	10
2885	10
2890	10
2895	10
2900	10
2905	10
2910	10
2915	10
2920	10
2925	10
2930	10
2935	10
2940	10
2945	10
2950	10
2955	10
2960	10
2965	10
2970	10
2975	10
2980	10
2985	10
2990	10
2995	10
3000	10
3005	10
3010	10
3015	10
3020	10
3025	10
3030	10
3035	10
3040	10
3045	10
3050	10
3055	10
3060	10
3065	10
3070	10
3075	10
3080	10
3085	10
3090	10
3095	10
3100	10
3105	10
3110	10
3115	10
3120	10
3125	10
3130	10
3135	10
3140	10
3145	10
3150	10
3155	10
3160	10
3165	10
3170	10
3175	10
3180	10
3185	10
3190	10
3195	10
3200	10
3205	10
3210	10
3215	10
3220	10
3225	10
3230	10
3235	10
3240	10
3245	10
3250	10
3255	10
3260	10
3265	10
3270	10
3275	10
3280	10
3285	10
3290	10
3295	10
3300	10
3305	10
3310	10
3315	10
3320	10
3325	10
3330	10
3335	10
3340	10
3345	10
3350	10
3355	10
3360	10
3365	10
3370	10
3375	10
3380	10
3385	10
3390	10
3395	10
3400	10
3405	10
3410	10
3415	10
3420	10
3425	10
3430	10
3435	10
3440	10
3445	10
3450	10
3455	10
3460	10
3465	10
3470	10
3475	10
3480	10
3485	10
3490	10
3495	10
3500	10
3505	10
3510	10
3515	10
3520	10
3525	10
3530	10
3535	10
3540	10
3545	10
3550	10
3555	10
3560	10
3565	10
3570	10
3575	10
3580	10
3585	10
3590	10
3595	10
3600	10
3605	10
3610	10
3615	10
3620	10
3625	10
3630	10
3635	10
3640	10
3645	10
3650	10
3655	10
3660	10
3665	10
3670	10
3675	10
3680	10
3685	10
3690	10
3695	10
3700	10
3705	10
3710	10
3715	10
3720	10
3725	10
3730	10
3735	10
3740	10
3745	10
3750	10
3755	10
3760	10
3765	10
3770	10
3775	10
3780	10
3785	10
3790	10
3795	10
3800	10
3805	10
3810	10
3815	10
3820	10
3825	10
3830	10
3835	10
3840	10
3845	10
3850	10
3855	10
3860	10
3865	10
3870	10
3875	10
3880	10
3885	10
3890	10
3895	10
3900	10
3905	10
3910	10
3915	10
3920	10
3925	10
3930	10
3935	10
3940	10
3945	10
3950	10
3955	10
3960	10
3965	10
3970	10
3975	10
3980	10
3985	10
3990	10
3995	10
4000	10
4005	10
4010	10
4015	10
4020	10
4025	10
4030	10
4035	10
4040	10
4045	10
4050	10
4055	10
4060	10
4065	10
4070	10
4075	10
4080	10
4085	10
4090	10
4095	10
4100	10
4105	10
4110	10
4115	10
4120	10
4125	10
4130	10
4135	10
4140	10
4145	10
4150	10
4155	10
4160	10
4165	10
4170	10
4175	10
4180	10
4185	10
4190	10
4195	10
4200	10
4205	10
4210	10
4215	10
4220	10
4225	10
4230	10
4235	10
4240	10
4245	10
4250	10
4255	10
4260	10
4265	10
4270	10
4275	10
4280	10
4285	10
4290	10
4295	10
4300	10
4305	10
4310	10
4315	10
4320	10
4325	10
4330	10
4335	10
4340	10
4345	10
4350	10
4355	10
4360	10
4365	10
4370	10
4375	10
4380	10
4385	10
4390	10
4395	10
4400	10
4405	10
4410	10
4415	10
4420	10
4425	10
4430	10
4435	10
4440	10
4445	10
4450	10
4455	10
4460	10
4465	10
4470	10
4475	10
4480	10
4485	10
4490	10
4495	10
4500	10
4505	10
4510	10
4515	10
4520	10
4525	10
4530	10
4535	10
4540	10
4545	10
4550	10
4555	10
4560	10
4565	10
4570	10
4575	10
4580	10
4585	10
4590	10
4595	10
4600	10
4605	10
4610	10
4615	10
4620	10
4625	10
4630	10
4635	10
4640	10
4645	10
4650	10
4655	10
4660	10
4665	10
4670	10
4675	10
4680	10
4685	10
4690	10
4695	10
4700	10
4705	10
4710	10
4715	10
4720	10
4725	10
4730	10
4735	10
4740	10
4745	10
4750	10
4755	10
4760	10
4765	10
4770	10
4775	10
4780	10
4785	10
4790	10
4795	10
4800	10
4805	10
4810	10
4815	10
4820	10
4825	10
4830	10
4835	10
4840	10
4845	10
4850	10
4855	10
4860	10
4865	10
4870	10
4875	10
4880	10
4885	10
4890	10
4895	10
4900	10
4905	10
4910	10
4915	10
4920	10
4925	10
4930	10
4935	10
4940	10
4945	10
4950	10
4955	10
4960	10
4965	10
4970	10
4975	10
4980	10
4985	10
4990	10
4995	10
5000	10
5005	10
5010	10
5015	10
5020	10
5025	10
5030	10
5035	10
5040	10
5045	10
5050	10
5055	10
5060	10
5065	10
5070	10
5075	10
5080	10
5085	10
5090	10
5095	10
5100	10
5105	10
5110	10
5115	10
5120	10
5125	10
5130	10
5135	10
5140	10
5145	10
5150	10
5155	10
5160	10
5165	10
5170	10
5175	10
5180	10
5185	10
5190	10
5195	10
5200	10
5205	10
5210	10
5215	10
5220	10
5225	10
5230	10
5235	10
5240	10
5245	10
5250	10
5255	10
5260	10
5265	10
5270	10
5275	10
5280	10
5285	10
5290	10
5295	10
5300	10
5305	10
5310	10
5315	10
5320	10
5325	10
5330	10
5335	10
5340	10
5345	10
5350	10
5355	10
5360	10
5365	10
5370	10
5375	10
5380	10
5385	10
5390	10
5395	10
5400	10
5405	10
5410	10
5415	10
5420	10
5425	10
5430	10
5435	10
5440	10
5445	10
5450	10
5455	10
5460	10
5465	10
5470	10
5475	10
5480	10
5485	10
5490	10
5495	10
5500	10
5505	10
5510	10
5515	10
5520	10
5525	10
5530	10
5535	10
5540	10
5545	10
5550	10
5555	10
5560	10
5565	10
5570	10
5575	10
5580	10
5585	10
5590	10
5595	10
5600	10
5605	10
5610	10
5615	10
5620	10
5625	10
5630	10
5635	10
5640	10
5645	10
5650	10
5655	10
5660	10
5665	10
5670	10
5675	10
5680	10
5685	10
5690	10
5695	10
5700	10
5705	10
5710	10
5715	10
5720	10
5725	10
5730	10
5735	10
5740	10
5745	10
5750	10
5755	10
5760	10
5765	10
5770	10
5775	10
5780	10
5785	10
5790	10
5795	10
5800	10
5805	10
5810	10
5815	10
5820	10
5825	10
5830	10
5835	10
5840	10
5845	10
5850	10
5855	10
5860	10
5865	10
5870	10
5875	10
5880	10
5885	10
5890	10
5895	10
5900	10
5905	10
5910	10
5915	10
5920	10
5925	10
5930	10
5935	10
5940	10
5945	10
5950	10
5955	10
5960	10
5965	10
5970	10
5975	10
5980	10
5985	10
5990	10
5995	10
6000	10
6005	10
6010	10
6015	10
6020	10
6025	10
6030	10
6035	10
6040	10
6045	10
6050	10
6055	10
6060	10
6065	10
6070	10
6075	10
6080	10
6085	10
6090	10
6095	10
6100	10
6105	10
6110	10
6115	10
6120	10
6125	10
6130	10
6135	10
6140	10
6145	10
6150	10
6155	10
6160	10
6165	10
6170	10
6175	10
6180	10
6185	10
6190	10
6195	10
6200	10
6205	10
6210	10
6215	10
6220	10
6225	10
6230	10
6235	10
6240	10
6245	10
6250	10
6255	10
6260	10
6265	10
6270	10
6275	10
6280	10
6285	10
6290	10
6295	10
6300	10
6305	10
6310	10
6315	10
6320	10
6325	10
6330	10
6335	10
6340	10
6345	10
6350	10
6355	10
6360	10
6365	10
6370	10
6375	10
6380	10
6385	10
6390	10
6395	10
6400	10
6405	10
6410	10
6415	10
6420	10
6425	10
6430	10
6435	10
6440	10
6445	10
6450	10
6455	10
6460	10
6465	10
6470	10
6475	10
6480	10
6485	10
6490	10
6495	10
6500	10
6505	10
6510	10
6515	10
6520	10
6525	10
6530	10
6535	10
6540	10
6545	10
6550	10
6555	10
6560	10
6565	10
6570	10
6575	10
6580	10
6585	10
6590	10
6595	10
6600	10
6605	10
6610	10
6615	10
6620	10
6625	10
6630	10
6635	10
6640	10
6645	10
6650	10
6655	10
6660	10
6665	10
6670	10
6675	10
6680	10
6685	10
6690	10
6695	10
6700	10
6705	10
6710	10
6715	10
6720	10
6725	10
6730	10
6735	10
6740	10
6745	10
6750	10
6755	10
6760	10
6765	10
6770	10
6775	10
6780	10
6785	10
6790	10
6795	10
6800	10
6805	10
6810	10
6815	10
6820	10
6825	10
6830	10
6835	10
6840	10
6845	10
6850	10
6855	10
6860	10
6865	10
6870	10
6875	10
6880	10
6885	10
6890	10
6895	10
6900	10
6905	10
6910	10
6915	10
6920	10
6925	10
6930	10
6935	10
6940	10
6945	10
6950	10
6955	10
6960	10
6965	10
6970	10
6975	10
6980	10
6985	10
6990	10
6995	10
7000	10
7005	10
7010	10
7015	10
7020	10
7025	10
7030	10
7035	10
7040	10
7045	10
7050	10
7055	10
7060	10
7065	10
7070	10
7075	10
7080	10
7085	10
7090	10
7095	10
7100	10
7105	10
7110	10
7115	10
7120	10
7125	10
7130	10
7135	10
7140	10
7145	10
7150	10
7155	10
7160	10
7165	10
7170	10
7175	10
7180	10
7185	10
7190	10
7195	10
7200	10
7205	10
7210	10
7215	10
7220	10
7225	10
7230	10
7235	10
7240	10
7245	10
7250	10
7255	10
7260	10
7265	10
7270	10
7275	10
7280	10
7285	10
7290	10
7295	10
7300	10
7305	10
7310	10
7315	10
7320	10
7325	10
7330	10
7335	10
7340	10
7345	10
7350	10
7355	10
7360	10
7365	10
7370	10
7375	10
7380	10
7385	10
7390	10
7395	10
7400	10
7405	10
7410	10
7415	10
7420	10
7425	10
7430	10
7435	10
7440	10
7445	10
7450	10
7455	10
7460	10
7465	10
7470	10
7475	10
7480	10
7485	10
7490	10
7495	10
7500	10
7505	10
7510	10
7515	10
7520	10
7525	10
7530	10
7535	10
7540	10
7545	10
7550	10
7555	10
7560	10
7565	10
7570	10
7575	10
7580	10
7585	10
7590	10
7595	10
7600	10
7605	10
7610	10
7615	10
7620	10
7625	10
7630	10
7635	10
7640	10
7645	10
7650	10
7655	10
7660	10
7665	10
7670	10
7675	10
7680	10
7685	10
7690	10
7695	10
7700	10
7705	10
7710	10
7715	10
7720	10
7725	10
7730	10
7735	10
7740	10
7745	10
7750	10
7755	10
7760	10
7765	10
7770	10
7775	10
7780	10
7785	10
7790	10
7795	10
7800	10
7805	10
7810	10
7815	10
7820	10
7825	10
7830	10
7835	10
7840	10
7845	10
7850	10
7855	10
7860	10
7865	10
7870	10
7875	10
7880	10
7885	10
7890	10
7895	10
7900	10
7905	10
7910	10
7915	10
7920	10
7925	10
7930	10
7935	10
7940	10
7945	10
7950	10
7955	10
7960	10
7965	10
7970	10
7975	10
7980	10
7985	10
7990	10
7995	10
8000	10
8005	10
8010	10
8015	10
8020	10
8025	10
8030	10
8035	10
8040	10
8045	10
8050	10
8055	10
8060	10
8065	10
8070	10
8075	10
8080	10
8085	10
8090	10
8095	10
8100	10
8105	10
8110	10
8115	10
8120	10
8125	10
8130	10
8135	10
8140	10
8145	10
8150	10
8155	10
8160	10
8165	10
8170	10
8175	10
8180	10
8185	10
8190	10
8195	10
8200	10
8205	10
8210	10
8215	10
8220	10
8225	10
8230	10
8235	10
8240	10
8245	10
8250	10
8255	10
8260	10
8265	10
8270	10
8275	10
8280	10
8285	10
8290	10
8295	10
8300	10
8305	10
8310	10
8315	10
8320	10
8325	10
8330	10
8335	10
8340	10
8345	10
8350	10
8355	10
8360	10
8365	10
8370	10
8375	10
8380	10
8385	10
8390	10
8395	10
8400	10
8405	10
8410	10
8415	10
8420	10
8425	10
8430	10
8435	10
8440	10
8445	10
8450	10
8455	10
8460	10
8465	10
8470	10
8475	10
8480	10
8485	10
8490	10
8495	10
8500	10
8505	10
8510	10
8515	10
8520	10
8525	10
8530	10
8535	10
8540	10
8545	10
8550	10
8555	10
8560	10
8565	10
8570	10
8575	10
8580	10
8585	10
8590	10
8595	10
8600	10
8605	10
8610	10
8615	10
8620	10
8625	10
8630	10
8635	10
8640	10
8645	10
8650	10
8655	10
8660	10
8665	10
8670	10
8675	10
8680	10
8685	10
8690	10
8695	10
8700	10
8705	10
8710	10
8715	10
8720	10
8725	10
8730	10
8735	10
8740	10
8745	10
8750	10
8755	10
8760	10
8765	10
8770	10
8775	10
8780	10
8785	10
8790	10
8795	10
8800	10
8805	10
8810	10
8815	10
8820	10
8825	10
8830	10
8835	10
8840	10
8845	10
8850	10
8855	10
8860	10
8865	10
8870	10
8875	10
8880	10
8885	10
8890	10
8895	10
8900	10
8905	10
8910	10
8915	10
8920	10
8925	10
8930	10
8935	10
8940	10
8945	10
8950	10
8955	10
8960	10
8965	10
8970	10
8975	10
8980	10
8985	10
8990	10
8995	10
9000	10
9005	10
9010	10
9015	10
9020	10
9025	10
9030	10
9035	10
9040	10
9045	10
9050	10
9055	10
9060	10
9065	10
9070	10
9075	10
9080	10
9085	10
9090	10
9095	10
9100	10
9105	10
9110	10
9115	10
9120	10
9125	10
9130	10
9135	10
9140	10
9145	10
9150	10
9155	10
9160	10
9165	10
9170	10
9175	10
9180	10
9185	10
9190	10
9195	10
9200	10
9205	10
9210	10
9215	10
9220	10
9225	10
9230	10
9235	10
9240	10
9245	10
9250	10
9255	10
9260	10
9265	10
9270	10
9275	10
9280	10
9285	10
9290	10
9295	10
9300	10
9305	10
9310	10
9315	10
9320	10
9325	10
9330	10
9335	10
9340	10
9345	10
9350	10
9355	10
9360	10
9365	10
9370	10
9375	10
9380	10
9385	10
9390	10
9395	10
9400	10
9405	10
9410	10
9415	10
9420	10
9425	10
9430	10
9435	10
9440	10
9445	10
9450	10
9455	10
9460	10
9465	10
9470	10
9475	10
9480	10
9485	10
9490	10
9495	10
9500	10
9505	10
9510	10
9515	10
9520	10
9525	10
9530	10
9535	10
9540	10
9545	10
9550	10
9555	10
9560	10
9565	10
9570	10
9575	10
9580	10
9585	10
9590	10
9595	10
9600	10
9605	10
9610	10
9615	10
9620	10
9625	10
9630	10
9635	10
9640	10
9645	10
9650	10
9655	10
9660	10
9665	10
9670	10
9675	10
9680	10
9685	10
9690	10
9695	10
9700	10
9705	10
9710	10
9715	10
9720	10
9725	10
9730	10
9735	10
9740	10
9745	10
9750	10
9755	10
9760	10
9765	10
9770	10
9775	10
9780	10
9785	10
9790	10
9795	10
9800	10
9805	10
9810	10
9815	10
9820	10
9825	10
9830	10
9835	10
9840	10
9845	10
9850	10
9855	10
9860	10
9865	10
9870	10
9875	10
9880	10
9885	10
9890	10
9895	10
9900	10
9905	10
9910	10
9915	10
9920	10
9925	10
9930	10
9935	10
9940	10
9945	10
9950	10
9955	10
9960	10
9965	10
9970	10
9975	10
9980	10
9985	10
9990	10
9995	10
10000	10
10005	10
10010	10
10015	10
10020	10
10025	10
10030	10
10035	10
10040	10
10045	10
10050	10
10055	10
10060	10
10065	10
10070	10
10075	10
10080	10
10085	10
10090	10
10095	10
10100	10
10105	10
10110	10
10115	10
10120	10
10125	10
10130	10
10135	10
10140	10
10145	10
10150	10
10155	10
10160	10
10165	10
10170	10
10175	10
10180	10
10185	10
10190	10
10195	10
10200	10
10205	10
10210	10
10215	10
10220	10
10225	10
10230	10
10235	10
10240	10
10245	10
10250	10
10255	10
10260	10
10265	10
10270	10
10275	10
10280	10
10285	10
10290	10
10295	10
10300	10
10305	10
10310	10
10315	10
10320	10
10325	10
10330	10
10335	10
10340	10
10345	10
10350	10
10355	10
10360	10
10365	10
10370	10
10375	10
10380	10
10385	10
10390	10
10395	10
10400	10
10405	10
10410	10
10415	10
10420	10
10425	10
10430	10
10435	10
10440	10
10445	10
10450	10
10455	10
10460	10
10465	10
10470	10
10475	10
10480	10
10485	10
10490	10
10495	10
10500	10
10505	10
10510	10
10515	10
10520	10
10525	10
10530	10
10535	10
10540	10
10545	10
10550	10
10555	10
10560	10
10565	10
10570	10
10575	10
10580	10
10585	10
10590	10
10595	10
10600	10
10605	10
10610	10
10615	10
10620	10
10625	10
10630	10
10635	10
10640	10
10645	10
10650	10
10655	10
10660	10
10665	10
10670	10
10675	10
10680	10
10685	10
10690	10
10695	10
10700	10
10705	10
10710	10
10715	10
10720	10
10725	10
10730	10
10735	10
10740	10
10745	10
10750	10
10755	10
10760	10
10765	10
10770	10
10775	10
10780	10
10785	10
10790	10
10795	10
10800	10
10805	10
10810	10
10815	10
10820	10
10825	10
10830	10
10835	10
10840	10
10845	10
10850	10
10855	10
10860	10
10865	10
10870	10
10875	10
10880	10
10885	10
10890	10
10895	10
10900	10
10905	10
10910	10
10915	10
10920	10
10925	10
10930	10
10935	10
10940	10
10945	10
10950	10
10955	10
10960	10
10965	10
10970	10
10975	10
10980	10
10985	10
10990	10
10995	10
11000	10
11005	10
11010	10
11015	10
11020	10
11025	10
11030	10
11035	10
11040	10
11045	10
11050	10
11055	10
11060	10
11065	10
11070	10
11075	10
11080	10
11085	10
11090	10
11095	10
11100	10
11105	10
11110	10
11115	10
11120	10
11125	10
11130	10
11135	10
11140	10
11145	10
11150	10
11155	10
11160	10
11165	10
11170	10
11175	10
11180	10
11185	10
11190	10
11195	10
11200	10
11205	10
11210	10
11215	10
11220	10
11225	10
11230	10
11235	10
11240	10
11245	10
11250	10
11255	10
11260	10
11265	10
11270	10
11275	10
11280	10
11285	10
11290	10
11295	10
11300	10
11305	10
11310	10
11315	10
11320	10
11325	10
11330	10
11335	10
11340	10
11345	10
11350	10
11355	10
11360	10
11365	10
11370	10
11375	10
11380	10
11385	10
11390	10
11395	10
11400	10
11405	10
11410	10
11415	10
11420	10
11425	10
11430	10
11435	10
11440	10
11445	10
11450	10
11455	10
11460	10
11465	10
11470	10
11475	10
11480	10
11485	10
11490	10
11495	10
11500	10
11505	10
11510	10
11515	10
11520	10
11525	10
11530	10
11535	10
11540	10
11545	10
11550	10
11555	10
11560	10
11565	10
11570	10
11575	10
11580	10
11585	10
11590	10
11595	10
11600	10
11605	10
11610	10
11615	10
11620	10
11625	10
11630	10
11635	10
11640	10
11645	10
11650	10
11655	10
11660	10
11665	10
11670	10
11675	10
11680	10
11685	10
11690	10
11695	10
11700	10
11705	10
11710	10
11715	10
11720	10
11725	10
11730	10
11735	10
11740	10
11745	10
11750	10
11755	10
11760	10
11765	10
11770	10
11775	10
11780	10
11785	10
11790	10
11795	10
11800	10
11805	10
11810	10
11815	10
11820	10
11825	10
11830	10
11835	10
11840	10
11845	10
11850	10
11855	10
11860	10
11865	10
11870	10
11875	10
11880	10
11885	10
11890	10
11895	10
11900	10
11905	10
11910	10
11915	10
11920	10
11925	10
11930	10
11935	10
11940	10
11945	10
11950	10
11955	10
11960	10
11965	10
11970	10
11975	10
11980	10
11985	10
11990	10
11995	10
12000	10
12005	10
12010	10
12015	10
12020	10
12025	10
12030	10
12035	10
12040	10
12045	10
12050	10
12055	10
12060	10
12065	10
12070	10
12075	10
12080	10
12085	10
12090	10
12095	10
12100	10
12105	10
12110	10
12115	10
12120	10
12125	10
12130	10
12135	10
12140	10
12145	10
12150	10
12155	10
12160	10
12165	10
12170	10
12175	10
12180	10
12185	10
12190	10
12195	10
12200	10
12205	10
12210	10
12215	10
12220	10
12225	10
12230	10
12235	10
12240	10
12245	10
12250	10
12255	10
12260	10
12265	10
12270	10
12275	10
12280	10
12285	10
12290	10
12295	10
12300	10
12305	10
12310	10
12315	10
12320	10
12325	10
12330	10
12335	10
12340	10
12345	10
12350	10
12355	10
12360	10
12365	10
12370	10
12375	10
12380	10
12385	10
12390	10
12395	10
12400	10
12405	10
12410	10
12415	10
12420	10
12425	10
12430	10
12435	10
12440	10
12445	10
12450	10
12455	10
12460	10
12465	10
12470	10
12475	10
12480	10
12485	10
12490	10
12495	10
12500	10
12505	10
12510	10
12515	10
12520	10
12525	10
12530	10
12535	10
12540	10
12545	10
12550	10
12555	10
12560	10
12565	10
12570	10
12575	10
12580	10
12585	10
12590	10
12595	10
12600	10
12605	10
12610	10
12615	10
12620	10
12625	10
12630	10
12635	10
12640	10
12645	10
12650	10
12655	10
12660	10
12665	10
12670	10
12675	10
12680	10
12685	10
12690	10
12695	10
12700	10
12705	10
12710	10
12715	10
12720	10
12725	10
12730	10
12735	10
12740	10
12745	10
12750	10
12755	10
12760	10
12765	10
12770	10
12775	10
12780	10
12785	10
12790	10
12795	10
12800	10
12805	10
12810	10
12815	10
12820	10
12825	10
12830	10
12835	10
12840	10
12845	10
12850	10
12855	10
12860	10
12865	10
12870	10
12875	10
12880	10
12885	10
12890	10
12895	10
12900	10
12905	10
12910	10
12915	10
12920	10
12925	10
12930	10
12935	10
12940	10
12945	10
12950	10
12955	10
12960	10
12965	10
12970	10
12975	10
12980	10
12985	10
12990	10
12995	10
13000	10
13005	10
13010	10
13015	10
13020	10
13025	10
13030	10
13035	10
13040	10
13045	10
13050	10
13055	10
13060	10
13065	10
13070	10
13075	10
13080	10
13085	10
13090	10
13095	10
13100	10
13105	10
13110	10
13115	10
13120	10
13125	10
13130	10
13135	10
13140	10
13145	10
13150	10
13155	10
13160	10
13165	10
13170	10
13175	10
13180	10
13185	10
13190	10
13195	10
13200	10
13205	10
13210	10
13215	10
13220	10
13225	10
13230	10
13235	10
13240	10
13245	10
13250	10
13255	10
13260	10
13265	10
13270	10
13275	10
13280	10
13285	10
13290	10
13295	10
13300	10
13305	10
13310	10
13315	10
13320	10
13325	10
13330	10
13335	10
13340	10
13345	10
13350	10
13355	10
13360	10
13365	10
13370	10
13375	10
13380	10
13385	10
13390	10
13395	10
13400	10
13405	10
13410	10
13415	10
13420	10
13425	10
13430	10
13435	10
13440	10
13445	10
13450	10
13455	10
13460	10
13465	10
13470	10
13475	10
13480	10
13485	10
13490	10
13495	10
13500	10
13505	10
13510	10
13515	10
13520	10
13525	10
13530	10
13535	10
13540	10
13545	10
13550	10
13555	10
13560	10
13565	10
13570	10
13575	10
13580	10
13585	10
13590	10
13595	10
13600	10
13605	10
13610	10
13615	10
13620	10
13625	10
13630	10
13635	10
13640	10
13645	10
13650	10
13655	10
13660	10
13665	10
13670	10
13675	10
13680	10
13685	10
13690	10
13695	10
13700	10
13705	10
13710	10
13715	10
13720	10
13725	10
13730	10
13735	10
13740	10
13745	10
13750	10
13755	10
13760	10
13765	10
13770	10
13775	10
13780	10
13785	10
13790	10
13795	10
13800	10
13805	10
13810	10
13815	10
13820	10
13825	10
13830	10
13835	10
13840	10
13845	10
13850	10
13855	10
13860	10
13865	10
13870	10
13875	10
13880	10
13885	10
13890	10
13895	10
13900	10
13905	10
13910	10
13915	10
13920	10
13925	10
13930	10
13935	10
13940	10
13945	10
13950	10
13955	10
13960	10
13965	10
13970	10
13975	10
13980	10
13985	10
13990	10
13995	10
14000	10
14005	10
14010	10
14015	10
14020	10
14025	10
14030	10
14035	10
14040	10
14045	10
14050	10
14055	10
14060	10
14065	10
14070	10
14075	10
14080	10
14085	10
14090	10
14095	10
14100	10
14105	10
14110	10
14115	10
14120	10
14125	10
14130	10
14135	10
14140	10
14145	10
14150	10
14155	10
14160	10
14165	10
14170	10
14175	10
14180	10
14185	10
14190	10
14195	10
14200	10
14205	10
14210	10
14215	10
14220	10
14225	10
14230	10
14235	10
14240	10
14245	10
14250	10
14255	10
14260	10
14265	10
14270	10
14275	10
14280	10
14285	10
14290	10
14295	10
14300	10
14305	10
14310	10
14315	10
14320	10
14325	10
14330	10
14335	10
14340	10
14345	10
14350	10
14355	10
14360	10
14365	10
14370	10
14375	10
14380	10
14385	10
14390	10
14395	10
14400	10
14405	10
14410	10
14415	10
14420	10
14425	10
14430	10
14435	10
14440	10
14445	10
14450	10
14455	10
14460	10
14465	10
14470	10
14475	10
14480	10
14485	10
14490	10
14495	10
14500	10
14505	10
14510	10
14515	10
14520	10
14525	10
14530	10
14535	10
14540	10
14545	10
14550	10
14555	10
14560	10
14565	10
14570	10
14575	10
14580	10
14585	10
14590	10
14595	10
14600	10
14605	10
14610	10
14615	10
14620	10
14625	10
14630	10
14635	10
14640	10
14645	10
14650	10
14655	10
14660	10
14665	10
14670	10
14675	10
14680	10
14685	10
14690	10
14695	10
14700	10
14705	10
14710	10
14715	10
14720	10
14725	10
14730	10
14735	10
14740	10
14745	10
14750	10
14755	10
14760	10
14765	10
14770	10
14775	10
14780	10
14785	10
14790	10
14795	10
14800	10
14805	10
14810	10
14815	10
14820	10
14825	10
14830	10
14835	10
14840	10
14845	10
14850	10
14855	10
14860	10
14865	10
14870	10
14875	10
14880	10
14885	10
14890	10
14895	10
14900	10
14905	10
14910	10
14915	10
14920	10
14925	10
14930	10
14935	10
14940	10
14945	10
14950	10
14955	10
14960	10
14965	10
14970	10
14975	10
14980	10
14985	10
14990	10
14995	10
15000	10
15005	10
15010	10
15015	10
15020	10
15025	10
15030	10
15035	10
15040	10
15045	10
15050	10
15055	10
15060	10
15065	10
15070	10
15075	10
15080	10
15085	10
15090	10
15095	10
15100	10
15105	10
15110	10
15115	10
15120	10
15125	10
15130	10
15135	10
15140	10
15145	10
15150	10
15155	10
15160	10
15165	10
15170	10
15175	10
15180	10
15185	10
15190	10
15195	10
15200	10
15205	10
15210	10
15215	10
15220	10
15225	10
15230	10
15235	10
15240	10
15245	10
15250	10
15255	10
15260	10
15265	10
15270	10
15275	10
15280	10
15285	10
15290	10
15295	10
15300	10
15305	10
15310	10
15315	10
15320	10
15325	10
15330	10
15335	10
15340	10
15345	10
15350	10
15355	10
15360	10
15365	10
15370	10
15375	10
15380	10
15385	10
15390	10
15395	10
15400	10
15405	10
15410	10
15415	10
15420	10
15425	10
15430	10
15435	10
15440	10
15445	10
15450	10
15455	10
15460	10
15465	10
15470	10
15475	10
15480	10
15485	10
15490	10
15495	10
15500	10
15505	10
15510	10
15515	10
15520	10
15525	10
15530	10
15535	10
15540	10
15545	10
15550	10
15555	10
15560	10
15565	10
15570	10
15575	10
15580	10
15585	10
15590	10
15595	10
15600	10
15605	10
15610	10
15615	10
15620	10
15625	10
15630	10
15635	10
15640	10
15645	10
15650	10
15655	10
15660	10
15665	10
15670	10
15675	10
15680	10
15685	10
15690	10
15695	10
15700	10
15705	10
15710	10
15715	10
15720	10
15725	10
15730	10
15735	10
15740	10
15745	10
15750	10
15755	10
15760	10
15765	10
15770	10
15775	10
15780	10
15785	10
15790	10
15795	10
15800	10
15805	10
15810	10
15815	10
15820	10
15825	10
15830	10
15835	10
15840	10
15845	10
15850	10
15855	10
15860	10
15865	10
15870	10
15875	10
15880	10
15885	10
15890	10
15895	10
15900	10
15905	10
15910	10
15915	10
15920	10
15925	10
15930	10
15935	10
15940	10
15945	10
15950	10
15955	10
15960	10
15965	10
15970	10
15975	10
15980	10
15985	10
15990	10
15995	10
16000	10
16005	10
16010	10
16015	10
16020	10
16025	10
16030	10
16035	10
16040	10
16045	10
16050	10
16055	10
16060	10
16065	10
16070	10
16075	10
16080	10
16085	10
16090	10
16095	10
16100	10
16105	10
16110	10
16115	10
16120	10
16125	10
16130	10
16135	10
16140	10
16145	10
16150	10
16155	10
16160	10
16165	10
16170	10
16175	10
16180	10
16185	10
16190	10
16195	10
16200	10
16205	10
16210	10
16215	10
16220	10
16225	10
16230	10
16235	10
16240	10
16245	10
16250	10
16255	10
16260	10
16265	10
16270	10
16275	10
16280	10
16285	10
16290	10
16295	10
16300	10
16305	10
16310	10
16315	10
16320	10
16325	10
16330	10
16335	10
16340	10
16345	10
16350	10
16355	10
16360	10
16365	10
16370	10
16375	10
16380	10
16385	10
16390	10
16395	10
16400	10
16405	10
16410	10
16415	10
16420	10
16425	10
16430	10
16435	10
16440	10
16445	10
16450	10
16455	10
16460	10
16465	10
16470	10
16475	10
16480	10
16485	10
16490	10
16495	10
16500	10
16505	10
16510	10
16515	10
16520	10
16525	10
16530	10
16535	10
16540	10
16545	10
16550	10
16555	10
16560	10
16565	10
16570	10
16575	10
16580	10
16585	10
16590	10
16595	10
16600	10
16605	10
16610	10
16615	10
16620	10
16625	10
16630	10
16635	10
16640	10
16645	10
16650	10
16655	10
16660	10
16665	10
16670	10
16675	10
16680	10
16685	10
16690	10
16695	10
16700	10
16705	10
16710	10
16715	10
16720	10
16725	10
16730	10
16735	10
16740	10
16745	10
16750	10
16755	10
16760	10
16765	10
16770	10
16775	10
16780	10
16785	10
16790	10
16795	10
16800	10
16805	10
16810	10
16815	10
16820	10
16825	10
16830	10
16835	10
16840	10
16845	10
16850	10
16855	10
16860	10
16865	10
16870	10
16875	10
16880	10
16885	10
16890	10
16895	10
16900	10
16905	10
16910	10
16915	10
16920	10
16925	10
16930	10
16935	10
16940	10
16945	10
16950	10
16955	10
16960	10
16965	10
16970	10
16975	10
16980	10
16985	10
16990	10
16995	10
17000	10
17005	10
17010	10
17015	10
17020	10
17025	10
17030	10
17035	10
17040	10
17045	10
17050	10
17055	10
17060	10
17065	10
17070	10
17075	10
17080	10
17085	10
17090	10
17095	10
17100	10
17105	10
17110	10
17115	10
17120	10
17125	10
17130	10
17135	10
17140	10
17145	10
17150	10
17155	10
17160	10
17165	10
17170	10
17175	10
17180	10
17185	10
17190	10
17195	10
17200	10
17205	10
17210	10
17215	10
17220	10
17225	10
17230	10
17235	10
17240	10
17245	10
17250	10
17255	10
17260	10
17265	10
17270	10
17275	10
17280	10
17285	10
17290	10
17295	10
17300	10
17305	10
17310	10
17315	10
17320	10
17325	10
17330	10
17335	10
17340	10
17345	10
17350	10
17355	10
17360	10
17365	10
17370	10
17375	10
17380	10
17385	10
17390	10
17395	10
17400	10
17405	10
17410	10
17415	10
17420	10
17425	10
17430	10
17435	10
17440	10
17445	10
17450	10
17455	10
17460	10
17465	10
17470	10
17475	10
17480	10
17485	10
17490	10
17495	10
17500	10
17505	10
17510	10
17515	10
17520	10
17525	10
17530	10
17535	10
17540	10
17545	10
17550	10
17555	10
17560	10
17565	10
17570	10
17575	10
17580	10
17585	10
17590	10
17595	10
17600	10
17605	10
17610	10
17615	10
17620	10
17625	10
17630	10
17635	10
17640	10
17645	10
17650	10
17655	10
17660	10
17665	10
17670	10
17675	10
17680	10
17685	10
17690	10
17695	10
17700	10
17705	10
17710	10
17715	10
17720	10
17725	10
17730	10
17735	10
17740	10
17745	10
17750	10
17755	10
17760	10
17765	10
17770	10
17775	10
17780	10
17785	10
17790	10
17795	10
17800	10
17805	10
17810	10
17815	10
17820	10
17825	10
17830	10
17835	10
17840	10
17845	10
17850	10
17855	10
17860	10
17865	10
17870	10
17875	10
17880	10
17885	10
17890	10
17895	10
17900	10
17905	10
17910	10
17915	10
17920	10
17925	10
17930	10
17935	10
17940	10
17945	10
17950	10
17955	10
17960	10
17965	10
17970	10
17975	10
17980	10
17985	10
17990	10
17995	10
18000	10
18005	10
18010	10
18015	10
18020	10
18025	10
18030	10
18035	10
18040	10
18045	10
18050	10
18055	10
18060	10
18065	10
18070	10
18075	10
18080	10
18085	10
18090	10
18095	10
18100	10
18105	10
18110	10
18115	10
18120	10
18125	10
18130	10
18135	10
18140	10
18145	10
18150	10
18155	10
18160	10
18165	10
18170	10
18175	10
18180	10
18185	10
18190	10
18195	10
18200	10
18205	10
18210	10
18215	10
18220	10
18225	10
18230	10
18235	10
18240	10
18245	10
18250	10
18255	10
18260	10
18265	10
18270	10
18275	10
18280	10
18285	10
18290	10
18295	10
18300	10
18305	10
18310	10
18315	10
18320	10
18325	10
18330	10
18335	10
18340	10
18345	10
18350	10
18355	10
18360	10
18365	10
18370	10
18375	10
18380	10
18385	10
18390	10
18395	10
18400	10
18405	10
18410	10
18415	10
18420	10
18425	10
18430	10
18435	10
18440	10
18445	10
18450	10
18455	10
18460	10
18465	10
18470	10
18475	10
18480	10
18485	10
18490	10
18495	10
18500	10
18505	10
18510	10
18515	10
18520	10
18525	10
18530	10
18535	10
18540	10
18545	10
18550	10
18555	10
18560	10
18565	10
18570	10
18575	10
18580	10
18585	10
18590	10
18595	10
18600	10
18605	10
18610	10
18615	10
18620	10
18625	10
18630	10
18635	10
18640	10
18645	10
18650	10
18655	10
18660	10
18665	10
18670	10
18675	10
18680	10
18685	10
18690	10
18695	10
18700	10
18705	10
18710	10
18715	10
18720	10
18725	10
18730	10
18735	10
18740	10
18745	10
18750	10
18755	10
18760	10
18765	10
18770	10
18775	10
18780	10
18785	10
18790	10
18795	10
18800	10
18805	10
18810	10
18815	10
18820	10
18825	10
18830	10
18835	10
18840	10
18845	10
18850	10
18855	10
18860	10
18865	10
18870	10
18875	10
18880	10
18885	10
18890	10
18895	10
18900	10
18905	10
18910	10
18915	10
18920	10
18925	10
18930	10
18935	10
18940	10
18945	10
18950	10
18955	10
18960	10
18965	10
18970	10
18975	10
18980	10
18985	10
18990	10
18995	10
19000	10
19005	10
19010	10
19015	10
19020	10
19025	10
19030	10
19035	10
19040	10
19045	10
19050	10
19055	10
19060	10
19065	10
19070	10
19075	10
19080	10
19085	10
19090	10
19095	10
19100	10
19105	10
19110	10
19115	10
19120	10
19125	10
19130	10
19135	10
19140	10
19145	10
19150	10
19155	10
19160	10
19165	10
19170	10
19175	10
19180	10
19185	10
19190	10
19195	10
19200	10
19205	10
19210	10
19215	10
19220	10
19225	10
19230	10
19235	10
19240	10
19245	10
19250	10
19255	10
19260	10
19265	10
19270	10
19275	10
19280	10
19285	10
19290	10
19295	10
19300	10
19305	10
19310	10
19315	10
19320	10
19325	10
19330	10
19335	10
19340	10
19345	10
19350	10
19355	10
19360	10
19365	10
19370	10
19375	10
19380	10
19385	10
19390	10
19395	10
19400	10
19405	10
19410	10
19415	10
19420	10
19425	10
19430	10
19435	10
19440	10
19445	10
19450	10
19455	10
19460	10
19465	10
19470	10
19475	10
19480	10
19485	10
19490	10
19495	10
19500	10
19505	10
19510	10
19515	10
19520	10
19525	10
19530	10
19535	10
19540	10
19545	10
19550	10
19555	10
19560	10
19565	10
19570	10
19575	10
19580	10
19585	10
19590	10
19595	10
19600	10
19605	10
19610	10
19615	10
19620	10
19625	10
19630	10
19635	10
19640	10
19645	10
19650	10
19655	10
19660	10
19665	10
19670	10
19675	10
19680	10
19685	10
19690	10
19695	10
19700	10
19705	10
19710	10
19715	10
19720	10
19725	10
19730	10
19735	10
19740	10
19745	10
19750	10
19755	10
19760	10
19765	10
19770	10
19775	10
19780	10
19785	10
19790	10
19795	10
19800	10
19805	10
19810	10
19815	10
19820	10
19825	10
19830	10
19835	10
19840	10
19845	10
19850	10
19855	10
19860	10
19865	10
19870	10
19875	10
19880	10
19885	10
19890	10
19895	10
19900	10
19905	10
19910	10
19915	10
19920	10
19925	10
19930	10
19935	10
19940	10
19945	10
19950	10
19955	10
19960	10
19965	10
19970	10
19975	10
19980	10
19985	10
19990	10
19995	10
20000	10
20005	10
20010	10
20015	10
20020	10
20025	10
20030	10
20035	10
20040	10
20045	10
20050	10
20055	10
20060	10
20065	10
20070	10
20075	10
20080	10
20085	10
20090	10
20095	10
20100	10
20105	10
20110	10
20115	10
20120	10
20125	10
20130	10
20135	10
20140	10
20145	10
20150	10
20155	10
20160	10
20165	10
20170	10
20175	10
20180	10
20185	10
20190	10
20195	10
20200	10
20205	10
20210	10
20215	10
20220	10
20225	10
20230	10
20235	10
20240	10
20245	10
20250	10
20255	10
20260	10
20265	10
20270	10
20275	10
20280	10
20285	10
20290	10
20295	10
20300	10
20305	10
20310	10
20315	10
20320	10
20325	10
20330	10
20335	10
20340	10
20345	10
20350	10
20355	10
20360	10
20365	10
20370	10
20375	10
20380	10
20385	10
20390	10
20395	10
20400	10
20405	10
20410	10
20415	10
20420	10
20425	10
20430	10
20435	10
20440	10
20445	10
20450	10
20455	10
20460	10
20465	10
20470	10
20475	10
20480	10
20485	10
20490	10
20495	10
20500	10
20505	10
20510	10
20515	10
20520	10
20525	10
20530	10
20535	10
20540	10
20545	10
20550	10
20555	10
20560	10
20565	10
20570	10
20575	10
20580	10
20585	10
20590	10
20595	10
20600	10
20605	10
20610	10
20615	10
20620	10
20625	10
20630	10
20635	10
20640	10
20645	10
20650	10
20655	10
20660	10
20665	10
20670	10
20675	10
20680	10
20685	10
20690	10
20695	10
20700	10
20705	10
20710	10
20715	10
20720	10
20725	10
20730	10
20735	10
20740	10
20745	10
20750	10
20755	10
20760	10
20765	10
20770	10
20775	10
20780	10
20785	10
20790	10
20795	10
20800	10
20805	10
20810	10
20815	10
20820	10
20825	10
20830	10
20835	10
20840	10
20845	10
20850	10
20855	10
20860	10
20865	10
20870	10
20875	10
20880	10
20885	10
20890	10
20895	10
20900	10
20905	10
20910	10
20915	10
20920	10
20925	10
20930	10
20935	10
20940	10
20945	10
20950	10
20955	10
20960	10
20965	10
20970	10
20975	10
20980	10
20985	10
20990	10
20995	10
21000	10
21005	10
21010	10
21015	10
21020	10
21025	10
21030	10
21035	10
21040	10
21045	10
21050	10
21055	10
21060	10
21065	10
21070	10
21075	10
21080	10
21085	10
21090	10
21095	10
21100	10
21105	10
21110	10
21115	10
21120	10
21125	10
21130	10
21135	10
21140	10
21145	10
21150	10
21155	10
21160	10
21165	10
21170	10
21175	10
21180	10
21185	10
21190	10
21195	10
21200	10
21205	10
21210	10
21215	10
21220	10
21225	10
21230	10
21235	10
21240	10
21245	10
21250	10
21255	10
21260	10
21265	10
21270	10
21275	10
21280	10
21285	10
21290	10
21295	10
21300	10
21305	10
21310	10
21315	10
21320	10
21325	10
21330	10
21335	10
21340	10
21345	10
21350	10
21355	10
21360	10
21365	10
21370	10
21375	10
21380	10
21385	10
21390	10
21395	10
21400	10
21405	10
21410	10
21415	10
21420	10
21425	10
21430	10
21435	10
21440	10
21445	10
21450	10
21455	10
21460	10
21465	10
21470	10
21475	10
21480	10
21485	10
21490	10
21495	10
21500	10
21505	10
21510	10
21515	10
21520	10
21525	10
21530	10
21535	10
21540	10
21545	10
21550	10
21555	10
21560	10
21565	10
21570	10
21575	10
21580	10
21585	10
21590	10
21595	10
21600	10
21605	10
21610	10
21615	10
21620	10
21625	10
21630	10
21635	10
21640	10
21645	10
21650	10
21655	10
21660	10
21665	10
21670	10
21675	10
21680	10
21685	10
21690	10
21695	10
21700	10
21705	10
21710	10
21715	10
21720	10
21725	10
21730	10
21735	10
21740	10
21745	10
21750	10
21755	10
21760	10
21765	10
21770	10
21775	10
21780	10
21785	10
21790	10
21795	10
21800	10
21805	10
21810	10
21815	10
21820	10
21825	10
21830	10
21835	10
21840	10
21845	10
21850	10
21855	10
21860	10
21865	10
21870	10
21875	10
21880	10
21885	10
21890	10
21895	10
21900	10
21905	10
21910	10
21915	10
21920	10
21925	10
21930	10
21935	10
21940	10
21945	10
21950	10
21955	10
21960	10
21965	10
21970	10
21975	10
21980	10
21985	10
21990	10
21995	10
22000	10
22005	10
22010	10
22015	10
22020	10
22025	10
22030	10
22035	10
22040	10
22045	10
22050	10
22055	10
22060	10
22065	10
22070	10
22075	10
22080	10
22085	10
22090	10
22095	10
22100	10
22105	10
22110	10
22115	10
22120	10
22125	10
22130	10
22135	10
22140	10
22145	10
22150	10
22155	10
22160	10
22165	10
22170	10
22175	10
22180	10
22185	10
22190	10
22195	10
22200	10
22205	10
22210	10
22215	10
22220	10
22225	10
22230	10
22235	10
22240	10
22245	10
22250	10
22255	10
22260	10
22265	10
22270	10
22275	10
22280	10
22285	10
22290	10
22295	10
22300	10
22305	10
22310	10
22315	10
22320	10
22325	10
22330	10
22335	10
22340	10
22345	10
22350	10
22355	10
22360	10
22365	10
22370	10
22375	10
22380	10
22385	10
22390	10
22395	10
22400	10
22405	10
22410	10
22415	10
22420	10
22425	10
22430	10
22435	10
22440	10
22445	10
22450	10
22455	10
22460	10
22465	10
22470	10
22475	10
22480	10
22485	10
22490	10
22495	10
22500	10
22505	10
22510	10
22515	10
22520	10
22525	10
22530	10
22535	10
22540	10
22545	10
22550	10
22555	10
22560	10
22565	10
22570	10
22575	10
22580	10
22585	10
22590	10
22595	10
22600	10
22605	10
22610	10
22615	10
22620	10
22625	10
22630	10
22635	10
22640	10
22645	10
22650	10
22655	10
22660	10
22665	10
22670	10
22675	10
22680	10
22685	10
22690	10
22695	10
22700	10
22705	10
22710	10
22715	10
22720	10
22725	10
22730	10
22735	10
22740	10
22745	10
22750	10
22755	10
22760	10
22765	10
22770	10
22775	10
22780	10
22785	10
22790	10
22795	10
22800	10
22805	10
22810	10
22815	10
22820	10
22825	10
22830	10
22835	10
22840	10
22845	10
22850	10
22855	10
22860	10
22865	10
22870	10
22875	10
22880	10
22885	10
22890	10
22895	10
22900	10
22905	10
22910	10
22915	10
22920	10
22925	10
22930	10
22935	10
22940	10
22945	10
22950	10
22955	10
22960	10
22965	10
22970	10
22975	10
22980	10
22985	10
22990	10
22995	10
23000	10
23005	10
23010	10
23015	10
23020	10
23025	10
23030	10
23035	10
23040	10
23045	10
23050	10
23055	10
23060	10
23065	10
23070	10
23075	10
23080	10
23085	10
23090	10
23095	10
23100	10
23105	10
23110	10
23115	10
23120	10
23125	10
23130	10
23135	10
23140	10
23145	10
23150	10
23155	10
23160	10
23165	10
23170	10
23175	10
23180	10
23185	10
23190	10
23195	10
23200	10
23205	10
23210	10
23215	10
23220	10
23225	10
23230	10
23235	10
23240	10
23245	10
23250	10
23255	10
23260	10
23265	10
23270	10
23275	10
23280	10
23285	10
23290	10
23295	10
23300	10
23305	10
23310	10
23315	10
23320	10
23325	10
23330	10
23335	10
23340	10
23345	10
23350	10
23355	10
23360	10
23365	10
23370	10
23375	10
23380	10
23385	10
23390	10
23395	10
23400	10
23405	10
23410	10
23415	10
23420	10
23425	10
23430	10
23435	10
23440	10
23445	10
23450	10
23455	10
23460	10
23465	10
23470	10
23475	10
23480	10
23485	10
23490	10
23495	10
23500	10
23505	10
23510	10
23515	10
23520	10
23525	10
23530	10
23535	10
23540	10
23545	10
23550	10
23555	10
23560	10
23565	10
23570	10
23575	10
23580	10
23585	10
23590	10
23595	10
23600	10
23605	10
23610	10
23615	10
23620	10
23625	10
23630	10
23635	10
23640	10
23645	10
23650	10
23655	10
23660	10
23665	10
23670	10
23675	10
23680	10
23685	10
23690	10
23695	10
23700	10
23705	10
23710	10
23715	10
23720	10
23725	10
23730	10
23735	10
23740	10
23745	10
23750	10
23755	10
23760	10
23765	10
23770	10
23775	10
23780	10
23785	10
23790	10
23795	10
23800	10
23805	10
23810	10
23815	10
23820	10
23825	10
23830	10
23835	10
23840	10
23845	10
23850	10
23855	10
23860	10
23865	10
23870	10
23875	10
23880	10
23885	10
23890	10
23895	10
23900	10
23905	10
23910	10
23915	10
23920	10
23925	10
23930	10
23935	10
23940	10
23945	10
23950	10
23955	10
23960	10
23965	10
23970	10
23975	10
23980	10
23985	10
23990	10
23995	10
24000	10
24005	10
24010	10
24015	10
24020	10
24025	10
24030	10
24035	10
24040	10
24045	10
24050	10
24055	10
24060	10
24065	10
24070	10
24075	10
24080	10
24085	10
24090	10
24095	10
24100	10
24105	10
24110	10
24115	10
24120	10
24125	10
24130	10
24135	10
24140	10
24145	10
24150	10
24155	10
24160	10
24165	10
24170	10
24175	10
24180	10
24185	10
24190	10
24195	10
24200	10
24205	10
24210	10
24215	10
24220	10
24225	10
24230	10
24235	10
24240	10
24245	10
24250	10
24255	10
24260	10
24265	10
24270	10
24275	10
24280	10
24285	10
24290	10
24295	10
24300	10
24305	10
24310	10
24315	10
24320	10
24325	10
24330	10
24335	10
24340	10
24345	10
24350	10
24355	10
24360	10
24365	10
24370	10
24375	10
24380	10
24385	10
24390	10
24395	10
24400	10
24405	10
24410	10
24415	10
24420	10
24425	10
24430	10
24435	10
24440	10
24445	10
24450	10
24455	10
24460	10
24465	10
24470	10
24475	10
24480	10
24485	10
24490	10
24495	10
24500	10
24505	10
24510	10
24515	10
24520	10
24525	10
24530	10
24535	10
24540	10
24545	10
24550	10
24555	10
24560	10
24565	10
24570	10
24575	10
24580	10
24585	10
24590	10
24595	10
24600	10
24605	10
24610	10
24615	10
24620	10
24625	10
24630	10
24635	10
24640	10
24645	10
24650	10
24655	10
24660	10
24665	10
24670	10
24675	10
24680	10
24685	10
24690	10
24695	10
24700	10
24705	10
24710	10
24715	10
24720	10
24725	10
24730	10
24735	10
24740	10
24745	10
24750	10
24755	10
24760	10
24765	10
24770	10
24775	10
24780	10
24785	10
24790	10
24795	10
24800	10
24805	10
24810	10
24815	10
24820	10
24825	10
24830	10
24835	10
24840	10
24845	10
24850	10
24855	10
24860	10
24865	10
24870	10
24875	10
24880	10
24885	10
24890	10
24895	10
24900	10
24905	10
24910	10
24915	10
24920	10
24925	10
24930	10
24935	10
24940	10
24945	10
24950	10
24955	10
24960	10
24965	10
24970	10
24975	10
24980	10
24985	10
24990	10
24995	10
25000	10
25005	10
25010	10
25015	10
25020	10
25025	10
25030	10
25035	10
25040	10
25045	10
25050	10
25055	10
25060	10
25065	10
25070	10
25075	10
25080	10
25085	10
25090	10
25095	10
25100	10
25105	10
25110	10
25115	10
25120	10
25125	10
25130	10
25135	10
25140	10
25145	10
25150	10
25155	10
25160	10
25165	10
25170	10
25175	10
25180	10
25185	10
25190	10
25195	10
25200	10
25205	10
25210	10
25215	10
25220	10
25225	10
25230	10
25235	10
25240	10
25245	10
25250	10
25255	10
25260	10
25265	10
25270	10
25275	10
25280	10
25285	10
25290	10
25295	10
25300	10
25305	10
25310	10
25315	10
25320	10
25325	10
25330	10
25335	10
25340	10
25345	10
25350	10
25355	10
25360	10
25365	10
25370	10
25375	10
25380	10
25385	10
25390	10
25395	10
25400	10
25405	10
25410	10
25415	10
25420	10
25425	10
25430	10
25435	10
25440	10
25445	10
25450	10
25455	10
25460	10
25465	10
25470	10
25475	10
25480	10
25485	10
25490	10
25495	10
25500	10
25505	10
25510	10
25515	10
25520	10
25525	10
25530	10
25535	10
25540	10
25545	10
25550	10
25555	10
25560	10
25565	10
25570	10
25575	10
25580	10
25585	10
25590	10
25595	10
25600	10
25605	10
25610	10
25615	10
25620	10
25625	10
25630	10
25635	10
25640	10
25645	10
25650	10
25655	10
25660	10
25665	10
25670	10
25675	10
25680	10
25685	10
25690	10
25695	10
25700	10
25705	10
25710	10
25715	10
25720	10
25725	10
25730	10
25735	10
25740	10
25745	10
25750	10
25755	10
25760	10
25765	10
25770	10
25775	10
25780	10
25785	10
25790	10
25795	10
25800	10
25805	10
25810	10
25815	10
25820	10
25825	10
25830	10
25835	10
25840	10
25845	10
25850	10
25855	10
25860	10
25865	10
25870	10
25875	10
25880	10
25885	10
25890	10
25895	10
25900	10
25905	10
25910	10
25915	10
25920	10
25925	10
25930	10
25935	10
25940	10
25945	10
25950	10
25955	10
25960	10
25965	10
25970	10
25975	10
25980	10
25985	10
25990	10
25995	10
26000	10
26005	10
26010	10
26015	10
26020	10
26025	10
26030	10
26035	10
26040	10
26045	10
26050	10
26055	10
26060	10
26065	10
26070	10
26075	10
26080	10
26085	10
26090	10
26095	10
26100	10
26105	10
26110	10
26115	10
26120	10
26125	10
26130	10
26135	10
26140	10
26145	10
26150	10
26155	10
26160	10
26165	10
26170	10
26175	10
26180	10
26185	10
26190	10
26195	10
26200	10
26205	10
26210	10
26215	10
26220	10
26225	10
26230	10
26235	10
26240	10
26245	10
26250	10
26255	10
26260	10
26265	10
26270	10
26275	10
26280	10
26285	10
26290	10
26295	10
26300	10
26305	10
26310	10
26315	10
26320	10
26325	10
26330	10
26335	10
26340	10
26345	10
26350	10
26355	10
26360	10
26365	10
26370	10
26375	10
26380	10
26385	10
26390	10
26395	10
26400	10
26405	10
26410	10
26415	10
26420	10
26425	10
26430	10
26435	10
26440	10
26445	10
26450	10
26455	10
26460	10
26465	10
26470	10
26475	10
26480	10
26485	10
26490	10
26495	10
26500	10
26505	10
26510	10
26515	10
26520	10
26525	10
26530	10
26535	10
26540	10
26545	10
26550	10
26555	10
26560	10
26565	10
26570	10
26575	10
26580	10
26585	10
26590	10
26595	10
26600	10
26605	10
26610	10
26615	10
26620	10
26625	10
26630	10
26635	10
26640	10
26645	10
26650	10
26655	10
26660	10
26665	10
26670	10
26675	10
26680	10
26685	10
26690	10
26695	10
26700	10
26705	10
26710	10
26715	10
26720	10
26725	10
26730	10
26735	10
26740	10
26745	10
26750	10
26755	10
26760	10
26765	10
26770	10
26775	10
26780	10
26785	10
26790	10
26795	10
26800	10
26805	10
26810	10
26815	10
26820	10
26825	10
26830	10
26835	10
26840	10
26845	10
26850	10
26855	10
26860	10
26865	10
26870	10
26875	10
26880	10
26885	10
26890	10
26895	10
26900	10
26905	10
26910	10
26915	10
26920	10
26925	10
26930	10
26935	10
26940	10
26945	10
26950	10
26955	10
26960	10
26965	10
26970	10
26975	10
26980	10
26985	10
26990	10
26995	10
27000	10
27005	10
27010	10
27015	10
27020	10
27025	10
27030	10
27035	10
27040	10
27045	10
27050	10
27055	10
27060	10
27065	10
27070	10
27075	10
27080	10
27085	10
27090	10
27095	10
27100	10
27105	10
27110	10
27115	10
27120	10
27125	10
27130	10
27135	10
27140	10
27145	10
27150	10
27155	10
27160	10
27165	10
27170	10
27175	10
27180	10
27185	10
27190	10
27195	10
27200	10
27205	10
27210	10
27215	10
27220	10
27225	10
27230	10
27235	10
27240	10
27245	10
27250	10
27255	10
27260	10
27265	10
27270	10
27275	10
27280	10
27285	10
27290	10
27295	10
27300	10
27305	10
27310	10
27315	10
27320	10
27325	10
27330	10
27335	10
27340	10
27345	10
27350	10
27355	10
27360	10
27365	10
27370	10
27375	10
27380	10
27385	10
27390	10
27395	10
27400	10
27405	10
27410	10
27415	10
27420	10
27425	10
27430	10
27435	10
27440	10
27445	10
27450	10
27455	10
27460	10
27465	10
27470	10
27475	10
27480	10
27485	10
27490	10
27495	10
27500	10
27505	10
27510	10
27515	10
27520	10
27525	10
27530	10
27535	10
27540	10
27545	10
27550	10
27555	10
27560	10
27565	10
27570	10
27575	10
27580	10
27585	10
27590	10
27595	10
27600	10
27605	10
27610	10
27615	10
27620	10
27625	10
27630	10
27635	10
27640	10
27645	10
27650	10
27655	10
27660	10
27665	10
27670	10
27675	10
27680	10
27685	10
27690	10
27695	10
27700	10
27705	10
27710	10
27715	10
27720	10
27725	10
27730	10
27735	10
27740	10
27745	10
27750	10
27755	10
27760	10
27765	10
27770	10
27775	10
27780	10
27785	10
27790	10
27795	10
27800	10
27805	10
27810	10
27815	10
27820	10
27825	10
27830	10
27835	10
27840	10
27845	10
27850	10
27855	10
27860	10
27865	10
27870	10
27875	10
27880	10
27885	10
27890	10
27895	10
27900	10
27905	10
27910	10
27915	10
27920	10
27925	10
27930	10
27935	10
27940	10
27945	10
27950	10
27955	10
27960	10
27965	10
27970	10
27975	10
27980	10
27985	10
27990	10
27995	10
28000	10
28005	10
28010	10
28015	10
28020	10
28025	10
28030	10
28035	10
28040	10
28045	10
28050	10
28055	10
28060	10
28065	10
28070	10
28075	10
28080	10
28085	10
28090	10
28095	10
28100	10
28105	10
28110	10
28115	10
28120	10
28125	10
28130	10
28135	10
28140	10
28145	10
28150	10
28155	10
28160	10
28165	10
28170	10
28175	10
28180	10
28185	10
28190	10
28195	10
28200	10
28205	10
28210	10
28215	10
28220	10
28225	10
28230	10
28235	10
28240	10
28245	10
28250	10
28255	10
28260	10
28265	10
28270	10
28275	10
28280	10
28285	10
28290	10
28295	10
28300	10
28305	10
28310	10
28315	10
28320	10
28325	10
28330	10
28335	10
28340	10
28345	10
28350	10
28355	10
28360	10
28365	10
28370	10
28375	10
28380	10
28385	10
28390	10
28395	10
28400	10
28405	10
28410	10
28415	10
28420	10
28425	10
28430	10
28435	10
28440	10
28445	10
28450	10
28455	10
28460	10
28465	10
28470	10
28475	10
28480	10
28485	10
28490	10
28495	10
28500	10
28505	10
28510	10
28515	10
28520	10
28525	10
28530	10
28535	10
28540	10
28545	10
28550	10
28555	10
28560	10
28565	10
28570	10
28575	10
28580	10
28585	10
28590	10
28595	10
28600	10
28605	10
28610	10
28615	10
28620	10
28625	10
28630	10
28635	10
28640	10
28645	10
28650	10
28655	10
28660	10
28665	10
28670	10
28675	10
28680	10
28685	10
28690	10
28695	10
28700	10
28705	10
28710	10
28715	10
28720	10
28725	10
28730	10
28735	10
28740	10
28745	10
28750	10
28755	10
28760	10
28765	10
28770	10
28775	10
28780	10
28785	10
28790	10
28795	10
28800	10
28805	10
28810	10
28815	10
28820	10
28825	10
28830	10
28835	10
28840	10
28845	10
28850	10
28855	10
28860	10
28865	10
28870	10
28875	10
28880	10
28885	10
28890	10
28895	10
28900	10
28905	10
28910	10
28915	10
28920	10
28925	10
28930	10
28935	10
28940	10
28945	10
28950	10
28955	10
28960	10
28965	10
28970	10
28975	10
28980	10
28985	10
28990	10
28995	10
29000	10
29005	10
29010	10
29015	10
29020	10
29025	10
29030	10
29035	10
29040	10
29045	10
29050	10
29055	10
29060	10
29065	10
29070	10
29075	10
29080	10
29085	10
29090	10
29095	10
29100	10
29105	10
29110	10
29115	10
29120	10
29125	10
29130	10
29135	10
29140	10
29145	10
29150	10
29155	10
29160	10
29165	10
29170	10
29175	10
29180	10
29185	10
29190	10
29195	10
29200	10
29205	10
29210	10
29215	10
29220	10
29225	10
29230	10
29235	10
29240	10
29245	10
29250	10
29255	10
29260	10
29265	10
29270	10
29275	10
29280	10
29285	10
29290	10
29295	10
29300	10
29305	10
29310	10
29315	10
29320	10
29325	10
29330	10
29335	10
29340	10
29345	10
29350	10
29355	10
29360	10
29365	10
29370	10
29375	10
29380	10
29385	10
29390	10
29395	10
29400	10
29405	10
29410	10
29415	10
29420	10
29425	10
29430	10
29435	10
29440	10
29445	10
29450	10
29455	10
29460	10
29465	10
29470	10
29475	10
29480	10
29485	10
29490	10
29495	10
29500	10
29505	10
29510	10
29515	10
29520	10
29525	10
29530	10
29535	10
29540	10
29545	10
29550	10
29555	10
29560	10
29565	10
29570	10
29575	10
29580	10
29585	10
29590	10
29595	10
29600	10
29605	10
29610	10
29615	10
29620	10
29625	10
29630	10
29635	10
29640	10
29645	10
29650	10
29655	10
29660	10
29665	10
29670	10
29675	10
29680	10
29685	10
29690	10
29695	10
29700	10
29705	10
29710	10
29715	10
29720	10
29725	10
29730	10
29735	10
29740	10
29745	10
29750	10
29755	10
29760	10
29765	10
29770	10
29775	10
29780	10
29785	10
29790	10
29795	10
29800	10
29805	10
29810	10
29815	10
29820	10
29825	10
29830	10
29835	10
29840	10
29845	10
29850	10
29855	10
29860	10
29865	10
29870	10
29875	10
29880	10
29885	10
29890	10
29895	10
29900	10
29905	10
29910	10
29915	10
29920	10
29925	10
29930	10
29935	10
29940	10
29945	10
29950	10
29955	10
29960	10
29965	10
29970	10
29975	10
29980	10
29985	10
29990	10
29995	10
30000	10
30005	10
30010	10
30015	10
30020	10
30025	10
30030	10
30035	10
30040	10
30045	10
30050	10
30055	10
30060	10
30065	10
30070	10
30075	10
30080	10
30085	10
30090	10
30095	10
30100	10
30105	10
30110	10
30115	10
30120	10
30125	10
30130	10
30135	10
30140	10
30145	10
30150	10
30155	10
30160	10
30165	10
30170	10
30175	10
30180	10
30185	10
30190	10
30195	10
30200	10
30205	10
30210	10
30215	10
30220	10
30225	10
30230	10
30235	10
30240	10
30245	10
30250	10
30255	10
30260	10
30265	10
30270	10
30275	10
30280	10
30285	10
30290	10
30295	10
30300	10
30305	10
30310	10
30315	10
30320	10
30325	10
30330	10
30335	10
30340	10
30345	10
30350	10
30355	10
30360	10
30365	10
30370	10
30375	10
30380	10
30385	10
30390	10
30395	10
30400	10
30405	10
30410	10
30415	10
30420	10
30425	10
30430	10
30435	10
30440	10
30445	10
30450	10
30455	10
30460	10
30465	10
30470	10
30475	10
30480	10
30485	10
30490	10
30495	10
30500	10
30505	10
30510	10
30515	10
30520	10
30525	10
30530	10
30535	10
30540	10
30545	10
30550	10
30555	10
30560	10
30565	10
30570	10
30575	10
30580	10
30585	10
30590	10
30595	10
30600	10
30605	10
30610	10
30615	10
30620	10
30625	10
30630	10
30635	10
30640	10
30645	10
30650	10
30655	10
30660	10
30665	10
30670	10
30675	10
30680	10
30685	10
30690	10
30695	10
30700	10
30705	10
30710	10
30715	10
30720	10
30725	10
30730	10
30735	10
30740	10
30745	10
30750	10
30755	10
30760	10
30765	10
30770	10
30775	10
30780	10
30785	10
30790	10
30795	10
30800	10
30805	10
30810	10
30815	10
30820	10
30825	10
30830	10
30835	10
30840	10
30845	10
30850	10
30855	10
30860	10
30865	10
30870	10
30875	10
30880	10
30885	10
30890	10
30895	10
30900	10
30905	10
30910	10
30915	10
30920	10
30925	10
30930	10
30935	10
30940	10
30945	10
30950	10
30955	10
30960	10
30965	10
30970	10
30975	10
30980	10
30985	10
30990	10
30995	10
31000	10
31005	10
31010	10
31015	10
31020	10
31025	10
31030	10
31035	10
31040	10
31045	10
31050	10
31055	10
31060	10
31065	10
31070	10
31075	10
31080	10
31085	10
31090	10
31095	10
31100	10
31105	10
31110	10
31115	10
31120	10
31125	10
31130	10
31135	10
31140	10
31145	10
31150	10
31155	10
31160	10
31165	10
31170	10
31175	10
31180	10
31185	10
31190	10
31195	10
31200	10
31205	10
31210	10
31215	10
31220	10
31225	10
31230	10
31235	10
31240	10
31245	10
31250	10
31255	10
31260	10
31265	10
31270	10
31275	10
31280	10
31285	10
31290	10
31295	10
31300	10
31305	10
31310	10
31315	10
31320	10
31325	10
31330	10
31335	10
31340	10
31345	10
31350	10
31355	10
31360	10
31365	10
31370	10
31375	10
31380	10
31385	10
31390	10
31395	10
31400	10
31405	10
31410	10
31415	10
31420	10
31425	10
31430	10
31435	10
31440	10
31445	10
31450	10
31455	10
31460	10
31465	10
31470	10
31475	10
31480	10
31485	10
31490	10
31495	10
31500	10
31505	10
31510	10
31515	10
31520	10
31525	10
31530	10
31535	10
31540	10
31545	10
31550	10
31555	10
31560	10
31565	10
31570	10
31575	10
31580	10
31585	10
31590	10
31595	10
31600	10
31605	10
31610	10
31615	10
31620	10
31625	10
31630	10
31635	10
31640	10
31645	10
31650	10
31655	10
31660	10
31665	10
31670	10
31675	10
31680	10
31685	10
31690	10
31695	10
31700	10
31705	10
31710	10
31715	10
31720	10
31725	10
31730	10
31735	10
31740	10
31745	10
31750	10
31755	10
31760	10
31765	10
31770	10
31775	10
31780	10
31785	10
31790	10
31795	10
31800	10
31805	10
31810	10
31815	10
31820	10
31825	10
31830	10
31835	10
31840	10
31845	10
31850	10
31855	10
31860	10
31865	10
31870	10
31875	10
31880	10
31885	10
31890	10
31895	10
31900	10
31905	10
31910	10
31915	10
31920	10
31925	10
31930	10
31935	10
31940	10
31945	10
31950	10
31955	10
31960	10
31965	10
31970	10
31975	10
31980	10
31985	10
31990	10
31995	10
32000	10
32005	10
32010	10
32015	10
32020	10
32025	10
32030	10
32035	10
32040	10
32045	10
32050	10
32055	10
32060	10
32065	10
32070	10
32075	10
32080	10
32085	10
32090	10
32095	10
32100	10
32105	10
32110	10
32115	10
32120	10
32125	10
32130	10
32135	10
32140	10
32145	10
32150	10
32155	10
32160	10
32165	10
32170	10
32175	10
32180	10
32185	10
32190	10
32195	10
32200	10
32205	10
32210	10
32215	10
32220	10
32225	10
32230	10
32235	10
32240	10
32245	10
32250	10
32255	10
32260	10
32265	10
32270	10
32275	10
32280	10
32285	10
32290	10
32295	10
32300	10
32305	10
32310	10
32315	10
32320	10
32325	10
32330	10
32335	10
32340	10
32345	10
32350	10
32355	10
32360	10
32365	10
32370	10
32375	10
32380	10
32385	10
32390	10
32395	10
32400	10
32405	10
32410	10
32415	10
32420	10
32425	10
32430	10
32435	10
32440	10
32445	10
32450	10
32455	10
32460	10
32465	10
32470	10
32475	10
32480	10
32485	10
32490	10
32495	10
32500	10
32505	10
32510	10
32515	10
32520	10
32525	10
32530	10
32535	10
32540	10
32545	10
32550	10
32555	10
32560	10
32565	10
32570	10
32575	10
32580	10
32585	10
32590	10
32595	10
32600	10
32605	10
32610	10
32615	10
32620	10
32625	10
32630	10
32635	10
32640	10
32645	10
32650	10
32655	10
32660	10
32665	10
32670	10
32675	10
32680	10
32685	10
32690	10
32695	10
32700	10
32705	10
32710	10
32715	10
32720	10
32725	10
32730	10
32735	10
32740	10
32745	10
32750	10
32755	10
32760	10
32765	10
32770	10
32775	10
32780	10
32785	10
32790	10
32795	10
32800	10
32805	10
32810	10
32815	10
32820	10
32825	10
32830	10
32835	10
32840	10
32845	10
32850	10
32855	10
32860	10
32865	10
32870	10
32875	10
32880	10
32885	10
32890	10
32895	10
32900	10
32905	10
32910	10
32915	10
32920	10
32925	10
32930	10
32935	10
32940	10
32945	10
32950	10
32955	10
32960	10
32965	10
32970	10
32975	10
32980	10
32985	10
32990	10
32995	10
33000	10
33005	10
33010	10
33015	10
33020	10
33025	10
33030	10
33035	10
33040	10
33045	10
33050	10
33055	10
33060	10
33065	10
33070	10
33075	10
33080	10
33085	10
33090	10
33095	10
33100	10
33105	10
33110	10
33115	10
33120	10
33125	10
33130	10
33135	10
33140	10
33145	10
33150	10
33155	10
33160	10
33165	10
33170	10
33175	10
33180	10
33185	10
33190	10
33195	10
33200	10
33205	10
33210	10
33215	10
33220	10
33225	10
33230	10
33235	10
33240	10
33245	10
33250	10
33255	10
33260	10
33265	10
33270	10
33275	10
33280	10
33285	10
33290	10
33295	10
33300	10
33305	10
33310	10
33315	10
33320	10
33325	10
33330	10
33335	10
33340	10
33345	10
33350	10
33355	10
33360	10
33365	10
33370	10
33375	10
33380	10
33385	10
33390	10
33395	10
33400	10
33405	10
33410	10
33415	10
33420	10
33425	10
33430	10
33435	10
33440	10
33445	10
33450	10
33455	10
33460	10
33465	10
33470	10
33475	10
33480	10
33485	10
33490	10
33495	10
33500	10
33505	10
33510	10
33515	10
33520	10
33525	10
33530	10
33535	10
33540	10
33545	10
33550	10
33555	10
33560	10
33565	10
33570	10
33575	10
33580	10
33585	10
33590	10
33595	10
33600	10
33605	10
33610	10
33615	10
33620	10
33625	10
33630	10
33635	10
33640	10
33645	10
33650	10
33655	10
33660	10
33665	10
33670	10
33675	10
33680	10
33685	10
33690	10
33695	10
33700	10
33705	10
33710	10
33715	10
33720	10
33725	10
33730	10
33735	10
33740	10
33745	10
33750	10
33755	10
33760	10
33765	10
33770	10
33775	10
33780	10
33785	10
33790	10
33795	10
33800	10
33805	10
33810	10
33815	10
33820	10
33825	10
33830	10
33835	10
33840	10
33845	10
33850	10
33855	10
33860	10
33865	10
33870	10
33875	10
33880	10
33885	10
33890	10
33895	10
33900	10
33905	10
33910	10
33915	10
33920	10
33925	10
33930	10
33935	10
33940	10
33945	10
33950	10
33955	10
33960	10
33965	10
33970	10
33975	10
33980	10
33985	10
33990	10
33995	10
34000	10
34005	10
34010	10
34015	10
34020	10
34025	10
34030	10
34035	10
34040	10
34045	10
34050	10
34055	10
34060	10
34065	10
34070	10
34075	10
34080	10
34085	10
34090	10
34095	10
34100	10
34105	10
34110	10
34115	10
34120	10
34125	10
34130	10
34135	10
34140	10
34145	10
34150	10
34155	10
34160	10
34165	10
34170	10
34175	10
34180	10
34185	10
34190	10
34195	10
34200	10
34205	10
34210	10
34215	10
34220	10
34225	10
34230	10
34235	10
34240	10
34245	10
34250	10
34255	10
34260	10
34265	10
34270	10
34275	10
34280	10
34285	10
34290	10
34295	10
34300	10
34305	10
34310	10
34315	10
34320	10
34325	10
34330	10
34335	10
34340	10
34345	10
34350	10
34355	10
34360	10
34365	10
34370	10
34375	10
34380	10
34385	10
34390	10
34395	10
34400	10
34405	10
34410	10
34415	10
34420	10
34425	10
34430	10
34435	10
34440	10
34445	10
34450	10
34455	10
34460	10
34465	10
34470	10
34475	10
34480	10
34485	10
34490	10
34495	10
34500	10
34505	10
34510	10
34515	10
34520	10
34525	10
34530	10
34535	10
34540	10
34545	10
34550	10
34555	10
34560	10
34565	10
34570	10
34575	10
34580	10
34585	10
34590	10
34595	10
34600	10
34605	10
34610	10
34615	10
34620	10
34625	10
34630	10
34635	10
34640	10
34645	10
34650	10
34655	10
34660	10
34665	10
34670	10
34675	10
34680	10
34685	10
34690	10
34695	10
34700	10
34705	10
34710	10
34715	10
34720	10
34725	10
34730	10
34735	10
34740	10
34745	10
34750	10
34755	10
34760	10
34765	10
34770	10
34775	10
34780	10
34785	10
34790	10
34795	10
34800	10
34805	10
34810	10
34815	10
34820	10
34825	10
34830	10
34835	10
34840	10
34845	10
34850	10
34855	10
34860	10
34865	10
34870	10
34875	10
34880	10
34885	10
34890	10
34895	10
34900	10
34905	10
34910	10
34915	10
34920	10
34925	10
34930	10
34935	10
34940	10
34945	10
34950	10
34955	10
34960	10
34965	10
34970	10
34975	10
34980	10
34985	10
34990	10
34995	10
35000	10
35005	10
35010	10
35015	10
35020	10
35025	10
35030	10
35035	10
35040	10
35045	10
35050	10
35055	10
35060	10
35065	10
35070	10
35075	10
35080	10
35085	10
35090	10
35095	10
35100	10
35105	10
35110	10
35115	10
35120	10
35125	10
35130	10
35135	10
35140	10
35145	10
35150	10
35155	10
35160	10
35165	10
35170	10
35175	10
35180	10
35185	10
35190	10
35195	10
35200	10
35205	10
35210	10
35215	10
35220	10
35225	10
35230	10
35235	10
35240	10
35245	10
35250	10
35255	10
35260	10
35265	10
35270	10
35275	10
35280	10
35285	10
35290	10
35295	10
35300	10
35305	10
35310	10
35315	10
35320	10
35325	10
35330	10
35335	10
35340	10
35345	10
35350	10
35355	10
35360	10
35365	10
35370	10
35375	10
35380	10
35385	10
35390	10
35395	10
35400	10
35405	10
35410	10
35415	10
35420	10
35425	10
35430	10
35435	10
35440	10
35445	10
35450	10
35455	10
35460	10
35465	10
35470	10
35475	10
35480	10
35485	10
35490	10
35495	10
35500	10
35505	10
35510	10
35515	10
35520	10
35525	10
35530	10
35535	10
35540	10
35545	10
35550	10
35555	10
35560	10
35565	10
35570	10
35575	10
35580	10
35585	10
35590	10
35595	10
35600	10
35605	10
35610	10
35615	10
35620	10
35625	10
35630	10
35635	10
35640	10
35645	10
35650	10
35655	10
35660	10
35665	10
35670	10
35675	10
35680	10
35685	10
35690	10
35695	10
35700	10
35705	10
35710	10
35715	10
35720	10
35725	10
35730	10
35735	10
35740	10
35745	10
35750	10
35755	10
35760	10
35765	10
35770	10
35775	10
35780	10
35785	10
35790	10
35795	10
35800	10
35805	10
35810	10
35815	10
35820	10
35825	10
35830	10
35835	10
35840	10
35845	10
35850	10
35855	10
35860	10
35865	10
35870	10
35875	10
35880	10
35885	10
35890	10
35895	10
35900	10
35905	10
35910	10
35915	10
35920	10
35925	10
35930	10
35935	10
35940	10
35945	10
35950	10
35955	10
35960	10
35965	10
35970	10
35975	10
35980	10
35985	10
35990	10
35995	10
36000	10
36005	10
36010	10
36015	10
36020	10
36025	10
36030	10
36035	10
36040	10
36045	10
36050	10
36055	10
36060	10
36065	10
36070	10
36075	10
36080	10
36085	10
36090	10
36095	10
36100	10
36105	10
36110	10
36115	10
36120	10
36125	10
36130	10
36135	10
36140	10
36145	10
36150	10
36155	10
36160	10
36165	10
36170	10
36175	10
36180	10
36185	10
36190	10
36195	10
36200	10
36205	10
36210	10
36215	10
36220	10
36225	10
36230	10
36235	10
36240	10
36245	10
36250	10
36255	10
36260	10
36265	10
36270	10
36275	10
36280	10
36285	10
36290	10
36295	10
36300	10
36305	10
36310	10
36315	10
36320	10
36325	10
36330	10
36335	10
36340	10
36345	10
36350	10
36355	10
36360	10
36365	10
36370	10
36375	10
36380	10
36385	10
36390	10
36395	10
36400	10
36405	10
36410	10
36415	10
36420	10
36425	10
36430	10
36435	10
36440	10
36445	10
36450	10
36455	10
36460	10
36465	10
36470	10
36475	10
36480	10
36485	10
36490	10
36495	10
36500	10
36505	10
36510	10
36515	10
36520	10
36525	10
36530	10
36535	10
36540	10
36545	10
36550	10
36555	10
36560	10
36565	10
36570	10
36575	10
36580	10
36585	10
36590	10
36595	10
36600	10
36605	10
36610	10
36615	10
36620	10
36625	10
36630	10
36635	10
36640	10
36645	10
36650	10
36655	10
36660	10
36665	10
36670	10
36675	10
36680	10
36685	10
36690	10
36695	10
36700	10
36705	10
36710	10
36715	10
36720	10
36725	10
36730	10
36735	10
36740	10
36745	10
36750	10
36755	10
36760	10
36765	10
36770	10
36775	10
36780	10
36785	10
36790	10
36795	10
36800	10
36805	10
36810	10
36815	10
36820	10
36825	10
36830	10
36835	10
36840	10
36845	10
36850	10
36855	10
36860	10
36865	10
36870	10
36875	10
36880	10
36885	10
36890	10
36895	10
36900	10
36905	10
36910	10
36915	10
36920	10
36925	10
36930	10
36935	10
36940	10
36945	10
36950	10
36955	10
36960	10
36965	10
36970	10
36975	10
36980	10
36985	10
36990	10
36995	10
37000	10
37005	10
37010	10
37015	10
37020	10
37025	10
37030	10
37035	10
37040	10
37045	10
37050	10
37055	10
37060	10
37065	10
37070	10
37075	10
37080	10
37085	10
37090	10
37095	10
37100	10
37105	10
37110	10
37115	10
37120	10
37125	10
37130	10
37135	10
37140	10
37145	10
37150	10
37155	10
37160	10
37165	10
37170	10
37175	10
37180	10
37185	10
37190	10
37195	10
37200	10
37205	10
37210	10
37215	10
37220	10
37225	10
37230	10
37235	10
37240	10
37245	10
37250	10
37255	10
37260	10
37265	10
37270	10
37275	10
37280	10
37285	10
37290	10
37295	10
37300	10
37305	10
37310	10
37315	10
37320	10
37325	10
37330	10
37335	10
37340	10
37345	10
37350	10
37355	10
37360	10
37365	10
37370	10
37375	10
37380	10
37385	10
37390	10
37395	10
37400	10
37405	10
37410	10
37415	10
37420	10
37425	10
37430	10
37435	10
37440	10
37445	10
37450	10
37455	10
37460	10
37465	10
37470	10
37475	10
37480	10
37485	10
37490	10
37495	10
37500	10
37505	10
37510	10
37515	10
37520	10
37525	10
37530	10
37535	10
37540	10
37545	10
37550	10
37555	10
37560	10
37565	10
37570	10
37575	10
37580	10
37585	10
37590	10
37595	10
37600	10
37605	10
37610	10
37615	10
37620	10
37625	10
37630	10
37635	10
37640	10
37645	10
37650	10
37655	10
37660	10
37665	10
37670	10
37675	10
37680	10
37685	10
37690	10
37695	10
37700	10
37705	10
37710	10
37715	10
37720	10
37725	10
37730	10
37735	10
37740	10
37745	10
37750	10
37755	10
37760	10
37765	10
37770	10
37775	10
37780	10
37785	10
37790	10
37795	10
37800	10
37805	10
37810	10
37815	10
37820	10
37825	10
37830	10
37835	10
37840	10
37845	10
37850	10
37855	10
37860	10
37865	10
37870	10
37875	10
37880	10
37885	10
37890	10
37895	10
37900	10
37905	10
37910	10
37915	10
37920	10
37925	10
37930	10
37935	10
37940	10
37945	10
37950	10
37955	10
37960	10
37965	10
37970	10
37975	10
37980	10
37985	10
37990	10
37995	10
38000	10
38005	10
38010	10
38015	10
38020	10
38025	10
38030	10
38035	10
38040	10
38045	10
38050	10
38055	10
38060	10
38065	10
38070	10
38075	10
38080	10
38085	10
38090	10
38095	10
38100	10
38105	10
38110	10
38115	10
38120	10
38125	10
38130	10
38135	10
38140	10
38145	10
38150	10
38155	10
38160	10
38165	10
38170	10
38175	10
38180	10
38185	10
38190	10
38195	10
38200	10
38205	10
38210	10
38215	10
38220	10
38225	10
38230	10
38235	10
38240	10
38245	10
38250	10
38255	10
38260	10
38265	10
38270	10
38275	10
38280	10
38285	10
38290	10
38295	10
38300	10
38305	10
38310	10
38315	10
38320	10
38325	10
38330	10
38335	10
38340	10
38345	10
38350	10
38355	10
38360	10
38365	10
38370	10
38375	10
38380	10
38385	10
38390	10
38395	10
38400	10
38405	10
38410	10
38415	10
38420	10
38425	10
38430	10
38435	10
38440	10
38445	10
38450	10
38455	10
38460	10
38465	10
38470	10
38475	10
38480	10
38485	10
38490	10
38495	10
38500	10
38505	10
38510	10
38515	10
38520	10
38525	10
38530	10
38535	10
38540	10
38545	10
38550	10
38555	10
38560	10
38565	10
38570	10
38575	10
38580	10
38585	10
38590	10
38595	10
38600	10
38605	10
38610	10
38615	10
38620	10
38625	10
38630	10
38635	10
38640	10
38645	10
38650	10
38655	10
38660	10
38665	10
38670	10
38675	10
38680	10
38685	10
38690	10
38695	10
38700	10
38705	10
38710	10
38715	10
38720	10
38725	10
38730	10
38735	10
38740	10
38745	10
38750	10
38755	10
38760	10
38765	10
38770	10
38775	10
38780	10
38785	10
38790	10
38795	10
38800	10
38805	10
38810	10
38815	10
38820	10
38825	10
38830	10
38835	10
38840	10
38845	10
38850	10
38855	10
38860	10
38865	10
38870	10
38875	10
38880	10
38885	10
38890	10
38895	10
38900	10
38905	10
38910	10
38915	10
38920	10
38925	10
38930	10
38935	10
38940	10
38945	10
38950	10
38955	10
38960	10
38965	10
38970	10
38975	10
38980	10
38985	10
38990	10
38995	10
39000	10
39005	10
39010	10
39015	10
39020	10
39025	10
39030	10
39035	10
39040	10
39045	10
39050	10
39055	10
39060	10
39065	10
39070	10
39075	10
39080	10
39085	10
39090	10
39095	10
39100	10
39105	10
39110	10
39115	10
39120	10
39125	10
39130	10
39135	10
39140	10
39145	10
39150	10
39155	10
39160	10
39165	10
39170	10
39175	10
39180	10
39185	10
39190	10
39195	10
39200	10
39205	10
39210	10
39215	10
39220	10
39225	10
39230	10
39235	10
39240	10
39245	10
39250	10
39255	10
39260	10
39265	10
39270	10
39275	10
39280	10
39285	10
39290	10
39295	10
39300	10
39305	10
39310	10
39315	10
39320	10
39325	10
39330	10
39335	10
39340	10
39345	10
39350	10
39355	10
39360	10
39365	10
39370	10
39375	10
39380	10
39385	10
39390	10
39395	10
39400	10
39405	10
39410	10
39415	10
39420	10
39425	10
39430	10
39435	10
39440	10
39445	10
39450	10
39455	10
39460	10
39465	10
39470	10
39475	10
39480	10
39485	10
39490	10
39495	10
39500	10
39505	10
39510	10
39515	10
39520	10
39525	10
39530	10
39535	10
39540	10
39545	10
39550	10
39555	10
39560	10
39565	10
39570	10
39575	10
39580	10
39585	10
39590	10
39595	10
39600	10
39605	10
39610	10
39615	10
39620	10
39625	10
39630	10
39635	10
39640	10
39645	10
39650	10
39655	10
39660	10
39665	10
39670	10
39675	10
39680	10
39685	10
39690	10
39695	10
39700	10
39705	10
39710	10
39715	10
39720	10
39725	10
39730	10
39735	10
39740	10
39745	10
39750	10
39755	10
39760	10
39765	10
39770	10
39775	10
39780	10
39785	10
39790	10
39795	10
39800	10
39805	10
39810	10
39815	10
39820	10
39825	10
39830	10
39835	10
39840	10
39845	10
39850	10
39855	10
39860	10
39865	10
39870	10
39875	10
39880	10
39885	10
39890	10
39895	10
39900	10
39905	10
39910	10
39915	10
39920	10
39925	10
39930	10
39935	10
39940	10
39945	10
39950	10
39955	10
39960	10
39965	10
39970	10
39975	10
39980	10
39985	10
39990	10
39995	10
40000	10
40005	10
40010	10
40015	10
40020	10
40025	10
40030	10
40035	10
40040	10
40045	10
40050	10
40055	10
40060	10
40065	10
40070	10
40075	10
40080	10
40085	10
40090	10
40095	10
40100	10
40105	10
40110	10
40115	10
40120	10
40125	10
40130	10
40135	10
40140	10
40145	10
40150	10
40155	10
40160	10
40165	10
40170	10
40175	10
40180	10
40185	10
40190	10
40195	10
40200	10
40205	10
40210	10
40215	10
40220	10
40225	10
40230	10
40235	10
40240	10
40245	10
40250	10
40255	10
40260	10
40265	10
40270	10
40275	10
40280	10
40285	10
40290	10
40295	10
40300	10
40305	10
40310	10
40315	10
40320	10
40325	10
40330	10
40335	10
40340	10
40345	10
40350	10
40355	10
40360	10
40365	10
40370	10
40375	10
40380	10
40385	10
40390	10
40395	10
40400	10
40405	10
40410	10
40415	10
40420	10
40425	10
40430	10
40435	10
40440	10
40445	10
40450	10
40455	10
40460	10
40465	10
40470	10
40475	10
40480	10
40485	10
40490	10
40495	10
40500	10
40505	10
40510	10
40515	10
40520	10
40525	10
40530	10
40535	10
40540	10
40545	10
40550	10
40555	10
40560	10
40565	10
40570	10
40575	10
40580	10
40585	10
40590	10
40595	10
40600	10
40605	10
40610	10
40615	10
40620	10
40625	10
40630	10
40635	10
40640	10
40645	10
40650	10
40655	10
40660	10
40665	10
40670	10
40675	10
40680	10
40685	10
40690	10
40695	10
40700	10
40705	10
40710	10
40715	10
40720	10
40725	10
40730	10
40735	10
40740	10
40745	10
40750	10
40755	10
40760	10
40765	10
40770	10
40775	10
40780	10
40785	10
40790	10
40795	10
40800	10
40805	10
40810	10
40815	10
40820	10
40825	10
40830	10
40835	10
40840	10
40845	10
40850	10
40855	10
40860	10
40865	10
40870	10
40875	10
40880	10
40885	10
40890	10
40895	10
40900	10
40905	10
40910	10
40915	10
40920	10
40925	10
40930	10
40935	10
40940	10
40945	10
40950	10
40955	10
40960	10
40965	10
40970	10
40975	10
40980	10
40985	10
40990	10
40995	10
41000	10
41005	10
41010	10
41015	10
41020	10
41025	10
41030	10
41035	10
41040	10
41045	10
41050	10
41055	10
41060	10
41065	10
41070	10
41075	10
41080	10
41085	10
41090	10
41095	10
41100	10
41105	10
41110	10
41115	10
41120	10
41125	10
41130	10
41135	10
41140	10
41145	10
41150	10
41155	10
41160	10
41165	10
41170	10
41175	10
41180	10
41185	10
41190	10
41195	10
41200	10
41205	10
41210	10
41215	10
41220	10
41225	10
41230	10
41235	10
41240	10
41245	10
41250	10
41255	10
41260	10
41265	10
41270	10
41275	10
41280	10
41285	10
41290	10
41295	10
41300	10
41305	10
41310	10
41315	10
41320	10
41325	10
41330	10
41335	10
41340	10
41345	10
41350	10
41355	10
41360	10
41365	10
41370	10
41375	10
41380	10
41385	10
41390	10
41395	10
41400	10
41405	10
41410	10
41415	10
41420	10
41425	10
41430	10
41435	10
41440	10
41445	10
41450	10
41455	10
41460	10
41465	10
41470	10
41475	10
41480	10
41485	10
41490	10
41495	10
41500	10
41505	10
41510	10
41515	10
41520	10
41525	10
41530	10
41535	10
41540	10
41545	10
41550	10
41555	10
41560	10
41565	10
41570	10
41575	10
41580	10
41585	10
41590	10
41595	10
41600	10
41605	10
41610	10
41615	10
41620	10
41625	10
41630	10
41635	10
41640	10
41645	10
41650	10
41655	10
41660	10
41665	10
41670	10
41675	10
41680	10
41685	10
41690	10
41695	10
41700	10
41705	10
41710	10
41715	10
41720	10
41725	10
41730	10
41735	10
41740	10
41745	10
41750	10
41755	10
41760	10
41765	10
41770	10
41775	10
41780	10
41785	10
41790	10
41795	10
41800	10
41805	10
41810	10
41815	10
41820	10
41825	10
41830	10
41835	10
41840	10
41845	10
41850	10
41855	10
41860	10
41865	10
41870	10
41875	10
41880	10
41885	10
41890	10
41895	10
41900	10
41905	10
41910	10
41915	10
41920	10
41925	10
41930	10
41935	10
41940	10
41945	10
41950	10
41955	10
41960	10
41965	10
41970	10
41975	10
41980	10
41985	10
41990	10
41995	10
42000	10
42005	10
42010	10
42015	10
42020	10
42025	10
42030	10
42035	10
42040	10
42045	10
42050	10
42055	10
42060	10
42065	10
42070	10
42075	10
42080	10
42085	10
42090	10
42095	10
42100	10
42105	10
42110	10
42115	10
42120	10
42125	10
42130	10
42135	10
42140	10
42145	10
42150	10
42155	10
42160	10
42165	10
42170	10
42175	10
42180	10
42185	10
42190	10
42195	10
42200	10
42205	10
42210	10
42215	10
42220	10
42225	10
42230	10
42235	10
42240	10
42245	10
42250	10
42255	10
42260	10
42265	10
42270	10
42275	10
42280	10
42285	10
42290	10
42295	10
42300	10
42305	10
42310	10
42315	10
42320	10
42325	10
42330	10
42335	10
42340	10
42345	10
42350	10
42355	10
42360	10
42365	10
42370	10
42375	10
42380	10
42385	10
42390	10
42395	10
42400	10
42405	10
42410	10
42415	10
42420	10
42425	10
42430	10
42435	10
42440	10
42445	10
42450	10
42455	10
42460	10
42465	10
42470	10
42475	10
42480	10
42485	10
42490	10
42495	10
42500	10
42505	10
42510	10
42515	10
42520	10
42525	10
42530	10
42535	10
42540	10
42545	10
42550	10
42555	10
42560	10
42565	10
42570	10
42575	10
42580	10
42585	10
42590	10
42595	10
42600	10
42605	10
42610	10
42615	10
42620	10
42625	10
42630	10
42635	10
42640	10
42645	10
42650	10
42655	10
42660	10
42665	10
42670	10
42675	10
42680	10
42685	10
42690	10
42695	10
42700	10
42705	10
42710	10
42715	10
42720	10
42725	10
42730	10
42735	10
42740	10
42745	10
42750	10
42755	10
42760	10
42765	10
42770	10
42775	10
42780	10
42785	10
42790	10
42795	10
42800	10
42805	10
42810	10
42815	10
42820	10
42825	10
42830	10
42835	10
42840	10
42845	10
42850	10
42855	10
42860	10
42865	10
42870	10
42875	10
42880	10
42885	10
42890	10
42895	10
42900	10
42905	10
42910	10
42915	10
42920	10
42925	10
42930	10
42935	10
42940	10
42945	10
42950	10
42955	10
42960	10
42965	10
42970	10
42975	10
42980	10
42985	10
42990	10
42995	10
43000	10
43005	10
43010	10
43015	10
43020	10
43025	10
43030	10
43035	10
43040	10
43045	10
43050	10
43055	10
43060	10
43065	10
43070	10
43075	10
43080	10
43085	10
43090	10
43095	10
43100	10
43105	10
43110	10
43115	10
43120	10
43125	10
43130	10
43135	10
43140	10
43145	10
43150	10
43155	10
43160	10
43165	10
43170	10
43175	10
43180	10
43185	10
43190	10
43195	10
43200	10
43205	10
43210	10
43215	10
43220	10
43225	10
43230	10
43235	10
43240	10
43245	10
43250	10
43255	10
43260	10
43265	10
43270	10
43275	10
43280	10
43285	10
43290	10
43295	10
43300	10
43305	10
43310	10
43315	10
43320	10
43325	10
43330	10
43335	10
43340	10
43345	10
43350	10
43355	10
43360	10
43365	10
43370	10
43375	10
43380	10
43385	10
43390	10
43395	10
43400	10
43405	10
43410	10
43415	10
43420	10
43425	10
43430	10
43435	10
43440	10
43445	10
43450	10
43455	10
43460	10
43465	10
43470	10
43475	10
43480	10
43485	10
43490	10
43495	10
43500	10
43505	10
43510	10
43515	10
43520	10
43525	10
43530	10
43535	10
43540	10
43545	10
43550	10
43555	10
43560	10
43565	10
43570	10
43575	10
43580	10
43585	10
43590	10
43595	10
43600	10
43605	10
43610	10
43615	10
43620	10
43625	10
43630	10
43635	10
43640	10
43645	10
43650	10
43655	10
43660	10
43665	10
43670	10
43675	10
43680	10
43685	10
43690	10
43695	10
43700	10
43705	10
43710	10
43715	10
43720	10
43725	10
43730	10
43735	10
43740	10
43745	10
43750	10
43755	10
43760	10
43765	10
43770	10
43775	10
43780	10
43785	10
43790	10
43795	10
43800	10
43805	10
43810	10
43815	10
43820	10
43825	10
43830	10
43835	10
43840	10
43845	10
43850	10
43855	10
43860	10
43865	10
43870	10
43875	10
43880	10
43885	10
43890	10
43895	10
43900	10
43905	10
43910	10
43915	10
43920	10
43925	10
43930	10
43935	10
43940	10
43945	10
43950	10
43955	10
43960	10
43965	10
43970	10
43975	10
43980	10
43985	10
43990	10
43995	10
44000	10
44005	10
44010	10
44015	10
44020	10
44025	10
44030	10
44035	10
44040	10
44045	10
44050	10
44055	10
44060	10
44065	10
44070	10
44075	10
44080	10
44085	10
44090	10
44095	10
44100	10
44105	10
44110	10
44115	10
44120	10
44125	10
44130	10
44135	10
44140	10
44145	10
44150	10
44155	10
44160	10
44165	10
44170	10
44175	10
44180	10
44185	10
44190	10
44195	10
44200	10
44205	10
44210	10
44215	10
44220	10
44225	10
44230	10
44235	10
44240	10
44245	10
44250	10
44255	10
44260	10
44265	10
44270	10
44275	10
44280	10
44285	10
44290	10
44295	10
44300	10
44305	10
44310	10
44315	10
44320	10
44325	10
44330	10
44335	10
44340	10
44345	10
44350	10
44355	10
44360	10
44365	10
44370	10
44375	10
44380	10
44385	10
44390	10
44395	10
44400	10
44405	10
44410	10
44415	10
44420	10
44425	10
44430	10
44435	10
44440	10
44445	10
44450	10
44455	10
44460	10
44465	10
44470	10
44475	10
44480	10
44485	10
44490	10
44495	10
44500	10
44505	10
44510	10
44515	10
44520	10
44525	10
44530	10
44535	10
44540	10
44545	10
44550	10
44555	10
44560	10
44565	10
44570	10
44575	10
44580	10
44585	10
44590	10
44595	10
44600	10
44605	10
44610	10
44615	10
44620	10
44625	10
44630	10
44635	10
44640	10
44645	10
44650	10
44655	10
44660	10
44665	10
44670	10
44675	10
44680	10
44685	10
44690	10
44695	10
44700	10
44705	10
44710	10
44715	10
44720	10
44725	10
44730	10
44735	10
44740	10
44745	10
44750	10
44755	10
44760	10
44765	10
44770	10
44775	10
44780	10
44785	10
44790	10
44795	10
44800	10
44805	10
44810	10
44815	10
44820	10
44825	10
44830	10
44835	10
44840	10
44845	10
44850	10
44855	10
44860	10
44865	10
44870	10
44875	10
44880	10
44885	10
44890	10
44895	10
44900	10
44905	10
44910	10
44915	10
44920	10
44925	10
44930	10
44935	10
44940	10
44945	10
44950	10
44955	10
44960	10
44965	10
44970	10
44975	10
44980	10
44985	10
44990	10
44995	10
45000	10
45005	10
45010	10
45015	10
45020	10
45025	10
45030	10
45035	10
45040	10
45045	10
45050	10
45055	10
45060	10
45065	10
45070	10
45075	10
45080	10
45085	10
45090	10
45095	10
45100	10
45105	10
45110	10
45115	10
45120	10
45125	10
45130	10
45135	10
45140	10
45145	10
45150	10
45155	10
45160	10
45165	10
45170	10
45175	10
45180	10
45185	10
45190	10
45195	10
45200	10
45205	10
45210	10
45215	10
45220	10
45225	10
45230	10
45235	10
45240	10
45245	10
45250	10
45255	10
45260	10
45265	10
45270	10
45275	10
45280	10
45285	10
45290	10
45295	10
45300	10
45305	10
45310	10
45315	10
45320	10
45325	10
45330	10
45335	10
45340	10
45345	10
45350	10
45355	10
45360	10
45365	10
45370	10
45375	10
45380	10
45385	10
45390	10
45395	10
45400	10
45405	10
45410	10
45415	10
45420	10
45425	10
45430	10
45435	10
45440	10
45445	10
45450	10
45455	10
45460	10
45465	10
45470	10
45475	10
45480	10
45485	10
45490	10
45495	10
45500	10
45505	10
45510	10
45515	10
45520	10
45525	10
45530	10
45535	10
45540	10
45545	10
45550	10
45555	10
45560	10
45565	10
45570	10
45575	10
45580	10
45585	10
45590	10
45595	10
45600	10
45605	10
45610	10
45615	10
45620	10
45625	10
45630	10
45635	10
45640	10
45645	10
45650	10
45655	10
45660	10
45665	10
45670	10
45675	10
45680	10
45685	10
45690	10
45695	10
45700	10
45705	10
45710	10
45715	10
45720	10
45725	10
45730	10
45735	10
45740	10
45745	10
45750	10
45755	10
45760	10
45765	10
45770	10
45775	10
45780	10
45785	10
45790	10
45795	10
45800	10
45805	10
45810	10
45815	10
45820	10
45825	10
45830	10
45835	10
45840	10
45845	10
45850	10
45855	10
45860	10
45865	10
45870	10
45875	10
45880	10
45885	10
45890	10
45895	10
45900	10
45905	10
45910	10
45915	10
45920	10
45925	10
45930	10
45935	10
45940	10
45945	10
45950	10
45955	10
45960	10
45965	10
45970	10
45975	10
45980	10
45985	10
45990	10
45995	10
46000	10
46005	10
46010	10
46015	10
46020	10
46025	10
46030	10
46035	10
46040	10
46045	10
46050	10
46055	10
46060	10
46065	10
46070	10
46075	10
46080	10
46085	10
46090	10
46095	10
46100	10
46105	10
46110	10
46115	10
46120	10
46125	10
46130	10
46135	10
46140	10
46145	10
46150	10
46155	10
46160	10
46165	10
46170	10
46175	10
46180	10
46185	10
46190	10
46195	10
46200	10
46205	10
46210	10
46215	10
46220	10
46225	10
46230	10
46235	10
46240	10
46245	10
46250	10
46255	10
46260	10
46265	10
46270	10
46275	10
46280	10
46285	10
46290	10
46295	10
46300	10
46305	10
46310	10
46315	10
46320	10
46325	10
46330	10
46335	10
46340	10
46345	10
46350	10
46355	10
46360	10
46365	10
46370	10
46375	10
46380	10
46385	10
46390	10
46395	10
46400	10
46405	10
46410	10
46415	10
46420	10
46425	10
46430	10
46435	10
46440	10
46445	10
46450	10
46455	10
46460	10
46465	10
46470	10
46475	10
46480	10
46485	10
46490	10
46495	10
46500	10
46505	10
46510	10
46515	10
46520	10
46525	10
46530	10
46535	10
46540	10
46545	10
46550	10
46555	10
46560	10
46565	10
46570	10
46575	10
46580	10
46585	10
46590	10
46595	10
46600	10
46605	10
46610	10
46615	10
46620	10
46625	10
46630	10
46635	10
46640	10
46645	10
46650	10
46655	10
46660	10
46665	10
46670	10
46675	10
46680	10
46685	10
46690	10
46695	10
46700	10
46705	10
46710	10
46715	10
46720	10
46725	10
46730	10
46735	10
46740	10
46745	10
46750	10
46755	10
46760	10
46765	10
46770	10
46775	10
46780	10
46785	10
46790	10
46795	10
46800	10
46805	10
46810	10
46815	10
46820	10
46825	10
46830	10
46835	10
46840	10
46845	10
46850	10
46855	10
46860	10
46865	10
46870	10
46875	10
46880	10
46885	10
46890	10
46895	10
46900	10
46905	10
46910	10
46915	10
46920	10
46925	10
46930	10
46935	10
46940	10
46945	10
46950	10
46955	10
46960	10
46965	10
46970	10
46975	10
46980	10
46985	10
46990	10
46995	10
47000	10
47005	10
47010	10
47015	10
47020	10
47025	10
47030	10
47035	10
47040	10
47045	10
47050	10
47055	10
47060	10
47065	10
47070	10
47075	10
47080	10
47085	10
47090	10
47095	10
47100	10
47105	10
47110	10
47115	10
47120	10
47125	10
47130	10
47135	10
47140	10
47145	10
47150	10
47155	10
47160	10
47165	10
47170	10
47175	10
47180	10
47185	10
47190	10
47195	10
47200	10
47205	10
47210	10
47215	10
47220	10
47225	10
47230	10
47235	10
47240	10
47245	10
47250	10
47255	10
47260	10
47265	10
47270	10
47275	10
47280	10
47285	10
47290	10
47295	10
47300	10
47305	10
47310	10
47315	10
47320	10
47325	10
47330	10
47335	10
47340	10
47345	10
47350	10
47355	10
47360	10
47365	10
47370	10
47375	10
47380	10
47385	10
47390	10
47395	10
47400	10
47405	10
47410	10
47415	10
47420	10
47425	10
47430	10
47435	10
47440	10
47445	10
47450	10
47455	10
47460	10
47465	10
47470	10
47475	10
47480	10
47485	10
47490	10
47495	10
47500	10
47505	10
47510	10
47515	10
47520	10
47525	10
47530	10
47535	10
47540	10
47545	10
47550	10
47555	10
47560	10
47565	10
47570	10
47575	10
47580	10
47585	10
47590	10
47595	10
47600	10
47605	10
47610	10
47615	10
47620	10
47625	10
47630	10
47635	10
47640	10
47645	10
47650	10
47655	10
47660	10
47665	10
47670	10
47675	10
47680	10
47685	10
47690	10
47695	10
47700	10
47705	10
47710	10
47715	10
47720	10
47725	10
47730	10
47735	10
47740	10
47745	10
47750	10
47755	10
47760	10
47765	10
47770	10
47775	10
47780	10
47785	10
47790	10
47795	10
47800	10
47805	10
47810	10
47815	10
47820	10
47825	10
47830	10
47835	10
47840	10
47845	10
47850	10
47855	10
47860	10
47865	10
47870	10
47875	10
47880	10
47885	10
47890	10
47895	10
47900	10
47905	10
47910	10
47915	10
47920	10
47925	10
47930	10
47935	10
47940	10
47945	10
47950	10
47955	10
47960	10
47965	10
47970	10
47975	10
47980	10
47985	10
47990	10
47995	10
48000	10
48005	10
48010	10
48015	10
48020	10
48025	10
48030	10
48035	10
48040	10
48045	10
48050	10
48055	10
48060	10
48065	10
48070	10
48075	10
48080	10
48085	10
48090	10
48095	10
48100	10
48105	10
48110	10
48115	10
48120	10
48125	10
48130	10
48135	10
48140	10
48145	10
48150	10
48155	10
48160	10
48165	10
48170	10
48175	10
48180	10
48185	10
48190	10
48195	10
48200	10
48205	10
48210	10
48215	10
48220	10
48225	10
48230	10
48235	10
48240	10
48245	10
48250	10
48255	10
48260	10
48265	10
48270	10
48275	10
48280	10
48285	10
48290	10
48295	10
48300	10
48305	10
48310	10
48315	10
48320	10
48325	10
48330	10
48335	10
48340	10
48345	10
48350	10
48355	10
48360	10
48365	10
48370	10
48375	10
48380	10
48385	10
48390	10
48395	10
48400	10
48405	10
48410	10
48415	10
48420	10
48425	10
48430	10
48435	10
48440	10
48445	10
48450	10
48455	10
48460	10
48465	10
48470	10
48475	10
48480	10
48485	10
48490	10
48495	10
48500	10
48505	10
48510	10
48515	10
48520	10
48525	10
48530	10
48535	10
48540	10
48545	10
48550	10
48555	10
48560	10
48565	10
48570	10
48575	10
48580	10
48585	10
48590	10
48595	10
48600	10
48605	10
48610	10
48615	10
48620	10
48625	10
48630	10
48635	10
48640	10
48645	10
48650	10
48655	10
48660	10
48665	10
48670	10
48675	10
48680	10
48685	10
48690	10
48695	10
48700	10
48705	10
48710	10
48715	10
48720	10
48725	10
48730	10
48735	10
48740	10
48745	10
48750	10
48755	10
48760	10
48765	10
48770	10
48775	10
48780	10
48785	10
48790	10
48795	10
48800	10
48805	10
48810	10
48815	10
48820	10
48825	10
48830	10
48835	10
48840	10
48845	10
48850	10
48855	10
48860	10
48865	10
48870	10
48875	10
48880	10
48885	10
48890	10
48895	10
48900	10
48905	10
48910	10
48915	10
48920	10
48925	10
48930	10
48935	10
48940	10
48945	10
48950	10
48955	10
48960	10
48965	10
48970	10
48975	10
48980	10
48985	10
48990	10
48995	10
49000	10
49005	10
49010	10
49015	10
49020	10
49025	10
49030	10
49035	10
49040	10
49045	10
49050	10
49055	10
49060	10
49065	10
49070	10
49075	10
49080	10
49085	10
49090	10
49095	10
49100	10
49105	10
49110	10
49115	10
49120	10
49125	10
49130	10
49135	10
49140	10
49145	10
49150	10
49155	10
49160	10
49165	10
49170	10
49175	10
49180	10
49185	10
49190	10
49195	10
49200	10
49205	10
49210	10
49215	10
49220	10
49225	10
49230	10
49235	10
49240	10
49245	10
49250	10
49255	10
49260	10
49265	10
49270	10
49275	10
49280	10
49285	10
49290	10
49295	10
49300	10
49305	10
49310	10
49315	10
49320	10
49325	10
49330	10
49335	10
49340	10
49345	10
49350	10
49355	10
49360	10
49365	10
49370	10
49375	10
49380	10
49385	10
49390	10
49395	10
49400	10
49405	10
49410	10
49415	10
49420	10
49425	10
49430	10
49435	10
49440	10
49445	10
49450	10
49455	10
49460	10
49465	10
49470	10
49475	10
49480	10
49485	10
49490	10
49495	10
49500	10
49505	10
49510	10
49515	10
49520	10
49525	10
49530	10
49535	10
49540	10
49545	10
49550	10
49555	10
49560	10
49565	10
49570	10
49575	10
49580	10
49585	10
49590	10
49595	10
49600	10
49605	10
49610	10
49615	10
49620	10
49625	10
49630	10
49635	10
49640	10
49645	10
49650	10
49655	10
49660	10
49665	10
49670	10
49675	10
49680	10
49685	10
49690	10
49695	10
49700	10
49705	10
49710	10
49715	10
49720	10
49725	10
49730	10
49735	10
49740	10
49745	10
49750	10
49755	10
49760	10
49765	10
49770	10
49775	10
49780	10
49785	10
49790	10
49795	10
49800	10
49805	10
49810	10
49815	10
49820	10
49825	10
49830	10
49835	10
49840	10
49845	10
49850	10
49855	10
49860	10
49865	10
49870	10
49875	10
49880	10
49885	10
49890	10
49895	10
49900	10
49905	10
49910	10
49915	10
49920	10
49925	10
49930	10
49935	10
49940	10
49945	10
49950	10
49955	10
49960	10
49965	10
49970	10
49975	10
49980	10
49985	10
49990	10
49995	10
50000	10
