0	100
0	100
0	100
0	100
0	100
0	100
0	100
0	100
0	100
0	100
3	100
3	100
3	100
3	100
3	100
3	100
3	100
3	100
3	100
3	100
6	100
6	100
6	100
6	100
6	100
6	100
6	100
6	100
6	100
6	100
9	100
9	100
9	100
9	100
9	100
9	100
9	100
9	100
9	100
9	100
12	100
12	100
12	100
12	100
12	100
12	100
12	100
12	100
12	100
12	100
15	100
15	100
15	100
15	100
15	100
15	100
15	100
15	100
15	100
15	100
18	100
18	100
18	100
18	100
18	100
18	100
18	100
18	100
18	100
18	100
21	100
21	100
21	100
21	100
21	100
21	100
21	100
21	100
21	100
21	100
24	100
24	100
24	100
24	100
24	100
24	100
24	100
24	100
24	100
24	100
27	100
27	100
27	100
27	100
27	100
27	100
27	100
27	100
27	100
27	100
30	100
30	100
30	100
30	100
30	100
30	100
30	100
30	100
30	100
30	100
33	100
33	100
33	100
33	100
33	100
33	100
33	100
33	100
33	100
33	100
36	100
36	100
36	100
36	100
36	100
36	100
36	100
36	100
36	100
36	100
39	100
39	100
39	100
39	100
39	100
39	100
39	100
39	100
39	100
39	100
42	100
42	100
42	100
42	100
42	100
42	100
42	100
42	100
42	100
42	100
45	100
45	100
45	100
45	100
45	100
45	100
45	100
45	100
45	100
45	100
48	100
48	100
48	100
48	100
48	100
48	100
48	100
48	100
48	100
48	100
51	100
51	100
51	100
51	100
51	100
51	100
51	100
51	100
51	100
51	100
54	100
54	100
54	100
54	100
54	100
54	100
54	100
54	100
54	100
54	100
57	100
57	100
57	100
57	100
57	100
57	100
57	100
57	100
57	100
57	100
60	100
60	100
60	100
60	100
60	100
60	100
60	100
60	100
60	100
60	100
63	100
63	100
63	100
63	100
63	100
63	100
63	100
63	100
63	100
63	100
66	100
66	100
66	100
66	100
66	100
66	100
66	100
66	100
66	100
66	100
69	100
69	100
69	100
69	100
69	100
69	100
69	100
69	100
69	100
69	100
72	100
72	100
72	100
72	100
72	100
72	100
72	100
72	100
72	100
72	100
75	100
75	100
75	100
75	100
75	100
75	100
75	100
75	100
75	100
75	100
78	100
78	100
78	100
78	100
78	100
78	100
78	100
78	100
78	100
78	100
81	100
81	100
81	100
81	100
81	100
81	100
81	100
81	100
81	100
81	100
84	100
84	100
84	100
84	100
84	100
84	100
84	100
84	100
84	100
84	100
87	100
87	100
87	100
87	100
87	100
87	100
87	100
87	100
87	100
87	100
90	100
90	100
90	100
90	100
90	100
90	100
90	100
90	100
90	100
90	100
93	100
93	100
93	100
93	100
93	100
93	100
93	100
93	100
93	100
93	100
96	100
96	100
96	100
96	100
96	100
96	100
96	100
96	100
96	100
96	100
99	100
99	100
99	100
99	100
99	100
99	100
99	100
99	100
99	100
99	100
102	100
102	100
102	100
102	100
102	100
102	100
102	100
102	100
102	100
102	100
105	100
105	100
105	100
105	100
105	100
105	100
105	100
105	100
105	100
105	100
108	100
108	100
108	100
108	100
108	100
108	100
108	100
108	100
108	100
108	100
111	100
111	100
111	100
111	100
111	100
111	100
111	100
111	100
111	100
111	100
114	100
114	100
114	100
114	100
114	100
114	100
114	100
114	100
114	100
114	100
117	100
117	100
117	100
117	100
117	100
117	100
117	100
117	100
117	100
117	100
120	100
120	100
120	100
120	100
120	100
120	100
120	100
120	100
120	100
120	100
123	100
123	100
123	100
123	100
123	100
123	100
123	100
123	100
123	100
123	100
126	100
126	100
126	100
126	100
126	100
126	100
126	100
126	100
126	100
126	100
129	100
129	100
129	100
129	100
129	100
129	100
129	100
129	100
129	100
129	100
132	100
132	100
132	100
132	100
132	100
132	100
132	100
132	100
132	100
132	100
135	100
135	100
135	100
135	100
135	100
135	100
135	100
135	100
135	100
135	100
138	100
138	100
138	100
138	100
138	100
138	100
138	100
138	100
138	100
138	100
141	100
141	100
141	100
141	100
141	100
141	100
141	100
141	100
141	100
141	100
144	100
144	100
144	100
144	100
144	100
144	100
144	100
144	100
144	100
144	100
147	100
147	100
147	100
147	100
147	100
147	100
147	100
147	100
147	100
147	100
150	100
150	100
150	100
150	100
150	100
150	100
150	100
150	100
150	100
150	100
153	100
153	100
153	100
153	100
153	100
153	100
153	100
153	100
153	100
153	100
156	100
156	100
156	100
156	100
156	100
156	100
156	100
156	100
156	100
156	100
159	100
159	100
159	100
159	100
159	100
159	100
159	100
159	100
159	100
159	100
162	100
162	100
162	100
162	100
162	100
162	100
162	100
162	100
162	100
162	100
165	100
165	100
165	100
165	100
165	100
165	100
165	100
165	100
165	100
165	100
168	100
168	100
168	100
168	100
168	100
168	100
168	100
168	100
168	100
168	100
171	100
171	100
171	100
171	100
171	100
171	100
171	100
171	100
171	100
171	100
174	100
174	100
174	100
174	100
174	100
174	100
174	100
174	100
174	100
174	100
177	100
177	100
177	100
177	100
177	100
177	100
177	100
177	100
177	100
177	100
180	100
180	100
180	100
180	100
180	100
180	100
180	100
180	100
180	100
180	100
183	100
183	100
183	100
183	100
183	100
183	100
183	100
183	100
183	100
183	100
186	100
186	100
186	100
186	100
186	100
186	100
186	100
186	100
186	100
186	100
189	100
189	100
189	100
189	100
189	100
189	100
189	100
189	100
189	100
189	100
192	100
192	100
192	100
192	100
192	100
192	100
192	100
192	100
192	100
192	100
195	100
195	100
195	100
195	100
195	100
195	100
195	100
195	100
195	100
195	100
198	100
198	100
198	100
198	100
198	100
198	100
198	100
198	100
198	100
198	100
201	100
201	100
201	100
201	100
201	100
201	100
201	100
201	100
201	100
201	100
204	100
204	100
204	100
204	100
204	100
204	100
204	100
204	100
204	100
204	100
207	100
207	100
207	100
207	100
207	100
207	100
207	100
207	100
207	100
207	100
210	100
210	100
210	100
210	100
210	100
210	100
210	100
210	100
210	100
210	100
213	100
213	100
213	100
213	100
213	100
213	100
213	100
213	100
213	100
213	100
216	100
216	100
216	100
216	100
216	100
216	100
216	100
216	100
216	100
216	100
219	100
219	100
219	100
219	100
219	100
219	100
219	100
219	100
219	100
219	100
222	100
222	100
222	100
222	100
222	100
222	100
222	100
222	100
222	100
222	100
225	100
225	100
225	100
225	100
225	100
225	100
225	100
225	100
225	100
225	100
228	100
228	100
228	100
228	100
228	100
228	100
228	100
228	100
228	100
228	100
231	100
231	100
231	100
231	100
231	100
231	100
231	100
231	100
231	100
231	100
234	100
234	100
234	100
234	100
234	100
234	100
234	100
234	100
234	100
234	100
237	100
237	100
237	100
237	100
237	100
237	100
237	100
237	100
237	100
237	100
240	100
240	100
240	100
240	100
240	100
240	100
240	100
240	100
240	100
240	100
243	100
243	100
243	100
243	100
243	100
243	100
243	100
243	100
243	100
243	100
246	100
246	100
246	100
246	100
246	100
246	100
246	100
246	100
246	100
246	100
249	100
249	100
249	100
249	100
249	100
249	100
249	100
249	100
249	100
249	100
252	100
252	100
252	100
252	100
252	100
252	100
252	100
252	100
252	100
252	100
255	100
255	100
255	100
255	100
255	100
255	100
255	100
255	100
255	100
255	100
258	100
258	100
258	100
258	100
258	100
258	100
258	100
258	100
258	100
258	100
261	100
261	100
261	100
261	100
261	100
261	100
261	100
261	100
261	100
261	100
264	100
264	100
264	100
264	100
264	100
264	100
264	100
264	100
264	100
264	100
267	100
267	100
267	100
267	100
267	100
267	100
267	100
267	100
267	100
267	100
270	100
270	100
270	100
270	100
270	100
270	100
270	100
270	100
270	100
270	100
273	100
273	100
273	100
273	100
273	100
273	100
273	100
273	100
273	100
273	100
276	100
276	100
276	100
276	100
276	100
276	100
276	100
276	100
276	100
276	100
279	100
279	100
279	100
279	100
279	100
279	100
279	100
279	100
279	100
279	100
282	100
282	100
282	100
282	100
282	100
282	100
282	100
282	100
282	100
282	100
285	100
285	100
285	100
285	100
285	100
285	100
285	100
285	100
285	100
285	100
288	100
288	100
288	100
288	100
288	100
288	100
288	100
288	100
288	100
288	100
291	100
291	100
291	100
291	100
291	100
291	100
291	100
291	100
291	100
291	100
294	100
294	100
294	100
294	100
294	100
294	100
294	100
294	100
294	100
294	100
297	100
297	100
297	100
297	100
297	100
297	100
297	100
297	100
297	100
297	100
300	100
300	100
300	100
300	100
300	100
300	100
300	100
300	100
300	100
300	100
303	100
303	100
303	100
303	100
303	100
303	100
303	100
303	100
303	100
303	100
306	100
306	100
306	100
306	100
306	100
306	100
306	100
306	100
306	100
306	100
309	100
309	100
309	100
309	100
309	100
309	100
309	100
309	100
309	100
309	100
312	100
312	100
312	100
312	100
312	100
312	100
312	100
312	100
312	100
312	100
315	100
315	100
315	100
315	100
315	100
315	100
315	100
315	100
315	100
315	100
318	100
318	100
318	100
318	100
318	100
318	100
318	100
318	100
318	100
318	100
321	100
321	100
321	100
321	100
321	100
321	100
321	100
321	100
321	100
321	100
324	100
324	100
324	100
324	100
324	100
324	100
324	100
324	100
324	100
324	100
327	100
327	100
327	100
327	100
327	100
327	100
327	100
327	100
327	100
327	100
330	100
330	100
330	100
330	100
330	100
330	100
330	100
330	100
330	100
330	100
333	100
333	100
333	100
333	100
333	100
333	100
333	100
333	100
333	100
333	100
336	100
336	100
336	100
336	100
336	100
336	100
336	100
336	100
336	100
336	100
339	100
339	100
339	100
339	100
339	100
339	100
339	100
339	100
339	100
339	100
342	100
342	100
342	100
342	100
342	100
342	100
342	100
342	100
342	100
342	100
345	100
345	100
345	100
345	100
345	100
345	100
345	100
345	100
345	100
345	100
348	100
348	100
348	100
348	100
348	100
348	100
348	100
348	100
348	100
348	100
351	100
351	100
351	100
351	100
351	100
351	100
351	100
351	100
351	100
351	100
354	100
354	100
354	100
354	100
354	100
354	100
354	100
354	100
354	100
354	100
357	100
357	100
357	100
357	100
357	100
357	100
357	100
357	100
357	100
357	100
360	100
360	100
360	100
360	100
360	100
360	100
360	100
360	100
360	100
360	100
363	100
363	100
363	100
363	100
363	100
363	100
363	100
363	100
363	100
363	100
366	100
366	100
366	100
366	100
366	100
366	100
366	100
366	100
366	100
366	100
369	100
369	100
369	100
369	100
369	100
369	100
369	100
369	100
369	100
369	100
372	100
372	100
372	100
372	100
372	100
372	100
372	100
372	100
372	100
372	100
375	100
375	100
375	100
375	100
375	100
375	100
375	100
375	100
375	100
375	100
378	100
378	100
378	100
378	100
378	100
378	100
378	100
378	100
378	100
378	100
381	100
381	100
381	100
381	100
381	100
381	100
381	100
381	100
381	100
381	100
384	100
384	100
384	100
384	100
384	100
384	100
384	100
384	100
384	100
384	100
387	100
387	100
387	100
387	100
387	100
387	100
387	100
387	100
387	100
387	100
390	100
390	100
390	100
390	100
390	100
390	100
390	100
390	100
390	100
390	100
393	100
393	100
393	100
393	100
393	100
393	100
393	100
393	100
393	100
393	100
396	100
396	100
396	100
396	100
396	100
396	100
396	100
396	100
396	100
396	100
399	100
399	100
399	100
399	100
399	100
399	100
399	100
399	100
399	100
399	100
402	100
402	100
402	100
402	100
402	100
402	100
402	100
402	100
402	100
402	100
405	100
405	100
405	100
405	100
405	100
405	100
405	100
405	100
405	100
405	100
408	100
408	100
408	100
408	100
408	100
408	100
408	100
408	100
408	100
408	100
411	100
411	100
411	100
411	100
411	100
411	100
411	100
411	100
411	100
411	100
414	100
414	100
414	100
414	100
414	100
414	100
414	100
414	100
414	100
414	100
417	100
417	100
417	100
417	100
417	100
417	100
417	100
417	100
417	100
417	100
420	100
420	100
420	100
420	100
420	100
420	100
420	100
420	100
420	100
420	100
423	100
423	100
423	100
423	100
423	100
423	100
423	100
423	100
423	100
423	100
426	100
426	100
426	100
426	100
426	100
426	100
426	100
426	100
426	100
426	100
429	100
429	100
429	100
429	100
429	100
429	100
429	100
429	100
429	100
429	100
432	100
432	100
432	100
432	100
432	100
432	100
432	100
432	100
432	100
432	100
435	100
435	100
435	100
435	100
435	100
435	100
435	100
435	100
435	100
435	100
438	100
438	100
438	100
438	100
438	100
438	100
438	100
438	100
438	100
438	100
441	100
441	100
441	100
441	100
441	100
441	100
441	100
441	100
441	100
441	100
444	100
444	100
444	100
444	100
444	100
444	100
444	100
444	100
444	100
444	100
447	100
447	100
447	100
447	100
447	100
447	100
447	100
447	100
447	100
447	100
450	100
450	100
450	100
450	100
450	100
450	100
450	100
450	100
450	100
450	100
453	100
453	100
453	100
453	100
453	100
453	100
453	100
453	100
453	100
453	100
456	100
456	100
456	100
456	100
456	100
456	100
456	100
456	100
456	100
456	100
459	100
459	100
459	100
459	100
459	100
459	100
459	100
459	100
459	100
459	100
462	100
462	100
462	100
462	100
462	100
462	100
462	100
462	100
462	100
462	100
465	100
465	100
465	100
465	100
465	100
465	100
465	100
465	100
465	100
465	100
468	100
468	100
468	100
468	100
468	100
468	100
468	100
468	100
468	100
468	100
471	100
471	100
471	100
471	100
471	100
471	100
471	100
471	100
471	100
471	100
474	100
474	100
474	100
474	100
474	100
474	100
474	100
474	100
474	100
474	100
477	100
477	100
477	100
477	100
477	100
477	100
477	100
477	100
477	100
477	100
480	100
480	100
480	100
480	100
480	100
480	100
480	100
480	100
480	100
480	100
483	100
483	100
483	100
483	100
483	100
483	100
483	100
483	100
483	100
483	100
486	100
486	100
486	100
486	100
486	100
486	100
486	100
486	100
486	100
486	100
489	100
489	100
489	100
489	100
489	100
489	100
489	100
489	100
489	100
489	100
492	100
492	100
492	100
492	100
492	100
492	100
492	100
492	100
492	100
492	100
495	100
495	100
495	100
495	100
495	100
495	100
495	100
495	100
495	100
495	100
498	100
498	100
498	100
498	100
498	100
498	100
498	100
498	100
498	100
498	100
501	100
501	100
501	100
501	100
501	100
501	100
501	100
501	100
501	100
501	100
504	100
504	100
504	100
504	100
504	100
504	100
504	100
504	100
504	100
504	100
507	100
507	100
507	100
507	100
507	100
507	100
507	100
507	100
507	100
507	100
510	100
510	100
510	100
510	100
510	100
510	100
510	100
510	100
510	100
510	100
513	100
513	100
513	100
513	100
513	100
513	100
513	100
513	100
513	100
513	100
516	100
516	100
516	100
516	100
516	100
516	100
516	100
516	100
516	100
516	100
519	100
519	100
519	100
519	100
519	100
519	100
519	100
519	100
519	100
519	100
522	100
522	100
522	100
522	100
522	100
522	100
522	100
522	100
522	100
522	100
525	100
525	100
525	100
525	100
525	100
525	100
525	100
525	100
525	100
525	100
528	100
528	100
528	100
528	100
528	100
528	100
528	100
528	100
528	100
528	100
531	100
531	100
531	100
531	100
531	100
531	100
531	100
531	100
531	100
531	100
534	100
534	100
534	100
534	100
534	100
534	100
534	100
534	100
534	100
534	100
537	100
537	100
537	100
537	100
537	100
537	100
537	100
537	100
537	100
537	100
540	100
540	100
540	100
540	100
540	100
540	100
540	100
540	100
540	100
540	100
543	100
543	100
543	100
543	100
543	100
543	100
543	100
543	100
543	100
543	100
546	100
546	100
546	100
546	100
546	100
546	100
546	100
546	100
546	100
546	100
549	100
549	100
549	100
549	100
549	100
549	100
549	100
549	100
549	100
549	100
552	100
552	100
552	100
552	100
552	100
552	100
552	100
552	100
552	100
552	100
555	100
555	100
555	100
555	100
555	100
555	100
555	100
555	100
555	100
555	100
558	100
558	100
558	100
558	100
558	100
558	100
558	100
558	100
558	100
558	100
561	100
561	100
561	100
561	100
561	100
561	100
561	100
561	100
561	100
561	100
564	100
564	100
564	100
564	100
564	100
564	100
564	100
564	100
564	100
564	100
567	100
567	100
567	100
567	100
567	100
567	100
567	100
567	100
567	100
567	100
570	100
570	100
570	100
570	100
570	100
570	100
570	100
570	100
570	100
570	100
573	100
573	100
573	100
573	100
573	100
573	100
573	100
573	100
573	100
573	100
576	100
576	100
576	100
576	100
576	100
576	100
576	100
576	100
576	100
576	100
579	100
579	100
579	100
579	100
579	100
579	100
579	100
579	100
579	100
579	100
582	100
582	100
582	100
582	100
582	100
582	100
582	100
582	100
582	100
582	100
585	100
585	100
585	100
585	100
585	100
585	100
585	100
585	100
585	100
585	100
588	100
588	100
588	100
588	100
588	100
588	100
588	100
588	100
588	100
588	100
591	100
591	100
591	100
591	100
591	100
591	100
591	100
591	100
591	100
591	100
594	100
594	100
594	100
594	100
594	100
594	100
594	100
594	100
594	100
594	100
597	100
597	100
597	100
597	100
597	100
597	100
597	100
597	100
597	100
597	100
600	100
600	100
600	100
600	100
600	100
600	100
600	100
600	100
600	100
600	100
603	100
603	100
603	100
603	100
603	100
603	100
603	100
603	100
603	100
603	100
606	100
606	100
606	100
606	100
606	100
606	100
606	100
606	100
606	100
606	100
609	100
609	100
609	100
609	100
609	100
609	100
609	100
609	100
609	100
609	100
612	100
612	100
612	100
612	100
612	100
612	100
612	100
612	100
612	100
612	100
615	100
615	100
615	100
615	100
615	100
615	100
615	100
615	100
615	100
615	100
618	100
618	100
618	100
618	100
618	100
618	100
618	100
618	100
618	100
618	100
621	100
621	100
621	100
621	100
621	100
621	100
621	100
621	100
621	100
621	100
624	100
624	100
624	100
624	100
624	100
624	100
624	100
624	100
624	100
624	100
627	100
627	100
627	100
627	100
627	100
627	100
627	100
627	100
627	100
627	100
630	100
630	100
630	100
630	100
630	100
630	100
630	100
630	100
630	100
630	100
633	100
633	100
633	100
633	100
633	100
633	100
633	100
633	100
633	100
633	100
636	100
636	100
636	100
636	100
636	100
636	100
636	100
636	100
636	100
636	100
639	100
639	100
639	100
639	100
639	100
639	100
639	100
639	100
639	100
639	100
642	100
642	100
642	100
642	100
642	100
642	100
642	100
642	100
642	100
642	100
645	100
645	100
645	100
645	100
645	100
645	100
645	100
645	100
645	100
645	100
648	100
648	100
648	100
648	100
648	100
648	100
648	100
648	100
648	100
648	100
651	100
651	100
651	100
651	100
651	100
651	100
651	100
651	100
651	100
651	100
654	100
654	100
654	100
654	100
654	100
654	100
654	100
654	100
654	100
654	100
657	100
657	100
657	100
657	100
657	100
657	100
657	100
657	100
657	100
657	100
660	100
660	100
660	100
660	100
660	100
660	100
660	100
660	100
660	100
660	100
663	100
663	100
663	100
663	100
663	100
663	100
663	100
663	100
663	100
663	100
666	100
666	100
666	100
666	100
666	100
666	100
666	100
666	100
666	100
666	100
669	100
669	100
669	100
669	100
669	100
669	100
669	100
669	100
669	100
669	100
672	100
672	100
672	100
672	100
672	100
672	100
672	100
672	100
672	100
672	100
675	100
675	100
675	100
675	100
675	100
675	100
675	100
675	100
675	100
675	100
678	100
678	100
678	100
678	100
678	100
678	100
678	100
678	100
678	100
678	100
681	100
681	100
681	100
681	100
681	100
681	100
681	100
681	100
681	100
681	100
684	100
684	100
684	100
684	100
684	100
684	100
684	100
684	100
684	100
684	100
687	100
687	100
687	100
687	100
687	100
687	100
687	100
687	100
687	100
687	100
690	100
690	100
690	100
690	100
690	100
690	100
690	100
690	100
690	100
690	100
693	100
693	100
693	100
693	100
693	100
693	100
693	100
693	100
693	100
693	100
696	100
696	100
696	100
696	100
696	100
696	100
696	100
696	100
696	100
696	100
699	100
699	100
699	100
699	100
699	100
699	100
699	100
699	100
699	100
699	100
702	100
702	100
702	100
702	100
702	100
702	100
702	100
702	100
702	100
702	100
705	100
705	100
705	100
705	100
705	100
705	100
705	100
705	100
705	100
705	100
708	100
708	100
708	100
708	100
708	100
708	100
708	100
708	100
708	100
708	100
711	100
711	100
711	100
711	100
711	100
711	100
711	100
711	100
711	100
711	100
714	100
714	100
714	100
714	100
714	100
714	100
714	100
714	100
714	100
714	100
717	100
717	100
717	100
717	100
717	100
717	100
717	100
717	100
717	100
717	100
720	100
720	100
720	100
720	100
720	100
720	100
720	100
720	100
720	100
720	100
723	100
723	100
723	100
723	100
723	100
723	100
723	100
723	100
723	100
723	100
726	100
726	100
726	100
726	100
726	100
726	100
726	100
726	100
726	100
726	100
729	100
729	100
729	100
729	100
729	100
729	100
729	100
729	100
729	100
729	100
732	100
732	100
732	100
732	100
732	100
732	100
732	100
732	100
732	100
732	100
735	100
735	100
735	100
735	100
735	100
735	100
735	100
735	100
735	100
735	100
738	100
738	100
738	100
738	100
738	100
738	100
738	100
738	100
738	100
738	100
741	100
741	100
741	100
741	100
741	100
741	100
741	100
741	100
741	100
741	100
744	100
744	100
744	100
744	100
744	100
744	100
744	100
744	100
744	100
744	100
747	100
747	100
747	100
747	100
747	100
747	100
747	100
747	100
747	100
747	100
750	100
750	100
750	100
750	100
750	100
750	100
750	100
750	100
750	100
750	100
753	100
753	100
753	100
753	100
753	100
753	100
753	100
753	100
753	100
753	100
756	100
756	100
756	100
756	100
756	100
756	100
756	100
756	100
756	100
756	100
759	100
759	100
759	100
759	100
759	100
759	100
759	100
759	100
759	100
759	100
762	100
762	100
762	100
762	100
762	100
762	100
762	100
762	100
762	100
762	100
765	100
765	100
765	100
765	100
765	100
765	100
765	100
765	100
765	100
765	100
768	100
768	100
768	100
768	100
768	100
768	100
768	100
768	100
768	100
768	100
771	100
771	100
771	100
771	100
771	100
771	100
771	100
771	100
771	100
771	100
774	100
774	100
774	100
774	100
774	100
774	100
774	100
774	100
774	100
774	100
777	100
777	100
777	100
777	100
777	100
777	100
777	100
777	100
777	100
777	100
780	100
780	100
780	100
780	100
780	100
780	100
780	100
780	100
780	100
780	100
783	100
783	100
783	100
783	100
783	100
783	100
783	100
783	100
783	100
783	100
786	100
786	100
786	100
786	100
786	100
786	100
786	100
786	100
786	100
786	100
789	100
789	100
789	100
789	100
789	100
789	100
789	100
789	100
789	100
789	100
792	100
792	100
792	100
792	100
792	100
792	100
792	100
792	100
792	100
792	100
795	100
795	100
795	100
795	100
795	100
795	100
795	100
795	100
795	100
795	100
798	100
798	100
798	100
798	100
798	100
798	100
798	100
798	100
798	100
798	100
801	100
801	100
801	100
801	100
801	100
801	100
801	100
801	100
801	100
801	100
804	100
804	100
804	100
804	100
804	100
804	100
804	100
804	100
804	100
804	100
807	100
807	100
807	100
807	100
807	100
807	100
807	100
807	100
807	100
807	100
810	100
810	100
810	100
810	100
810	100
810	100
810	100
810	100
810	100
810	100
813	100
813	100
813	100
813	100
813	100
813	100
813	100
813	100
813	100
813	100
816	100
816	100
816	100
816	100
816	100
816	100
816	100
816	100
816	100
816	100
819	100
819	100
819	100
819	100
819	100
819	100
819	100
819	100
819	100
819	100
822	100
822	100
822	100
822	100
822	100
822	100
822	100
822	100
822	100
822	100
825	100
825	100
825	100
825	100
825	100
825	100
825	100
825	100
825	100
825	100
828	100
828	100
828	100
828	100
828	100
828	100
828	100
828	100
828	100
828	100
831	100
831	100
831	100
831	100
831	100
831	100
831	100
831	100
831	100
831	100
834	100
834	100
834	100
834	100
834	100
834	100
834	100
834	100
834	100
834	100
837	100
837	100
837	100
837	100
837	100
837	100
837	100
837	100
837	100
837	100
840	100
840	100
840	100
840	100
840	100
840	100
840	100
840	100
840	100
840	100
843	100
843	100
843	100
843	100
843	100
843	100
843	100
843	100
843	100
843	100
846	100
846	100
846	100
846	100
846	100
846	100
846	100
846	100
846	100
846	100
849	100
849	100
849	100
849	100
849	100
849	100
849	100
849	100
849	100
849	100
852	100
852	100
852	100
852	100
852	100
852	100
852	100
852	100
852	100
852	100
855	100
855	100
855	100
855	100
855	100
855	100
855	100
855	100
855	100
855	100
858	100
858	100
858	100
858	100
858	100
858	100
858	100
858	100
858	100
858	100
861	100
861	100
861	100
861	100
861	100
861	100
861	100
861	100
861	100
861	100
864	100
864	100
864	100
864	100
864	100
864	100
864	100
864	100
864	100
864	100
867	100
867	100
867	100
867	100
867	100
867	100
867	100
867	100
867	100
867	100
870	100
870	100
870	100
870	100
870	100
870	100
870	100
870	100
870	100
870	100
873	100
873	100
873	100
873	100
873	100
873	100
873	100
873	100
873	100
873	100
876	100
876	100
876	100
876	100
876	100
876	100
876	100
876	100
876	100
876	100
879	100
879	100
879	100
879	100
879	100
879	100
879	100
879	100
879	100
879	100
882	100
882	100
882	100
882	100
882	100
882	100
882	100
882	100
882	100
882	100
885	100
885	100
885	100
885	100
885	100
885	100
885	100
885	100
885	100
885	100
888	100
888	100
888	100
888	100
888	100
888	100
888	100
888	100
888	100
888	100
891	100
891	100
891	100
891	100
891	100
891	100
891	100
891	100
891	100
891	100
894	100
894	100
894	100
894	100
894	100
894	100
894	100
894	100
894	100
894	100
897	100
897	100
897	100
897	100
897	100
897	100
897	100
897	100
897	100
897	100
900	100
900	100
900	100
900	100
900	100
900	100
900	100
900	100
900	100
900	100
903	100
903	100
903	100
903	100
903	100
903	100
903	100
903	100
903	100
903	100
906	100
906	100
906	100
906	100
906	100
906	100
906	100
906	100
906	100
906	100
909	100
909	100
909	100
909	100
909	100
909	100
909	100
909	100
909	100
909	100
912	100
912	100
912	100
912	100
912	100
912	100
912	100
912	100
912	100
912	100
915	100
915	100
915	100
915	100
915	100
915	100
915	100
915	100
915	100
915	100
918	100
918	100
918	100
918	100
918	100
918	100
918	100
918	100
918	100
918	100
921	100
921	100
921	100
921	100
921	100
921	100
921	100
921	100
921	100
921	100
924	100
924	100
924	100
924	100
924	100
924	100
924	100
924	100
924	100
924	100
927	100
927	100
927	100
927	100
927	100
927	100
927	100
927	100
927	100
927	100
930	100
930	100
930	100
930	100
930	100
930	100
930	100
930	100
930	100
930	100
933	100
933	100
933	100
933	100
933	100
933	100
933	100
933	100
933	100
933	100
936	100
936	100
936	100
936	100
936	100
936	100
936	100
936	100
936	100
936	100
939	100
939	100
939	100
939	100
939	100
939	100
939	100
939	100
939	100
939	100
942	100
942	100
942	100
942	100
942	100
942	100
942	100
942	100
942	100
942	100
945	100
945	100
945	100
945	100
945	100
945	100
945	100
945	100
945	100
945	100
948	100
948	100
948	100
948	100
948	100
948	100
948	100
948	100
948	100
948	100
951	100
951	100
951	100
951	100
951	100
951	100
951	100
951	100
951	100
951	100
954	100
954	100
954	100
954	100
954	100
954	100
954	100
954	100
954	100
954	100
957	100
957	100
957	100
957	100
957	100
957	100
957	100
957	100
957	100
957	100
960	100
960	100
960	100
960	100
960	100
960	100
960	100
960	100
960	100
960	100
963	100
963	100
963	100
963	100
963	100
963	100
963	100
963	100
963	100
963	100
966	100
966	100
966	100
966	100
966	100
966	100
966	100
966	100
966	100
966	100
969	100
969	100
969	100
969	100
969	100
969	100
969	100
969	100
969	100
969	100
972	100
972	100
972	100
972	100
972	100
972	100
972	100
972	100
972	100
972	100
975	100
975	100
975	100
975	100
975	100
975	100
975	100
975	100
975	100
975	100
978	100
978	100
978	100
978	100
978	100
978	100
978	100
978	100
978	100
978	100
981	100
981	100
981	100
981	100
981	100
981	100
981	100
981	100
981	100
981	100
984	100
984	100
984	100
984	100
984	100
984	100
984	100
984	100
984	100
984	100
987	100
987	100
987	100
987	100
987	100
987	100
987	100
987	100
987	100
987	100
990	100
990	100
990	100
990	100
990	100
990	100
990	100
990	100
990	100
990	100
993	100
993	100
993	100
993	100
993	100
993	100
993	100
993	100
993	100
993	100
996	100
996	100
996	100
996	100
996	100
996	100
996	100
996	100
996	100
996	100
999	100
999	100
999	100
999	100
999	100
999	100
999	100
999	100
999	100
999	100
1002	100
1002	100
1002	100
1002	100
1002	100
1002	100
1002	100
1002	100
1002	100
1002	100
1005	100
1005	100
1005	100
1005	100
1005	100
1005	100
1005	100
1005	100
1005	100
1005	100
1008	100
1008	100
1008	100
1008	100
1008	100
1008	100
1008	100
1008	100
1008	100
1008	100
1011	100
1011	100
1011	100
1011	100
1011	100
1011	100
1011	100
1011	100
1011	100
1011	100
1014	100
1014	100
1014	100
1014	100
1014	100
1014	100
1014	100
1014	100
1014	100
1014	100
1017	100
1017	100
1017	100
1017	100
1017	100
1017	100
1017	100
1017	100
1017	100
1017	100
1020	100
1020	100
1020	100
1020	100
1020	100
1020	100
1020	100
1020	100
1020	100
1020	100
1023	100
1023	100
1023	100
1023	100
1023	100
1023	100
1023	100
1023	100
1023	100
1023	100
1026	100
1026	100
1026	100
1026	100
1026	100
1026	100
1026	100
1026	100
1026	100
1026	100
1029	100
1029	100
1029	100
1029	100
1029	100
1029	100
1029	100
1029	100
1029	100
1029	100
1032	100
1032	100
1032	100
1032	100
1032	100
1032	100
1032	100
1032	100
1032	100
1032	100
1035	100
1035	100
1035	100
1035	100
1035	100
1035	100
1035	100
1035	100
1035	100
1035	100
1038	100
1038	100
1038	100
1038	100
1038	100
1038	100
1038	100
1038	100
1038	100
1038	100
1041	100
1041	100
1041	100
1041	100
1041	100
1041	100
1041	100
1041	100
1041	100
1041	100
1044	100
1044	100
1044	100
1044	100
1044	100
1044	100
1044	100
1044	100
1044	100
1044	100
1047	100
1047	100
1047	100
1047	100
1047	100
1047	100
1047	100
1047	100
1047	100
1047	100
1050	100
1050	100
1050	100
1050	100
1050	100
1050	100
1050	100
1050	100
1050	100
1050	100
1053	100
1053	100
1053	100
1053	100
1053	100
1053	100
1053	100
1053	100
1053	100
1053	100
1056	100
1056	100
1056	100
1056	100
1056	100
1056	100
1056	100
1056	100
1056	100
1056	100
1059	100
1059	100
1059	100
1059	100
1059	100
1059	100
1059	100
1059	100
1059	100
1059	100
1062	100
1062	100
1062	100
1062	100
1062	100
1062	100
1062	100
1062	100
1062	100
1062	100
1065	100
1065	100
1065	100
1065	100
1065	100
1065	100
1065	100
1065	100
1065	100
1065	100
1068	100
1068	100
1068	100
1068	100
1068	100
1068	100
1068	100
1068	100
1068	100
1068	100
1071	100
1071	100
1071	100
1071	100
1071	100
1071	100
1071	100
1071	100
1071	100
1071	100
1074	100
1074	100
1074	100
1074	100
1074	100
1074	100
1074	100
1074	100
1074	100
1074	100
1077	100
1077	100
1077	100
1077	100
1077	100
1077	100
1077	100
1077	100
1077	100
1077	100
1080	100
1080	100
1080	100
1080	100
1080	100
1080	100
1080	100
1080	100
1080	100
1080	100
1083	100
1083	100
1083	100
1083	100
1083	100
1083	100
1083	100
1083	100
1083	100
1083	100
1086	100
1086	100
1086	100
1086	100
1086	100
1086	100
1086	100
1086	100
1086	100
1086	100
1089	100
1089	100
1089	100
1089	100
1089	100
1089	100
1089	100
1089	100
1089	100
1089	100
1092	100
1092	100
1092	100
1092	100
1092	100
1092	100
1092	100
1092	100
1092	100
1092	100
1095	100
1095	100
1095	100
1095	100
1095	100
1095	100
1095	100
1095	100
1095	100
1095	100
1098	100
1098	100
1098	100
1098	100
1098	100
1098	100
1098	100
1098	100
1098	100
1098	100
1101	100
1101	100
1101	100
1101	100
1101	100
1101	100
1101	100
1101	100
1101	100
1101	100
1104	100
1104	100
1104	100
1104	100
1104	100
1104	100
1104	100
1104	100
1104	100
1104	100
1107	100
1107	100
1107	100
1107	100
1107	100
1107	100
1107	100
1107	100
1107	100
1107	100
1110	100
1110	100
1110	100
1110	100
1110	100
1110	100
1110	100
1110	100
1110	100
1110	100
1113	100
1113	100
1113	100
1113	100
1113	100
1113	100
1113	100
1113	100
1113	100
1113	100
1116	100
1116	100
1116	100
1116	100
1116	100
1116	100
1116	100
1116	100
1116	100
1116	100
1119	100
1119	100
1119	100
1119	100
1119	100
1119	100
1119	100
1119	100
1119	100
1119	100
1122	100
1122	100
1122	100
1122	100
1122	100
1122	100
1122	100
1122	100
1122	100
1122	100
1125	100
1125	100
1125	100
1125	100
1125	100
1125	100
1125	100
1125	100
1125	100
1125	100
1128	100
1128	100
1128	100
1128	100
1128	100
1128	100
1128	100
1128	100
1128	100
1128	100
1131	100
1131	100
1131	100
1131	100
1131	100
1131	100
1131	100
1131	100
1131	100
1131	100
1134	100
1134	100
1134	100
1134	100
1134	100
1134	100
1134	100
1134	100
1134	100
1134	100
1137	100
1137	100
1137	100
1137	100
1137	100
1137	100
1137	100
1137	100
1137	100
1137	100
1140	100
1140	100
1140	100
1140	100
1140	100
1140	100
1140	100
1140	100
1140	100
1140	100
1143	100
1143	100
1143	100
1143	100
1143	100
1143	100
1143	100
1143	100
1143	100
1143	100
1146	100
1146	100
1146	100
1146	100
1146	100
1146	100
1146	100
1146	100
1146	100
1146	100
1149	100
1149	100
1149	100
1149	100
1149	100
1149	100
1149	100
1149	100
1149	100
1149	100
1152	100
1152	100
1152	100
1152	100
1152	100
1152	100
1152	100
1152	100
1152	100
1152	100
1155	100
1155	100
1155	100
1155	100
1155	100
1155	100
1155	100
1155	100
1155	100
1155	100
1158	100
1158	100
1158	100
1158	100
1158	100
1158	100
1158	100
1158	100
1158	100
1158	100
1161	100
1161	100
1161	100
1161	100
1161	100
1161	100
1161	100
1161	100
1161	100
1161	100
1164	100
1164	100
1164	100
1164	100
1164	100
1164	100
1164	100
1164	100
1164	100
1164	100
1167	100
1167	100
1167	100
1167	100
1167	100
1167	100
1167	100
1167	100
1167	100
1167	100
1170	100
1170	100
1170	100
1170	100
1170	100
1170	100
1170	100
1170	100
1170	100
1170	100
1173	100
1173	100
1173	100
1173	100
1173	100
1173	100
1173	100
1173	100
1173	100
1173	100
1176	100
1176	100
1176	100
1176	100
1176	100
1176	100
1176	100
1176	100
1176	100
1176	100
1179	100
1179	100
1179	100
1179	100
1179	100
1179	100
1179	100
1179	100
1179	100
1179	100
1182	100
1182	100
1182	100
1182	100
1182	100
1182	100
1182	100
1182	100
1182	100
1182	100
1185	100
1185	100
1185	100
1185	100
1185	100
1185	100
1185	100
1185	100
1185	100
1185	100
1188	100
1188	100
1188	100
1188	100
1188	100
1188	100
1188	100
1188	100
1188	100
1188	100
1191	100
1191	100
1191	100
1191	100
1191	100
1191	100
1191	100
1191	100
1191	100
1191	100
1194	100
1194	100
1194	100
1194	100
1194	100
1194	100
1194	100
1194	100
1194	100
1194	100
1197	100
1197	100
1197	100
1197	100
1197	100
1197	100
1197	100
1197	100
1197	100
1197	100
1200	100
1200	100
1200	100
1200	100
1200	100
1200	100
1200	100
1200	100
1200	100
1200	100
1203	100
1203	100
1203	100
1203	100
1203	100
1203	100
1203	100
1203	100
1203	100
1203	100
1206	100
1206	100
1206	100
1206	100
1206	100
1206	100
1206	100
1206	100
1206	100
1206	100
1209	100
1209	100
1209	100
1209	100
1209	100
1209	100
1209	100
1209	100
1209	100
1209	100
1212	100
1212	100
1212	100
1212	100
1212	100
1212	100
1212	100
1212	100
1212	100
1212	100
1215	100
1215	100
1215	100
1215	100
1215	100
1215	100
1215	100
1215	100
1215	100
1215	100
1218	100
1218	100
1218	100
1218	100
1218	100
1218	100
1218	100
1218	100
1218	100
1218	100
1221	100
1221	100
1221	100
1221	100
1221	100
1221	100
1221	100
1221	100
1221	100
1221	100
1224	100
1224	100
1224	100
1224	100
1224	100
1224	100
1224	100
1224	100
1224	100
1224	100
1227	100
1227	100
1227	100
1227	100
1227	100
1227	100
1227	100
1227	100
1227	100
1227	100
1230	100
1230	100
1230	100
1230	100
1230	100
1230	100
1230	100
1230	100
1230	100
1230	100
1233	100
1233	100
1233	100
1233	100
1233	100
1233	100
1233	100
1233	100
1233	100
1233	100
1236	100
1236	100
1236	100
1236	100
1236	100
1236	100
1236	100
1236	100
1236	100
1236	100
1239	100
1239	100
1239	100
1239	100
1239	100
1239	100
1239	100
1239	100
1239	100
1239	100
1242	100
1242	100
1242	100
1242	100
1242	100
1242	100
1242	100
1242	100
1242	100
1242	100
1245	100
1245	100
1245	100
1245	100
1245	100
1245	100
1245	100
1245	100
1245	100
1245	100
1248	100
1248	100
1248	100
1248	100
1248	100
1248	100
1248	100
1248	100
1248	100
1248	100
1251	100
1251	100
1251	100
1251	100
1251	100
1251	100
1251	100
1251	100
1251	100
1251	100
1254	100
1254	100
1254	100
1254	100
1254	100
1254	100
1254	100
1254	100
1254	100
1254	100
1257	100
1257	100
1257	100
1257	100
1257	100
1257	100
1257	100
1257	100
1257	100
1257	100
1260	100
1260	100
1260	100
1260	100
1260	100
1260	100
1260	100
1260	100
1260	100
1260	100
1263	100
1263	100
1263	100
1263	100
1263	100
1263	100
1263	100
1263	100
1263	100
1263	100
1266	100
1266	100
1266	100
1266	100
1266	100
1266	100
1266	100
1266	100
1266	100
1266	100
1269	100
1269	100
1269	100
1269	100
1269	100
1269	100
1269	100
1269	100
1269	100
1269	100
1272	100
1272	100
1272	100
1272	100
1272	100
1272	100
1272	100
1272	100
1272	100
1272	100
1275	100
1275	100
1275	100
1275	100
1275	100
1275	100
1275	100
1275	100
1275	100
1275	100
1278	100
1278	100
1278	100
1278	100
1278	100
1278	100
1278	100
1278	100
1278	100
1278	100
1281	100
1281	100
1281	100
1281	100
1281	100
1281	100
1281	100
1281	100
1281	100
1281	100
1284	100
1284	100
1284	100
1284	100
1284	100
1284	100
1284	100
1284	100
1284	100
1284	100
1287	100
1287	100
1287	100
1287	100
1287	100
1287	100
1287	100
1287	100
1287	100
1287	100
1290	100
1290	100
1290	100
1290	100
1290	100
1290	100
1290	100
1290	100
1290	100
1290	100
1293	100
1293	100
1293	100
1293	100
1293	100
1293	100
1293	100
1293	100
1293	100
1293	100
1296	100
1296	100
1296	100
1296	100
1296	100
1296	100
1296	100
1296	100
1296	100
1296	100
1299	100
1299	100
1299	100
1299	100
1299	100
1299	100
1299	100
1299	100
1299	100
1299	100
1302	100
1302	100
1302	100
1302	100
1302	100
1302	100
1302	100
1302	100
1302	100
1302	100
1305	100
1305	100
1305	100
1305	100
1305	100
1305	100
1305	100
1305	100
1305	100
1305	100
1308	100
1308	100
1308	100
1308	100
1308	100
1308	100
1308	100
1308	100
1308	100
1308	100
1311	100
1311	100
1311	100
1311	100
1311	100
1311	100
1311	100
1311	100
1311	100
1311	100
1314	100
1314	100
1314	100
1314	100
1314	100
1314	100
1314	100
1314	100
1314	100
1314	100
1317	100
1317	100
1317	100
1317	100
1317	100
1317	100
1317	100
1317	100
1317	100
1317	100
1320	100
1320	100
1320	100
1320	100
1320	100
1320	100
1320	100
1320	100
1320	100
1320	100
1323	100
1323	100
1323	100
1323	100
1323	100
1323	100
1323	100
1323	100
1323	100
1323	100
1326	100
1326	100
1326	100
1326	100
1326	100
1326	100
1326	100
1326	100
1326	100
1326	100
1329	100
1329	100
1329	100
1329	100
1329	100
1329	100
1329	100
1329	100
1329	100
1329	100
1332	100
1332	100
1332	100
1332	100
1332	100
1332	100
1332	100
1332	100
1332	100
1332	100
1335	100
1335	100
1335	100
1335	100
1335	100
1335	100
1335	100
1335	100
1335	100
1335	100
1338	100
1338	100
1338	100
1338	100
1338	100
1338	100
1338	100
1338	100
1338	100
1338	100
1341	100
1341	100
1341	100
1341	100
1341	100
1341	100
1341	100
1341	100
1341	100
1341	100
1344	100
1344	100
1344	100
1344	100
1344	100
1344	100
1344	100
1344	100
1344	100
1344	100
1347	100
1347	100
1347	100
1347	100
1347	100
1347	100
1347	100
1347	100
1347	100
1347	100
1350	100
1350	100
1350	100
1350	100
1350	100
1350	100
1350	100
1350	100
1350	100
1350	100
1353	100
1353	100
1353	100
1353	100
1353	100
1353	100
1353	100
1353	100
1353	100
1353	100
1356	100
1356	100
1356	100
1356	100
1356	100
1356	100
1356	100
1356	100
1356	100
1356	100
1359	100
1359	100
1359	100
1359	100
1359	100
1359	100
1359	100
1359	100
1359	100
1359	100
1362	100
1362	100
1362	100
1362	100
1362	100
1362	100
1362	100
1362	100
1362	100
1362	100
1365	100
1365	100
1365	100
1365	100
1365	100
1365	100
1365	100
1365	100
1365	100
1365	100
1368	100
1368	100
1368	100
1368	100
1368	100
1368	100
1368	100
1368	100
1368	100
1368	100
1371	100
1371	100
1371	100
1371	100
1371	100
1371	100
1371	100
1371	100
1371	100
1371	100
1374	100
1374	100
1374	100
1374	100
1374	100
1374	100
1374	100
1374	100
1374	100
1374	100
1377	100
1377	100
1377	100
1377	100
1377	100
1377	100
1377	100
1377	100
1377	100
1377	100
1380	100
1380	100
1380	100
1380	100
1380	100
1380	100
1380	100
1380	100
1380	100
1380	100
1383	100
1383	100
1383	100
1383	100
1383	100
1383	100
1383	100
1383	100
1383	100
1383	100
1386	100
1386	100
1386	100
1386	100
1386	100
1386	100
1386	100
1386	100
1386	100
1386	100
1389	100
1389	100
1389	100
1389	100
1389	100
1389	100
1389	100
1389	100
1389	100
1389	100
1392	100
1392	100
1392	100
1392	100
1392	100
1392	100
1392	100
1392	100
1392	100
1392	100
1395	100
1395	100
1395	100
1395	100
1395	100
1395	100
1395	100
1395	100
1395	100
1395	100
1398	100
1398	100
1398	100
1398	100
1398	100
1398	100
1398	100
1398	100
1398	100
1398	100
1401	100
1401	100
1401	100
1401	100
1401	100
1401	100
1401	100
1401	100
1401	100
1401	100
1404	100
1404	100
1404	100
1404	100
1404	100
1404	100
1404	100
1404	100
1404	100
1404	100
1407	100
1407	100
1407	100
1407	100
1407	100
1407	100
1407	100
1407	100
1407	100
1407	100
1410	100
1410	100
1410	100
1410	100
1410	100
1410	100
1410	100
1410	100
1410	100
1410	100
1413	100
1413	100
1413	100
1413	100
1413	100
1413	100
1413	100
1413	100
1413	100
1413	100
1416	100
1416	100
1416	100
1416	100
1416	100
1416	100
1416	100
1416	100
1416	100
1416	100
1419	100
1419	100
1419	100
1419	100
1419	100
1419	100
1419	100
1419	100
1419	100
1419	100
1422	100
1422	100
1422	100
1422	100
1422	100
1422	100
1422	100
1422	100
1422	100
1422	100
1425	100
1425	100
1425	100
1425	100
1425	100
1425	100
1425	100
1425	100
1425	100
1425	100
1428	100
1428	100
1428	100
1428	100
1428	100
1428	100
1428	100
1428	100
1428	100
1428	100
1431	100
1431	100
1431	100
1431	100
1431	100
1431	100
1431	100
1431	100
1431	100
1431	100
1434	100
1434	100
1434	100
1434	100
1434	100
1434	100
1434	100
1434	100
1434	100
1434	100
1437	100
1437	100
1437	100
1437	100
1437	100
1437	100
1437	100
1437	100
1437	100
1437	100
1440	100
1440	100
1440	100
1440	100
1440	100
1440	100
1440	100
1440	100
1440	100
1440	100
1443	100
1443	100
1443	100
1443	100
1443	100
1443	100
1443	100
1443	100
1443	100
1443	100
1446	100
1446	100
1446	100
1446	100
1446	100
1446	100
1446	100
1446	100
1446	100
1446	100
1449	100
1449	100
1449	100
1449	100
1449	100
1449	100
1449	100
1449	100
1449	100
1449	100
1452	100
1452	100
1452	100
1452	100
1452	100
1452	100
1452	100
1452	100
1452	100
1452	100
1455	100
1455	100
1455	100
1455	100
1455	100
1455	100
1455	100
1455	100
1455	100
1455	100
1458	100
1458	100
1458	100
1458	100
1458	100
1458	100
1458	100
1458	100
1458	100
1458	100
1461	100
1461	100
1461	100
1461	100
1461	100
1461	100
1461	100
1461	100
1461	100
1461	100
1464	100
1464	100
1464	100
1464	100
1464	100
1464	100
1464	100
1464	100
1464	100
1464	100
1467	100
1467	100
1467	100
1467	100
1467	100
1467	100
1467	100
1467	100
1467	100
1467	100
1470	100
1470	100
1470	100
1470	100
1470	100
1470	100
1470	100
1470	100
1470	100
1470	100
1473	100
1473	100
1473	100
1473	100
1473	100
1473	100
1473	100
1473	100
1473	100
1473	100
1476	100
1476	100
1476	100
1476	100
1476	100
1476	100
1476	100
1476	100
1476	100
1476	100
1479	100
1479	100
1479	100
1479	100
1479	100
1479	100
1479	100
1479	100
1479	100
1479	100
1482	100
1482	100
1482	100
1482	100
1482	100
1482	100
1482	100
1482	100
1482	100
1482	100
1485	100
1485	100
1485	100
1485	100
1485	100
1485	100
1485	100
1485	100
1485	100
1485	100
1488	100
1488	100
1488	100
1488	100
1488	100
1488	100
1488	100
1488	100
1488	100
1488	100
1491	100
1491	100
1491	100
1491	100
1491	100
1491	100
1491	100
1491	100
1491	100
1491	100
1494	100
1494	100
1494	100
1494	100
1494	100
1494	100
1494	100
1494	100
1494	100
1494	100
1497	100
1497	100
1497	100
1497	100
1497	100
1497	100
1497	100
1497	100
1497	100
1497	100
1500	100
1500	100
1500	100
1500	100
1500	100
1500	100
1500	100
1500	100
1500	100
1500	100
1503	100
1503	100
1503	100
1503	100
1503	100
1503	100
1503	100
1503	100
1503	100
1503	100
1506	100
1506	100
1506	100
1506	100
1506	100
1506	100
1506	100
1506	100
1506	100
1506	100
1509	100
1509	100
1509	100
1509	100
1509	100
1509	100
1509	100
1509	100
1509	100
1509	100
1512	100
1512	100
1512	100
1512	100
1512	100
1512	100
1512	100
1512	100
1512	100
1512	100
1515	100
1515	100
1515	100
1515	100
1515	100
1515	100
1515	100
1515	100
1515	100
1515	100
1518	100
1518	100
1518	100
1518	100
1518	100
1518	100
1518	100
1518	100
1518	100
1518	100
1521	100
1521	100
1521	100
1521	100
1521	100
1521	100
1521	100
1521	100
1521	100
1521	100
1524	100
1524	100
1524	100
1524	100
1524	100
1524	100
1524	100
1524	100
1524	100
1524	100
1527	100
1527	100
1527	100
1527	100
1527	100
1527	100
1527	100
1527	100
1527	100
1527	100
1530	100
1530	100
1530	100
1530	100
1530	100
1530	100
1530	100
1530	100
1530	100
1530	100
1533	100
1533	100
1533	100
1533	100
1533	100
1533	100
1533	100
1533	100
1533	100
1533	100
1536	100
1536	100
1536	100
1536	100
1536	100
1536	100
1536	100
1536	100
1536	100
1536	100
1539	100
1539	100
1539	100
1539	100
1539	100
1539	100
1539	100
1539	100
1539	100
1539	100
1542	100
1542	100
1542	100
1542	100
1542	100
1542	100
1542	100
1542	100
1542	100
1542	100
1545	100
1545	100
1545	100
1545	100
1545	100
1545	100
1545	100
1545	100
1545	100
1545	100
1548	100
1548	100
1548	100
1548	100
1548	100
1548	100
1548	100
1548	100
1548	100
1548	100
1551	100
1551	100
1551	100
1551	100
1551	100
1551	100
1551	100
1551	100
1551	100
1551	100
1554	100
1554	100
1554	100
1554	100
1554	100
1554	100
1554	100
1554	100
1554	100
1554	100
1557	100
1557	100
1557	100
1557	100
1557	100
1557	100
1557	100
1557	100
1557	100
1557	100
1560	100
1560	100
1560	100
1560	100
1560	100
1560	100
1560	100
1560	100
1560	100
1560	100
1563	100
1563	100
1563	100
1563	100
1563	100
1563	100
1563	100
1563	100
1563	100
1563	100
1566	100
1566	100
1566	100
1566	100
1566	100
1566	100
1566	100
1566	100
1566	100
1566	100
1569	100
1569	100
1569	100
1569	100
1569	100
1569	100
1569	100
1569	100
1569	100
1569	100
1572	100
1572	100
1572	100
1572	100
1572	100
1572	100
1572	100
1572	100
1572	100
1572	100
1575	100
1575	100
1575	100
1575	100
1575	100
1575	100
1575	100
1575	100
1575	100
1575	100
1578	100
1578	100
1578	100
1578	100
1578	100
1578	100
1578	100
1578	100
1578	100
1578	100
1581	100
1581	100
1581	100
1581	100
1581	100
1581	100
1581	100
1581	100
1581	100
1581	100
1584	100
1584	100
1584	100
1584	100
1584	100
1584	100
1584	100
1584	100
1584	100
1584	100
1587	100
1587	100
1587	100
1587	100
1587	100
1587	100
1587	100
1587	100
1587	100
1587	100
1590	100
1590	100
1590	100
1590	100
1590	100
1590	100
1590	100
1590	100
1590	100
1590	100
1593	100
1593	100
1593	100
1593	100
1593	100
1593	100
1593	100
1593	100
1593	100
1593	100
1596	100
1596	100
1596	100
1596	100
1596	100
1596	100
1596	100
1596	100
1596	100
1596	100
1599	100
1599	100
1599	100
1599	100
1599	100
1599	100
1599	100
1599	100
1599	100
1599	100
1602	100
1602	100
1602	100
1602	100
1602	100
1602	100
1602	100
1602	100
1602	100
1602	100
1605	100
1605	100
1605	100
1605	100
1605	100
1605	100
1605	100
1605	100
1605	100
1605	100
1608	100
1608	100
1608	100
1608	100
1608	100
1608	100
1608	100
1608	100
1608	100
1608	100
1611	100
1611	100
1611	100
1611	100
1611	100
1611	100
1611	100
1611	100
1611	100
1611	100
1614	100
1614	100
1614	100
1614	100
1614	100
1614	100
1614	100
1614	100
1614	100
1614	100
1617	100
1617	100
1617	100
1617	100
1617	100
1617	100
1617	100
1617	100
1617	100
1617	100
1620	100
1620	100
1620	100
1620	100
1620	100
1620	100
1620	100
1620	100
1620	100
1620	100
1623	100
1623	100
1623	100
1623	100
1623	100
1623	100
1623	100
1623	100
1623	100
1623	100
1626	100
1626	100
1626	100
1626	100
1626	100
1626	100
1626	100
1626	100
1626	100
1626	100
1629	100
1629	100
1629	100
1629	100
1629	100
1629	100
1629	100
1629	100
1629	100
1629	100
1632	100
1632	100
1632	100
1632	100
1632	100
1632	100
1632	100
1632	100
1632	100
1632	100
1635	100
1635	100
1635	100
1635	100
1635	100
1635	100
1635	100
1635	100
1635	100
1635	100
1638	100
1638	100
1638	100
1638	100
1638	100
1638	100
1638	100
1638	100
1638	100
1638	100
1641	100
1641	100
1641	100
1641	100
1641	100
1641	100
1641	100
1641	100
1641	100
1641	100
1644	100
1644	100
1644	100
1644	100
1644	100
1644	100
1644	100
1644	100
1644	100
1644	100
1647	100
1647	100
1647	100
1647	100
1647	100
1647	100
1647	100
1647	100
1647	100
1647	100
1650	100
1650	100
1650	100
1650	100
1650	100
1650	100
1650	100
1650	100
1650	100
1650	100
1653	100
1653	100
1653	100
1653	100
1653	100
1653	100
1653	100
1653	100
1653	100
1653	100
1656	100
1656	100
1656	100
1656	100
1656	100
1656	100
1656	100
1656	100
1656	100
1656	100
1659	100
1659	100
1659	100
1659	100
1659	100
1659	100
1659	100
1659	100
1659	100
1659	100
1662	100
1662	100
1662	100
1662	100
1662	100
1662	100
1662	100
1662	100
1662	100
1662	100
1665	100
1665	100
1665	100
1665	100
1665	100
1665	100
1665	100
1665	100
1665	100
1665	100
1668	100
1668	100
1668	100
1668	100
1668	100
1668	100
1668	100
1668	100
1668	100
1668	100
1671	100
1671	100
1671	100
1671	100
1671	100
1671	100
1671	100
1671	100
1671	100
1671	100
1674	100
1674	100
1674	100
1674	100
1674	100
1674	100
1674	100
1674	100
1674	100
1674	100
1677	100
1677	100
1677	100
1677	100
1677	100
1677	100
1677	100
1677	100
1677	100
1677	100
1680	100
1680	100
1680	100
1680	100
1680	100
1680	100
1680	100
1680	100
1680	100
1680	100
1683	100
1683	100
1683	100
1683	100
1683	100
1683	100
1683	100
1683	100
1683	100
1683	100
1686	100
1686	100
1686	100
1686	100
1686	100
1686	100
1686	100
1686	100
1686	100
1686	100
1689	100
1689	100
1689	100
1689	100
1689	100
1689	100
1689	100
1689	100
1689	100
1689	100
1692	100
1692	100
1692	100
1692	100
1692	100
1692	100
1692	100
1692	100
1692	100
1692	100
1695	100
1695	100
1695	100
1695	100
1695	100
1695	100
1695	100
1695	100
1695	100
1695	100
1698	100
1698	100
1698	100
1698	100
1698	100
1698	100
1698	100
1698	100
1698	100
1698	100
1701	100
1701	100
1701	100
1701	100
1701	100
1701	100
1701	100
1701	100
1701	100
1701	100
1704	100
1704	100
1704	100
1704	100
1704	100
1704	100
1704	100
1704	100
1704	100
1704	100
1707	100
1707	100
1707	100
1707	100
1707	100
1707	100
1707	100
1707	100
1707	100
1707	100
1710	100
1710	100
1710	100
1710	100
1710	100
1710	100
1710	100
1710	100
1710	100
1710	100
1713	100
1713	100
1713	100
1713	100
1713	100
1713	100
1713	100
1713	100
1713	100
1713	100
1716	100
1716	100
1716	100
1716	100
1716	100
1716	100
1716	100
1716	100
1716	100
1716	100
1719	100
1719	100
1719	100
1719	100
1719	100
1719	100
1719	100
1719	100
1719	100
1719	100
1722	100
1722	100
1722	100
1722	100
1722	100
1722	100
1722	100
1722	100
1722	100
1722	100
1725	100
1725	100
1725	100
1725	100
1725	100
1725	100
1725	100
1725	100
1725	100
1725	100
1728	100
1728	100
1728	100
1728	100
1728	100
1728	100
1728	100
1728	100
1728	100
1728	100
1731	100
1731	100
1731	100
1731	100
1731	100
1731	100
1731	100
1731	100
1731	100
1731	100
1734	100
1734	100
1734	100
1734	100
1734	100
1734	100
1734	100
1734	100
1734	100
1734	100
1737	100
1737	100
1737	100
1737	100
1737	100
1737	100
1737	100
1737	100
1737	100
1737	100
1740	100
1740	100
1740	100
1740	100
1740	100
1740	100
1740	100
1740	100
1740	100
1740	100
1743	100
1743	100
1743	100
1743	100
1743	100
1743	100
1743	100
1743	100
1743	100
1743	100
1746	100
1746	100
1746	100
1746	100
1746	100
1746	100
1746	100
1746	100
1746	100
1746	100
1749	100
1749	100
1749	100
1749	100
1749	100
1749	100
1749	100
1749	100
1749	100
1749	100
1752	100
1752	100
1752	100
1752	100
1752	100
1752	100
1752	100
1752	100
1752	100
1752	100
1755	100
1755	100
1755	100
1755	100
1755	100
1755	100
1755	100
1755	100
1755	100
1755	100
1758	100
1758	100
1758	100
1758	100
1758	100
1758	100
1758	100
1758	100
1758	100
1758	100
1761	100
1761	100
1761	100
1761	100
1761	100
1761	100
1761	100
1761	100
1761	100
1761	100
1764	100
1764	100
1764	100
1764	100
1764	100
1764	100
1764	100
1764	100
1764	100
1764	100
1767	100
1767	100
1767	100
1767	100
1767	100
1767	100
1767	100
1767	100
1767	100
1767	100
1770	100
1770	100
1770	100
1770	100
1770	100
1770	100
1770	100
1770	100
1770	100
1770	100
1773	100
1773	100
1773	100
1773	100
1773	100
1773	100
1773	100
1773	100
1773	100
1773	100
1776	100
1776	100
1776	100
1776	100
1776	100
1776	100
1776	100
1776	100
1776	100
1776	100
1779	100
1779	100
1779	100
1779	100
1779	100
1779	100
1779	100
1779	100
1779	100
1779	100
1782	100
1782	100
1782	100
1782	100
1782	100
1782	100
1782	100
1782	100
1782	100
1782	100
1785	100
1785	100
1785	100
1785	100
1785	100
1785	100
1785	100
1785	100
1785	100
1785	100
1788	100
1788	100
1788	100
1788	100
1788	100
1788	100
1788	100
1788	100
1788	100
1788	100
1791	100
1791	100
1791	100
1791	100
1791	100
1791	100
1791	100
1791	100
1791	100
1791	100
1794	100
1794	100
1794	100
1794	100
1794	100
1794	100
1794	100
1794	100
1794	100
1794	100
1797	100
1797	100
1797	100
1797	100
1797	100
1797	100
1797	100
1797	100
1797	100
1797	100
1800	100
1800	100
1800	100
1800	100
1800	100
1800	100
1800	100
1800	100
1800	100
1800	100
1803	100
1803	100
1803	100
1803	100
1803	100
1803	100
1803	100
1803	100
1803	100
1803	100
1806	100
1806	100
1806	100
1806	100
1806	100
1806	100
1806	100
1806	100
1806	100
1806	100
1809	100
1809	100
1809	100
1809	100
1809	100
1809	100
1809	100
1809	100
1809	100
1809	100
1812	100
1812	100
1812	100
1812	100
1812	100
1812	100
1812	100
1812	100
1812	100
1812	100
1815	100
1815	100
1815	100
1815	100
1815	100
1815	100
1815	100
1815	100
1815	100
1815	100
1818	100
1818	100
1818	100
1818	100
1818	100
1818	100
1818	100
1818	100
1818	100
1818	100
1821	100
1821	100
1821	100
1821	100
1821	100
1821	100
1821	100
1821	100
1821	100
1821	100
1824	100
1824	100
1824	100
1824	100
1824	100
1824	100
1824	100
1824	100
1824	100
1824	100
1827	100
1827	100
1827	100
1827	100
1827	100
1827	100
1827	100
1827	100
1827	100
1827	100
1830	100
1830	100
1830	100
1830	100
1830	100
1830	100
1830	100
1830	100
1830	100
1830	100
1833	100
1833	100
1833	100
1833	100
1833	100
1833	100
1833	100
1833	100
1833	100
1833	100
1836	100
1836	100
1836	100
1836	100
1836	100
1836	100
1836	100
1836	100
1836	100
1836	100
1839	100
1839	100
1839	100
1839	100
1839	100
1839	100
1839	100
1839	100
1839	100
1839	100
1842	100
1842	100
1842	100
1842	100
1842	100
1842	100
1842	100
1842	100
1842	100
1842	100
1845	100
1845	100
1845	100
1845	100
1845	100
1845	100
1845	100
1845	100
1845	100
1845	100
1848	100
1848	100
1848	100
1848	100
1848	100
1848	100
1848	100
1848	100
1848	100
1848	100
1851	100
1851	100
1851	100
1851	100
1851	100
1851	100
1851	100
1851	100
1851	100
1851	100
1854	100
1854	100
1854	100
1854	100
1854	100
1854	100
1854	100
1854	100
1854	100
1854	100
1857	100
1857	100
1857	100
1857	100
1857	100
1857	100
1857	100
1857	100
1857	100
1857	100
1860	100
1860	100
1860	100
1860	100
1860	100
1860	100
1860	100
1860	100
1860	100
1860	100
1863	100
1863	100
1863	100
1863	100
1863	100
1863	100
1863	100
1863	100
1863	100
1863	100
1866	100
1866	100
1866	100
1866	100
1866	100
1866	100
1866	100
1866	100
1866	100
1866	100
1869	100
1869	100
1869	100
1869	100
1869	100
1869	100
1869	100
1869	100
1869	100
1869	100
1872	100
1872	100
1872	100
1872	100
1872	100
1872	100
1872	100
1872	100
1872	100
1872	100
1875	100
1875	100
1875	100
1875	100
1875	100
1875	100
1875	100
1875	100
1875	100
1875	100
1878	100
1878	100
1878	100
1878	100
1878	100
1878	100
1878	100
1878	100
1878	100
1878	100
1881	100
1881	100
1881	100
1881	100
1881	100
1881	100
1881	100
1881	100
1881	100
1881	100
1884	100
1884	100
1884	100
1884	100
1884	100
1884	100
1884	100
1884	100
1884	100
1884	100
1887	100
1887	100
1887	100
1887	100
1887	100
1887	100
1887	100
1887	100
1887	100
1887	100
1890	100
1890	100
1890	100
1890	100
1890	100
1890	100
1890	100
1890	100
1890	100
1890	100
1893	100
1893	100
1893	100
1893	100
1893	100
1893	100
1893	100
1893	100
1893	100
1893	100
1896	100
1896	100
1896	100
1896	100
1896	100
1896	100
1896	100
1896	100
1896	100
1896	100
1899	100
1899	100
1899	100
1899	100
1899	100
1899	100
1899	100
1899	100
1899	100
1899	100
1902	100
1902	100
1902	100
1902	100
1902	100
1902	100
1902	100
1902	100
1902	100
1902	100
1905	100
1905	100
1905	100
1905	100
1905	100
1905	100
1905	100
1905	100
1905	100
1905	100
1908	100
1908	100
1908	100
1908	100
1908	100
1908	100
1908	100
1908	100
1908	100
1908	100
1911	100
1911	100
1911	100
1911	100
1911	100
1911	100
1911	100
1911	100
1911	100
1911	100
1914	100
1914	100
1914	100
1914	100
1914	100
1914	100
1914	100
1914	100
1914	100
1914	100
1917	100
1917	100
1917	100
1917	100
1917	100
1917	100
1917	100
1917	100
1917	100
1917	100
1920	100
1920	100
1920	100
1920	100
1920	100
1920	100
1920	100
1920	100
1920	100
1920	100
1923	100
1923	100
1923	100
1923	100
1923	100
1923	100
1923	100
1923	100
1923	100
1923	100
1926	100
1926	100
1926	100
1926	100
1926	100
1926	100
1926	100
1926	100
1926	100
1926	100
1929	100
1929	100
1929	100
1929	100
1929	100
1929	100
1929	100
1929	100
1929	100
1929	100
1932	100
1932	100
1932	100
1932	100
1932	100
1932	100
1932	100
1932	100
1932	100
1932	100
1935	100
1935	100
1935	100
1935	100
1935	100
1935	100
1935	100
1935	100
1935	100
1935	100
1938	100
1938	100
1938	100
1938	100
1938	100
1938	100
1938	100
1938	100
1938	100
1938	100
1941	100
1941	100
1941	100
1941	100
1941	100
1941	100
1941	100
1941	100
1941	100
1941	100
1944	100
1944	100
1944	100
1944	100
1944	100
1944	100
1944	100
1944	100
1944	100
1944	100
1947	100
1947	100
1947	100
1947	100
1947	100
1947	100
1947	100
1947	100
1947	100
1947	100
1950	100
1950	100
1950	100
1950	100
1950	100
1950	100
1950	100
1950	100
1950	100
1950	100
1953	100
1953	100
1953	100
1953	100
1953	100
1953	100
1953	100
1953	100
1953	100
1953	100
1956	100
1956	100
1956	100
1956	100
1956	100
1956	100
1956	100
1956	100
1956	100
1956	100
1959	100
1959	100
1959	100
1959	100
1959	100
1959	100
1959	100
1959	100
1959	100
1959	100
1962	100
1962	100
1962	100
1962	100
1962	100
1962	100
1962	100
1962	100
1962	100
1962	100
1965	100
1965	100
1965	100
1965	100
1965	100
1965	100
1965	100
1965	100
1965	100
1965	100
1968	100
1968	100
1968	100
1968	100
1968	100
1968	100
1968	100
1968	100
1968	100
1968	100
1971	100
1971	100
1971	100
1971	100
1971	100
1971	100
1971	100
1971	100
1971	100
1971	100
1974	100
1974	100
1974	100
1974	100
1974	100
1974	100
1974	100
1974	100
1974	100
1974	100
1977	100
1977	100
1977	100
1977	100
1977	100
1977	100
1977	100
1977	100
1977	100
1977	100
1980	100
1980	100
1980	100
1980	100
1980	100
1980	100
1980	100
1980	100
1980	100
1980	100
1983	100
1983	100
1983	100
1983	100
1983	100
1983	100
1983	100
1983	100
1983	100
1983	100
1986	100
1986	100
1986	100
1986	100
1986	100
1986	100
1986	100
1986	100
1986	100
1986	100
1989	100
1989	100
1989	100
1989	100
1989	100
1989	100
1989	100
1989	100
1989	100
1989	100
1992	100
1992	100
1992	100
1992	100
1992	100
1992	100
1992	100
1992	100
1992	100
1992	100
1995	100
1995	100
1995	100
1995	100
1995	100
1995	100
1995	100
1995	100
1995	100
1995	100
1998	100
1998	100
1998	100
1998	100
1998	100
1998	100
1998	100
1998	100
1998	100
1998	100
2001	100
2001	100
2001	100
2001	100
2001	100
2001	100
2001	100
2001	100
2001	100
2001	100
2004	100
2004	100
2004	100
2004	100
2004	100
2004	100
2004	100
2004	100
2004	100
2004	100
2007	100
2007	100
2007	100
2007	100
2007	100
2007	100
2007	100
2007	100
2007	100
2007	100
2010	100
2010	100
2010	100
2010	100
2010	100
2010	100
2010	100
2010	100
2010	100
2010	100
2013	100
2013	100
2013	100
2013	100
2013	100
2013	100
2013	100
2013	100
2013	100
2013	100
2016	100
2016	100
2016	100
2016	100
2016	100
2016	100
2016	100
2016	100
2016	100
2016	100
2019	100
2019	100
2019	100
2019	100
2019	100
2019	100
2019	100
2019	100
2019	100
2019	100
2022	100
2022	100
2022	100
2022	100
2022	100
2022	100
2022	100
2022	100
2022	100
2022	100
2025	100
2025	100
2025	100
2025	100
2025	100
2025	100
2025	100
2025	100
2025	100
2025	100
2028	100
2028	100
2028	100
2028	100
2028	100
2028	100
2028	100
2028	100
2028	100
2028	100
2031	100
2031	100
2031	100
2031	100
2031	100
2031	100
2031	100
2031	100
2031	100
2031	100
2034	100
2034	100
2034	100
2034	100
2034	100
2034	100
2034	100
2034	100
2034	100
2034	100
2037	100
2037	100
2037	100
2037	100
2037	100
2037	100
2037	100
2037	100
2037	100
2037	100
2040	100
2040	100
2040	100
2040	100
2040	100
2040	100
2040	100
2040	100
2040	100
2040	100
2043	100
2043	100
2043	100
2043	100
2043	100
2043	100
2043	100
2043	100
2043	100
2043	100
2046	100
2046	100
2046	100
2046	100
2046	100
2046	100
2046	100
2046	100
2046	100
2046	100
2049	100
2049	100
2049	100
2049	100
2049	100
2049	100
2049	100
2049	100
2049	100
2049	100
2052	100
2052	100
2052	100
2052	100
2052	100
2052	100
2052	100
2052	100
2052	100
2052	100
2055	100
2055	100
2055	100
2055	100
2055	100
2055	100
2055	100
2055	100
2055	100
2055	100
2058	100
2058	100
2058	100
2058	100
2058	100
2058	100
2058	100
2058	100
2058	100
2058	100
2061	100
2061	100
2061	100
2061	100
2061	100
2061	100
2061	100
2061	100
2061	100
2061	100
2064	100
2064	100
2064	100
2064	100
2064	100
2064	100
2064	100
2064	100
2064	100
2064	100
2067	100
2067	100
2067	100
2067	100
2067	100
2067	100
2067	100
2067	100
2067	100
2067	100
2070	100
2070	100
2070	100
2070	100
2070	100
2070	100
2070	100
2070	100
2070	100
2070	100
2073	100
2073	100
2073	100
2073	100
2073	100
2073	100
2073	100
2073	100
2073	100
2073	100
2076	100
2076	100
2076	100
2076	100
2076	100
2076	100
2076	100
2076	100
2076	100
2076	100
2079	100
2079	100
2079	100
2079	100
2079	100
2079	100
2079	100
2079	100
2079	100
2079	100
2082	100
2082	100
2082	100
2082	100
2082	100
2082	100
2082	100
2082	100
2082	100
2082	100
2085	100
2085	100
2085	100
2085	100
2085	100
2085	100
2085	100
2085	100
2085	100
2085	100
2088	100
2088	100
2088	100
2088	100
2088	100
2088	100
2088	100
2088	100
2088	100
2088	100
2091	100
2091	100
2091	100
2091	100
2091	100
2091	100
2091	100
2091	100
2091	100
2091	100
2094	100
2094	100
2094	100
2094	100
2094	100
2094	100
2094	100
2094	100
2094	100
2094	100
2097	100
2097	100
2097	100
2097	100
2097	100
2097	100
2097	100
2097	100
2097	100
2097	100
2100	100
2100	100
2100	100
2100	100
2100	100
2100	100
2100	100
2100	100
2100	100
2100	100
2103	100
2103	100
2103	100
2103	100
2103	100
2103	100
2103	100
2103	100
2103	100
2103	100
2106	100
2106	100
2106	100
2106	100
2106	100
2106	100
2106	100
2106	100
2106	100
2106	100
2109	100
2109	100
2109	100
2109	100
2109	100
2109	100
2109	100
2109	100
2109	100
2109	100
2112	100
2112	100
2112	100
2112	100
2112	100
2112	100
2112	100
2112	100
2112	100
2112	100
2115	100
2115	100
2115	100
2115	100
2115	100
2115	100
2115	100
2115	100
2115	100
2115	100
2118	100
2118	100
2118	100
2118	100
2118	100
2118	100
2118	100
2118	100
2118	100
2118	100
2121	100
2121	100
2121	100
2121	100
2121	100
2121	100
2121	100
2121	100
2121	100
2121	100
2124	100
2124	100
2124	100
2124	100
2124	100
2124	100
2124	100
2124	100
2124	100
2124	100
2127	100
2127	100
2127	100
2127	100
2127	100
2127	100
2127	100
2127	100
2127	100
2127	100
2130	100
2130	100
2130	100
2130	100
2130	100
2130	100
2130	100
2130	100
2130	100
2130	100
2133	100
2133	100
2133	100
2133	100
2133	100
2133	100
2133	100
2133	100
2133	100
2133	100
2136	100
2136	100
2136	100
2136	100
2136	100
2136	100
2136	100
2136	100
2136	100
2136	100
2139	100
2139	100
2139	100
2139	100
2139	100
2139	100
2139	100
2139	100
2139	100
2139	100
2142	100
2142	100
2142	100
2142	100
2142	100
2142	100
2142	100
2142	100
2142	100
2142	100
2145	100
2145	100
2145	100
2145	100
2145	100
2145	100
2145	100
2145	100
2145	100
2145	100
2148	100
2148	100
2148	100
2148	100
2148	100
2148	100
2148	100
2148	100
2148	100
2148	100
2151	100
2151	100
2151	100
2151	100
2151	100
2151	100
2151	100
2151	100
2151	100
2151	100
2154	100
2154	100
2154	100
2154	100
2154	100
2154	100
2154	100
2154	100
2154	100
2154	100
2157	100
2157	100
2157	100
2157	100
2157	100
2157	100
2157	100
2157	100
2157	100
2157	100
2160	100
2160	100
2160	100
2160	100
2160	100
2160	100
2160	100
2160	100
2160	100
2160	100
2163	100
2163	100
2163	100
2163	100
2163	100
2163	100
2163	100
2163	100
2163	100
2163	100
2166	100
2166	100
2166	100
2166	100
2166	100
2166	100
2166	100
2166	100
2166	100
2166	100
2169	100
2169	100
2169	100
2169	100
2169	100
2169	100
2169	100
2169	100
2169	100
2169	100
2172	100
2172	100
2172	100
2172	100
2172	100
2172	100
2172	100
2172	100
2172	100
2172	100
2175	100
2175	100
2175	100
2175	100
2175	100
2175	100
2175	100
2175	100
2175	100
2175	100
2178	100
2178	100
2178	100
2178	100
2178	100
2178	100
2178	100
2178	100
2178	100
2178	100
2181	100
2181	100
2181	100
2181	100
2181	100
2181	100
2181	100
2181	100
2181	100
2181	100
2184	100
2184	100
2184	100
2184	100
2184	100
2184	100
2184	100
2184	100
2184	100
2184	100
2187	100
2187	100
2187	100
2187	100
2187	100
2187	100
2187	100
2187	100
2187	100
2187	100
2190	100
2190	100
2190	100
2190	100
2190	100
2190	100
2190	100
2190	100
2190	100
2190	100
2193	100
2193	100
2193	100
2193	100
2193	100
2193	100
2193	100
2193	100
2193	100
2193	100
2196	100
2196	100
2196	100
2196	100
2196	100
2196	100
2196	100
2196	100
2196	100
2196	100
2199	100
2199	100
2199	100
2199	100
2199	100
2199	100
2199	100
2199	100
2199	100
2199	100
2202	100
2202	100
2202	100
2202	100
2202	100
2202	100
2202	100
2202	100
2202	100
2202	100
2205	100
2205	100
2205	100
2205	100
2205	100
2205	100
2205	100
2205	100
2205	100
2205	100
2208	100
2208	100
2208	100
2208	100
2208	100
2208	100
2208	100
2208	100
2208	100
2208	100
2211	100
2211	100
2211	100
2211	100
2211	100
2211	100
2211	100
2211	100
2211	100
2211	100
2214	100
2214	100
2214	100
2214	100
2214	100
2214	100
2214	100
2214	100
2214	100
2214	100
2217	100
2217	100
2217	100
2217	100
2217	100
2217	100
2217	100
2217	100
2217	100
2217	100
2220	100
2220	100
2220	100
2220	100
2220	100
2220	100
2220	100
2220	100
2220	100
2220	100
2223	100
2223	100
2223	100
2223	100
2223	100
2223	100
2223	100
2223	100
2223	100
2223	100
2226	100
2226	100
2226	100
2226	100
2226	100
2226	100
2226	100
2226	100
2226	100
2226	100
2229	100
2229	100
2229	100
2229	100
2229	100
2229	100
2229	100
2229	100
2229	100
2229	100
2232	100
2232	100
2232	100
2232	100
2232	100
2232	100
2232	100
2232	100
2232	100
2232	100
2235	100
2235	100
2235	100
2235	100
2235	100
2235	100
2235	100
2235	100
2235	100
2235	100
2238	100
2238	100
2238	100
2238	100
2238	100
2238	100
2238	100
2238	100
2238	100
2238	100
2241	100
2241	100
2241	100
2241	100
2241	100
2241	100
2241	100
2241	100
2241	100
2241	100
2244	100
2244	100
2244	100
2244	100
2244	100
2244	100
2244	100
2244	100
2244	100
2244	100
2247	100
2247	100
2247	100
2247	100
2247	100
2247	100
2247	100
2247	100
2247	100
2247	100
2250	100
2250	100
2250	100
2250	100
2250	100
2250	100
2250	100
2250	100
2250	100
2250	100
2253	100
2253	100
2253	100
2253	100
2253	100
2253	100
2253	100
2253	100
2253	100
2253	100
2256	100
2256	100
2256	100
2256	100
2256	100
2256	100
2256	100
2256	100
2256	100
2256	100
2259	100
2259	100
2259	100
2259	100
2259	100
2259	100
2259	100
2259	100
2259	100
2259	100
2262	100
2262	100
2262	100
2262	100
2262	100
2262	100
2262	100
2262	100
2262	100
2262	100
2265	100
2265	100
2265	100
2265	100
2265	100
2265	100
2265	100
2265	100
2265	100
2265	100
2268	100
2268	100
2268	100
2268	100
2268	100
2268	100
2268	100
2268	100
2268	100
2268	100
2271	100
2271	100
2271	100
2271	100
2271	100
2271	100
2271	100
2271	100
2271	100
2271	100
2274	100
2274	100
2274	100
2274	100
2274	100
2274	100
2274	100
2274	100
2274	100
2274	100
2277	100
2277	100
2277	100
2277	100
2277	100
2277	100
2277	100
2277	100
2277	100
2277	100
2280	100
2280	100
2280	100
2280	100
2280	100
2280	100
2280	100
2280	100
2280	100
2280	100
2283	100
2283	100
2283	100
2283	100
2283	100
2283	100
2283	100
2283	100
2283	100
2283	100
2286	100
2286	100
2286	100
2286	100
2286	100
2286	100
2286	100
2286	100
2286	100
2286	100
2289	100
2289	100
2289	100
2289	100
2289	100
2289	100
2289	100
2289	100
2289	100
2289	100
2292	100
2292	100
2292	100
2292	100
2292	100
2292	100
2292	100
2292	100
2292	100
2292	100
2295	100
2295	100
2295	100
2295	100
2295	100
2295	100
2295	100
2295	100
2295	100
2295	100
2298	100
2298	100
2298	100
2298	100
2298	100
2298	100
2298	100
2298	100
2298	100
2298	100
2301	100
2301	100
2301	100
2301	100
2301	100
2301	100
2301	100
2301	100
2301	100
2301	100
2304	100
2304	100
2304	100
2304	100
2304	100
2304	100
2304	100
2304	100
2304	100
2304	100
2307	100
2307	100
2307	100
2307	100
2307	100
2307	100
2307	100
2307	100
2307	100
2307	100
2310	100
2310	100
2310	100
2310	100
2310	100
2310	100
2310	100
2310	100
2310	100
2310	100
2313	100
2313	100
2313	100
2313	100
2313	100
2313	100
2313	100
2313	100
2313	100
2313	100
2316	100
2316	100
2316	100
2316	100
2316	100
2316	100
2316	100
2316	100
2316	100
2316	100
2319	100
2319	100
2319	100
2319	100
2319	100
2319	100
2319	100
2319	100
2319	100
2319	100
2322	100
2322	100
2322	100
2322	100
2322	100
2322	100
2322	100
2322	100
2322	100
2322	100
2325	100
2325	100
2325	100
2325	100
2325	100
2325	100
2325	100
2325	100
2325	100
2325	100
2328	100
2328	100
2328	100
2328	100
2328	100
2328	100
2328	100
2328	100
2328	100
2328	100
2331	100
2331	100
2331	100
2331	100
2331	100
2331	100
2331	100
2331	100
2331	100
2331	100
2334	100
2334	100
2334	100
2334	100
2334	100
2334	100
2334	100
2334	100
2334	100
2334	100
2337	100
2337	100
2337	100
2337	100
2337	100
2337	100
2337	100
2337	100
2337	100
2337	100
2340	100
2340	100
2340	100
2340	100
2340	100
2340	100
2340	100
2340	100
2340	100
2340	100
2343	100
2343	100
2343	100
2343	100
2343	100
2343	100
2343	100
2343	100
2343	100
2343	100
2346	100
2346	100
2346	100
2346	100
2346	100
2346	100
2346	100
2346	100
2346	100
2346	100
2349	100
2349	100
2349	100
2349	100
2349	100
2349	100
2349	100
2349	100
2349	100
2349	100
2352	100
2352	100
2352	100
2352	100
2352	100
2352	100
2352	100
2352	100
2352	100
2352	100
2355	100
2355	100
2355	100
2355	100
2355	100
2355	100
2355	100
2355	100
2355	100
2355	100
2358	100
2358	100
2358	100
2358	100
2358	100
2358	100
2358	100
2358	100
2358	100
2358	100
2361	100
2361	100
2361	100
2361	100
2361	100
2361	100
2361	100
2361	100
2361	100
2361	100
2364	100
2364	100
2364	100
2364	100
2364	100
2364	100
2364	100
2364	100
2364	100
2364	100
2367	100
2367	100
2367	100
2367	100
2367	100
2367	100
2367	100
2367	100
2367	100
2367	100
2370	100
2370	100
2370	100
2370	100
2370	100
2370	100
2370	100
2370	100
2370	100
2370	100
2373	100
2373	100
2373	100
2373	100
2373	100
2373	100
2373	100
2373	100
2373	100
2373	100
2376	100
2376	100
2376	100
2376	100
2376	100
2376	100
2376	100
2376	100
2376	100
2376	100
2379	100
2379	100
2379	100
2379	100
2379	100
2379	100
2379	100
2379	100
2379	100
2379	100
2382	100
2382	100
2382	100
2382	100
2382	100
2382	100
2382	100
2382	100
2382	100
2382	100
2385	100
2385	100
2385	100
2385	100
2385	100
2385	100
2385	100
2385	100
2385	100
2385	100
2388	100
2388	100
2388	100
2388	100
2388	100
2388	100
2388	100
2388	100
2388	100
2388	100
2391	100
2391	100
2391	100
2391	100
2391	100
2391	100
2391	100
2391	100
2391	100
2391	100
2394	100
2394	100
2394	100
2394	100
2394	100
2394	100
2394	100
2394	100
2394	100
2394	100
2397	100
2397	100
2397	100
2397	100
2397	100
2397	100
2397	100
2397	100
2397	100
2397	100
2400	100
2400	100
2400	100
2400	100
2400	100
2400	100
2400	100
2400	100
2400	100
2400	100
2403	100
2403	100
2403	100
2403	100
2403	100
2403	100
2403	100
2403	100
2403	100
2403	100
2406	100
2406	100
2406	100
2406	100
2406	100
2406	100
2406	100
2406	100
2406	100
2406	100
2409	100
2409	100
2409	100
2409	100
2409	100
2409	100
2409	100
2409	100
2409	100
2409	100
2412	100
2412	100
2412	100
2412	100
2412	100
2412	100
2412	100
2412	100
2412	100
2412	100
2415	100
2415	100
2415	100
2415	100
2415	100
2415	100
2415	100
2415	100
2415	100
2415	100
2418	100
2418	100
2418	100
2418	100
2418	100
2418	100
2418	100
2418	100
2418	100
2418	100
2421	100
2421	100
2421	100
2421	100
2421	100
2421	100
2421	100
2421	100
2421	100
2421	100
2424	100
2424	100
2424	100
2424	100
2424	100
2424	100
2424	100
2424	100
2424	100
2424	100
2427	100
2427	100
2427	100
2427	100
2427	100
2427	100
2427	100
2427	100
2427	100
2427	100
2430	100
2430	100
2430	100
2430	100
2430	100
2430	100
2430	100
2430	100
2430	100
2430	100
2433	100
2433	100
2433	100
2433	100
2433	100
2433	100
2433	100
2433	100
2433	100
2433	100
2436	100
2436	100
2436	100
2436	100
2436	100
2436	100
2436	100
2436	100
2436	100
2436	100
2439	100
2439	100
2439	100
2439	100
2439	100
2439	100
2439	100
2439	100
2439	100
2439	100
2442	100
2442	100
2442	100
2442	100
2442	100
2442	100
2442	100
2442	100
2442	100
2442	100
2445	100
2445	100
2445	100
2445	100
2445	100
2445	100
2445	100
2445	100
2445	100
2445	100
2448	100
2448	100
2448	100
2448	100
2448	100
2448	100
2448	100
2448	100
2448	100
2448	100
2451	100
2451	100
2451	100
2451	100
2451	100
2451	100
2451	100
2451	100
2451	100
2451	100
2454	100
2454	100
2454	100
2454	100
2454	100
2454	100
2454	100
2454	100
2454	100
2454	100
2457	100
2457	100
2457	100
2457	100
2457	100
2457	100
2457	100
2457	100
2457	100
2457	100
2460	100
2460	100
2460	100
2460	100
2460	100
2460	100
2460	100
2460	100
2460	100
2460	100
2463	100
2463	100
2463	100
2463	100
2463	100
2463	100
2463	100
2463	100
2463	100
2463	100
2466	100
2466	100
2466	100
2466	100
2466	100
2466	100
2466	100
2466	100
2466	100
2466	100
2469	100
2469	100
2469	100
2469	100
2469	100
2469	100
2469	100
2469	100
2469	100
2469	100
2472	100
2472	100
2472	100
2472	100
2472	100
2472	100
2472	100
2472	100
2472	100
2472	100
2475	100
2475	100
2475	100
2475	100
2475	100
2475	100
2475	100
2475	100
2475	100
2475	100
2478	100
2478	100
2478	100
2478	100
2478	100
2478	100
2478	100
2478	100
2478	100
2478	100
2481	100
2481	100
2481	100
2481	100
2481	100
2481	100
2481	100
2481	100
2481	100
2481	100
2484	100
2484	100
2484	100
2484	100
2484	100
2484	100
2484	100
2484	100
2484	100
2484	100
2487	100
2487	100
2487	100
2487	100
2487	100
2487	100
2487	100
2487	100
2487	100
2487	100
2490	100
2490	100
2490	100
2490	100
2490	100
2490	100
2490	100
2490	100
2490	100
2490	100
2493	100
2493	100
2493	100
2493	100
2493	100
2493	100
2493	100
2493	100
2493	100
2493	100
2496	100
2496	100
2496	100
2496	100
2496	100
2496	100
2496	100
2496	100
2496	100
2496	100
2499	100
2499	100
2499	100
2499	100
2499	100
2499	100
2499	100
2499	100
2499	100
2499	100
2502	100
2502	100
2502	100
2502	100
2502	100
2502	100
2502	100
2502	100
2502	100
2502	100
2505	100
2505	100
2505	100
2505	100
2505	100
2505	100
2505	100
2505	100
2505	100
2505	100
2508	100
2508	100
2508	100
2508	100
2508	100
2508	100
2508	100
2508	100
2508	100
2508	100
2511	100
2511	100
2511	100
2511	100
2511	100
2511	100
2511	100
2511	100
2511	100
2511	100
2514	100
2514	100
2514	100
2514	100
2514	100
2514	100
2514	100
2514	100
2514	100
2514	100
2517	100
2517	100
2517	100
2517	100
2517	100
2517	100
2517	100
2517	100
2517	100
2517	100
2520	100
2520	100
2520	100
2520	100
2520	100
2520	100
2520	100
2520	100
2520	100
2520	100
2523	100
2523	100
2523	100
2523	100
2523	100
2523	100
2523	100
2523	100
2523	100
2523	100
2526	100
2526	100
2526	100
2526	100
2526	100
2526	100
2526	100
2526	100
2526	100
2526	100
2529	100
2529	100
2529	100
2529	100
2529	100
2529	100
2529	100
2529	100
2529	100
2529	100
2532	100
2532	100
2532	100
2532	100
2532	100
2532	100
2532	100
2532	100
2532	100
2532	100
2535	100
2535	100
2535	100
2535	100
2535	100
2535	100
2535	100
2535	100
2535	100
2535	100
2538	100
2538	100
2538	100
2538	100
2538	100
2538	100
2538	100
2538	100
2538	100
2538	100
2541	100
2541	100
2541	100
2541	100
2541	100
2541	100
2541	100
2541	100
2541	100
2541	100
2544	100
2544	100
2544	100
2544	100
2544	100
2544	100
2544	100
2544	100
2544	100
2544	100
2547	100
2547	100
2547	100
2547	100
2547	100
2547	100
2547	100
2547	100
2547	100
2547	100
2550	100
2550	100
2550	100
2550	100
2550	100
2550	100
2550	100
2550	100
2550	100
2550	100
2553	100
2553	100
2553	100
2553	100
2553	100
2553	100
2553	100
2553	100
2553	100
2553	100
2556	100
2556	100
2556	100
2556	100
2556	100
2556	100
2556	100
2556	100
2556	100
2556	100
2559	100
2559	100
2559	100
2559	100
2559	100
2559	100
2559	100
2559	100
2559	100
2559	100
2562	100
2562	100
2562	100
2562	100
2562	100
2562	100
2562	100
2562	100
2562	100
2562	100
2565	100
2565	100
2565	100
2565	100
2565	100
2565	100
2565	100
2565	100
2565	100
2565	100
2568	100
2568	100
2568	100
2568	100
2568	100
2568	100
2568	100
2568	100
2568	100
2568	100
2571	100
2571	100
2571	100
2571	100
2571	100
2571	100
2571	100
2571	100
2571	100
2571	100
2574	100
2574	100
2574	100
2574	100
2574	100
2574	100
2574	100
2574	100
2574	100
2574	100
2577	100
2577	100
2577	100
2577	100
2577	100
2577	100
2577	100
2577	100
2577	100
2577	100
2580	100
2580	100
2580	100
2580	100
2580	100
2580	100
2580	100
2580	100
2580	100
2580	100
2583	100
2583	100
2583	100
2583	100
2583	100
2583	100
2583	100
2583	100
2583	100
2583	100
2586	100
2586	100
2586	100
2586	100
2586	100
2586	100
2586	100
2586	100
2586	100
2586	100
2589	100
2589	100
2589	100
2589	100
2589	100
2589	100
2589	100
2589	100
2589	100
2589	100
2592	100
2592	100
2592	100
2592	100
2592	100
2592	100
2592	100
2592	100
2592	100
2592	100
2595	100
2595	100
2595	100
2595	100
2595	100
2595	100
2595	100
2595	100
2595	100
2595	100
2598	100
2598	100
2598	100
2598	100
2598	100
2598	100
2598	100
2598	100
2598	100
2598	100
2601	100
2601	100
2601	100
2601	100
2601	100
2601	100
2601	100
2601	100
2601	100
2601	100
2604	100
2604	100
2604	100
2604	100
2604	100
2604	100
2604	100
2604	100
2604	100
2604	100
2607	100
2607	100
2607	100
2607	100
2607	100
2607	100
2607	100
2607	100
2607	100
2607	100
2610	100
2610	100
2610	100
2610	100
2610	100
2610	100
2610	100
2610	100
2610	100
2610	100
2613	100
2613	100
2613	100
2613	100
2613	100
2613	100
2613	100
2613	100
2613	100
2613	100
2616	100
2616	100
2616	100
2616	100
2616	100
2616	100
2616	100
2616	100
2616	100
2616	100
2619	100
2619	100
2619	100
2619	100
2619	100
2619	100
2619	100
2619	100
2619	100
2619	100
2622	100
2622	100
2622	100
2622	100
2622	100
2622	100
2622	100
2622	100
2622	100
2622	100
2625	100
2625	100
2625	100
2625	100
2625	100
2625	100
2625	100
2625	100
2625	100
2625	100
2628	100
2628	100
2628	100
2628	100
2628	100
2628	100
2628	100
2628	100
2628	100
2628	100
2631	100
2631	100
2631	100
2631	100
2631	100
2631	100
2631	100
2631	100
2631	100
2631	100
2634	100
2634	100
2634	100
2634	100
2634	100
2634	100
2634	100
2634	100
2634	100
2634	100
2637	100
2637	100
2637	100
2637	100
2637	100
2637	100
2637	100
2637	100
2637	100
2637	100
2640	100
2640	100
2640	100
2640	100
2640	100
2640	100
2640	100
2640	100
2640	100
2640	100
2643	100
2643	100
2643	100
2643	100
2643	100
2643	100
2643	100
2643	100
2643	100
2643	100
2646	100
2646	100
2646	100
2646	100
2646	100
2646	100
2646	100
2646	100
2646	100
2646	100
2649	100
2649	100
2649	100
2649	100
2649	100
2649	100
2649	100
2649	100
2649	100
2649	100
2652	100
2652	100
2652	100
2652	100
2652	100
2652	100
2652	100
2652	100
2652	100
2652	100
2655	100
2655	100
2655	100
2655	100
2655	100
2655	100
2655	100
2655	100
2655	100
2655	100
2658	100
2658	100
2658	100
2658	100
2658	100
2658	100
2658	100
2658	100
2658	100
2658	100
2661	100
2661	100
2661	100
2661	100
2661	100
2661	100
2661	100
2661	100
2661	100
2661	100
2664	100
2664	100
2664	100
2664	100
2664	100
2664	100
2664	100
2664	100
2664	100
2664	100
2667	100
2667	100
2667	100
2667	100
2667	100
2667	100
2667	100
2667	100
2667	100
2667	100
2670	100
2670	100
2670	100
2670	100
2670	100
2670	100
2670	100
2670	100
2670	100
2670	100
2673	100
2673	100
2673	100
2673	100
2673	100
2673	100
2673	100
2673	100
2673	100
2673	100
2676	100
2676	100
2676	100
2676	100
2676	100
2676	100
2676	100
2676	100
2676	100
2676	100
2679	100
2679	100
2679	100
2679	100
2679	100
2679	100
2679	100
2679	100
2679	100
2679	100
2682	100
2682	100
2682	100
2682	100
2682	100
2682	100
2682	100
2682	100
2682	100
2682	100
2685	100
2685	100
2685	100
2685	100
2685	100
2685	100
2685	100
2685	100
2685	100
2685	100
2688	100
2688	100
2688	100
2688	100
2688	100
2688	100
2688	100
2688	100
2688	100
2688	100
2691	100
2691	100
2691	100
2691	100
2691	100
2691	100
2691	100
2691	100
2691	100
2691	100
2694	100
2694	100
2694	100
2694	100
2694	100
2694	100
2694	100
2694	100
2694	100
2694	100
2697	100
2697	100
2697	100
2697	100
2697	100
2697	100
2697	100
2697	100
2697	100
2697	100
2700	100
2700	100
2700	100
2700	100
2700	100
2700	100
2700	100
2700	100
2700	100
2700	100
2703	100
2703	100
2703	100
2703	100
2703	100
2703	100
2703	100
2703	100
2703	100
2703	100
2706	100
2706	100
2706	100
2706	100
2706	100
2706	100
2706	100
2706	100
2706	100
2706	100
2709	100
2709	100
2709	100
2709	100
2709	100
2709	100
2709	100
2709	100
2709	100
2709	100
2712	100
2712	100
2712	100
2712	100
2712	100
2712	100
2712	100
2712	100
2712	100
2712	100
2715	100
2715	100
2715	100
2715	100
2715	100
2715	100
2715	100
2715	100
2715	100
2715	100
2718	100
2718	100
2718	100
2718	100
2718	100
2718	100
2718	100
2718	100
2718	100
2718	100
2721	100
2721	100
2721	100
2721	100
2721	100
2721	100
2721	100
2721	100
2721	100
2721	100
2724	100
2724	100
2724	100
2724	100
2724	100
2724	100
2724	100
2724	100
2724	100
2724	100
2727	100
2727	100
2727	100
2727	100
2727	100
2727	100
2727	100
2727	100
2727	100
2727	100
2730	100
2730	100
2730	100
2730	100
2730	100
2730	100
2730	100
2730	100
2730	100
2730	100
2733	100
2733	100
2733	100
2733	100
2733	100
2733	100
2733	100
2733	100
2733	100
2733	100
2736	100
2736	100
2736	100
2736	100
2736	100
2736	100
2736	100
2736	100
2736	100
2736	100
2739	100
2739	100
2739	100
2739	100
2739	100
2739	100
2739	100
2739	100
2739	100
2739	100
2742	100
2742	100
2742	100
2742	100
2742	100
2742	100
2742	100
2742	100
2742	100
2742	100
2745	100
2745	100
2745	100
2745	100
2745	100
2745	100
2745	100
2745	100
2745	100
2745	100
2748	100
2748	100
2748	100
2748	100
2748	100
2748	100
2748	100
2748	100
2748	100
2748	100
2751	100
2751	100
2751	100
2751	100
2751	100
2751	100
2751	100
2751	100
2751	100
2751	100
2754	100
2754	100
2754	100
2754	100
2754	100
2754	100
2754	100
2754	100
2754	100
2754	100
2757	100
2757	100
2757	100
2757	100
2757	100
2757	100
2757	100
2757	100
2757	100
2757	100
2760	100
2760	100
2760	100
2760	100
2760	100
2760	100
2760	100
2760	100
2760	100
2760	100
2763	100
2763	100
2763	100
2763	100
2763	100
2763	100
2763	100
2763	100
2763	100
2763	100
2766	100
2766	100
2766	100
2766	100
2766	100
2766	100
2766	100
2766	100
2766	100
2766	100
2769	100
2769	100
2769	100
2769	100
2769	100
2769	100
2769	100
2769	100
2769	100
2769	100
2772	100
2772	100
2772	100
2772	100
2772	100
2772	100
2772	100
2772	100
2772	100
2772	100
2775	100
2775	100
2775	100
2775	100
2775	100
2775	100
2775	100
2775	100
2775	100
2775	100
2778	100
2778	100
2778	100
2778	100
2778	100
2778	100
2778	100
2778	100
2778	100
2778	100
2781	100
2781	100
2781	100
2781	100
2781	100
2781	100
2781	100
2781	100
2781	100
2781	100
2784	100
2784	100
2784	100
2784	100
2784	100
2784	100
2784	100
2784	100
2784	100
2784	100
2787	100
2787	100
2787	100
2787	100
2787	100
2787	100
2787	100
2787	100
2787	100
2787	100
2790	100
2790	100
2790	100
2790	100
2790	100
2790	100
2790	100
2790	100
2790	100
2790	100
2793	100
2793	100
2793	100
2793	100
2793	100
2793	100
2793	100
2793	100
2793	100
2793	100
2796	100
2796	100
2796	100
2796	100
2796	100
2796	100
2796	100
2796	100
2796	100
2796	100
2799	100
2799	100
2799	100
2799	100
2799	100
2799	100
2799	100
2799	100
2799	100
2799	100
2802	100
2802	100
2802	100
2802	100
2802	100
2802	100
2802	100
2802	100
2802	100
2802	100
2805	100
2805	100
2805	100
2805	100
2805	100
2805	100
2805	100
2805	100
2805	100
2805	100
2808	100
2808	100
2808	100
2808	100
2808	100
2808	100
2808	100
2808	100
2808	100
2808	100
2811	100
2811	100
2811	100
2811	100
2811	100
2811	100
2811	100
2811	100
2811	100
2811	100
2814	100
2814	100
2814	100
2814	100
2814	100
2814	100
2814	100
2814	100
2814	100
2814	100
2817	100
2817	100
2817	100
2817	100
2817	100
2817	100
2817	100
2817	100
2817	100
2817	100
2820	100
2820	100
2820	100
2820	100
2820	100
2820	100
2820	100
2820	100
2820	100
2820	100
2823	100
2823	100
2823	100
2823	100
2823	100
2823	100
2823	100
2823	100
2823	100
2823	100
2826	100
2826	100
2826	100
2826	100
2826	100
2826	100
2826	100
2826	100
2826	100
2826	100
2829	100
2829	100
2829	100
2829	100
2829	100
2829	100
2829	100
2829	100
2829	100
2829	100
2832	100
2832	100
2832	100
2832	100
2832	100
2832	100
2832	100
2832	100
2832	100
2832	100
2835	100
2835	100
2835	100
2835	100
2835	100
2835	100
2835	100
2835	100
2835	100
2835	100
2838	100
2838	100
2838	100
2838	100
2838	100
2838	100
2838	100
2838	100
2838	100
2838	100
2841	100
2841	100
2841	100
2841	100
2841	100
2841	100
2841	100
2841	100
2841	100
2841	100
2844	100
2844	100
2844	100
2844	100
2844	100
2844	100
2844	100
2844	100
2844	100
2844	100
2847	100
2847	100
2847	100
2847	100
2847	100
2847	100
2847	100
2847	100
2847	100
2847	100
2850	100
2850	100
2850	100
2850	100
2850	100
2850	100
2850	100
2850	100
2850	100
2850	100
2853	100
2853	100
2853	100
2853	100
2853	100
2853	100
2853	100
2853	100
2853	100
2853	100
2856	100
2856	100
2856	100
2856	100
2856	100
2856	100
2856	100
2856	100
2856	100
2856	100
2859	100
2859	100
2859	100
2859	100
2859	100
2859	100
2859	100
2859	100
2859	100
2859	100
2862	100
2862	100
2862	100
2862	100
2862	100
2862	100
2862	100
2862	100
2862	100
2862	100
2865	100
2865	100
2865	100
2865	100
2865	100
2865	100
2865	100
2865	100
2865	100
2865	100
2868	100
2868	100
2868	100
2868	100
2868	100
2868	100
2868	100
2868	100
2868	100
2868	100
2871	100
2871	100
2871	100
2871	100
2871	100
2871	100
2871	100
2871	100
2871	100
2871	100
2874	100
2874	100
2874	100
2874	100
2874	100
2874	100
2874	100
2874	100
2874	100
2874	100
2877	100
2877	100
2877	100
2877	100
2877	100
2877	100
2877	100
2877	100
2877	100
2877	100
2880	100
2880	100
2880	100
2880	100
2880	100
2880	100
2880	100
2880	100
2880	100
2880	100
2883	100
2883	100
2883	100
2883	100
2883	100
2883	100
2883	100
2883	100
2883	100
2883	100
2886	100
2886	100
2886	100
2886	100
2886	100
2886	100
2886	100
2886	100
2886	100
2886	100
2889	100
2889	100
2889	100
2889	100
2889	100
2889	100
2889	100
2889	100
2889	100
2889	100
2892	100
2892	100
2892	100
2892	100
2892	100
2892	100
2892	100
2892	100
2892	100
2892	100
2895	100
2895	100
2895	100
2895	100
2895	100
2895	100
2895	100
2895	100
2895	100
2895	100
2898	100
2898	100
2898	100
2898	100
2898	100
2898	100
2898	100
2898	100
2898	100
2898	100
2901	100
2901	100
2901	100
2901	100
2901	100
2901	100
2901	100
2901	100
2901	100
2901	100
2904	100
2904	100
2904	100
2904	100
2904	100
2904	100
2904	100
2904	100
2904	100
2904	100
2907	100
2907	100
2907	100
2907	100
2907	100
2907	100
2907	100
2907	100
2907	100
2907	100
2910	100
2910	100
2910	100
2910	100
2910	100
2910	100
2910	100
2910	100
2910	100
2910	100
2913	100
2913	100
2913	100
2913	100
2913	100
2913	100
2913	100
2913	100
2913	100
2913	100
2916	100
2916	100
2916	100
2916	100
2916	100
2916	100
2916	100
2916	100
2916	100
2916	100
2919	100
2919	100
2919	100
2919	100
2919	100
2919	100
2919	100
2919	100
2919	100
2919	100
2922	100
2922	100
2922	100
2922	100
2922	100
2922	100
2922	100
2922	100
2922	100
2922	100
2925	100
2925	100
2925	100
2925	100
2925	100
2925	100
2925	100
2925	100
2925	100
2925	100
2928	100
2928	100
2928	100
2928	100
2928	100
2928	100
2928	100
2928	100
2928	100
2928	100
2931	100
2931	100
2931	100
2931	100
2931	100
2931	100
2931	100
2931	100
2931	100
2931	100
2934	100
2934	100
2934	100
2934	100
2934	100
2934	100
2934	100
2934	100
2934	100
2934	100
2937	100
2937	100
2937	100
2937	100
2937	100
2937	100
2937	100
2937	100
2937	100
2937	100
2940	100
2940	100
2940	100
2940	100
2940	100
2940	100
2940	100
2940	100
2940	100
2940	100
2943	100
2943	100
2943	100
2943	100
2943	100
2943	100
2943	100
2943	100
2943	100
2943	100
2946	100
2946	100
2946	100
2946	100
2946	100
2946	100
2946	100
2946	100
2946	100
2946	100
2949	100
2949	100
2949	100
2949	100
2949	100
2949	100
2949	100
2949	100
2949	100
2949	100
2952	100
2952	100
2952	100
2952	100
2952	100
2952	100
2952	100
2952	100
2952	100
2952	100
2955	100
2955	100
2955	100
2955	100
2955	100
2955	100
2955	100
2955	100
2955	100
2955	100
2958	100
2958	100
2958	100
2958	100
2958	100
2958	100
2958	100
2958	100
2958	100
2958	100
2961	100
2961	100
2961	100
2961	100
2961	100
2961	100
2961	100
2961	100
2961	100
2961	100
2964	100
2964	100
2964	100
2964	100
2964	100
2964	100
2964	100
2964	100
2964	100
2964	100
2967	100
2967	100
2967	100
2967	100
2967	100
2967	100
2967	100
2967	100
2967	100
2967	100
2970	100
2970	100
2970	100
2970	100
2970	100
2970	100
2970	100
2970	100
2970	100
2970	100
2973	100
2973	100
2973	100
2973	100
2973	100
2973	100
2973	100
2973	100
2973	100
2973	100
2976	100
2976	100
2976	100
2976	100
2976	100
2976	100
2976	100
2976	100
2976	100
2976	100
2979	100
2979	100
2979	100
2979	100
2979	100
2979	100
2979	100
2979	100
2979	100
2979	100
2982	100
2982	100
2982	100
2982	100
2982	100
2982	100
2982	100
2982	100
2982	100
2982	100
2985	100
2985	100
2985	100
2985	100
2985	100
2985	100
2985	100
2985	100
2985	100
2985	100
2988	100
2988	100
2988	100
2988	100
2988	100
2988	100
2988	100
2988	100
2988	100
2988	100
2991	100
2991	100
2991	100
2991	100
2991	100
2991	100
2991	100
2991	100
2991	100
2991	100
2994	100
2994	100
2994	100
2994	100
2994	100
2994	100
2994	100
2994	100
2994	100
2994	100
2997	100
2997	100
2997	100
2997	100
2997	100
2997	100
2997	100
2997	100
2997	100
2997	100
3000	100
3000	100
3000	100
3000	100
3000	100
3000	100
3000	100
3000	100
3000	100
3000	100
